Queue Len,Qstat Response Time,Qsub Resposne Time,Sleep Job Throughput,Big Job Expansion Ratio
0,0.003665173707766912,0.0036927734869084032,149.07185348011808,1.0056036484407134
100,0.004192320429767229,0.004414981468845026,186.6725410195753,1.006586680789344
200,0.0048347929302686435,0.005144732815341109,226.56380031039316,1.0073594284547922
300,0.005395026190757562,0.0059734716585116004,273.0824616622522,1.0081508085807283
400,0.005890219851822902,0.006720579056614356,319.6156121611401,1.0086244621420337
500,0.00655077168665731,0.007553166479543271,359.2856762845787,1.0090989750838848
600,0.007239100253852845,0.008062770366756532,398.6838441736319,1.0100332100170528
700,0.0077725380887167595,0.008708769762946067,440.0423774668919,1.0107203950770143
800,0.008480397220822316,0.009248289514384767,484.05667661020243,1.01144494607603
900,0.009041614612649691,0.00982526355591771,530.1717407288188,1.0124310744539013
1000,0.00955604923632606,0.010586891578758117,569.4684290253834,1.0129107415716936
1100,0.01021240717803066,0.011411035856125797,611.096659546369,1.0133932338899656
1200,0.010853257901484219,0.012099328882050744,652.548251186905,1.0138997512233634
1300,0.011506598189638494,0.01264586094511734,697.9913273572652,1.0148556076412758
1400,0.012145911733118218,0.013175329660600081,744.0040373839178,1.0153828358059105
1500,0.01282227588009462,0.013691836723681825,786.7662904681724,1.0160105790618235
1600,0.013527176281234697,0.01430548070347691,833.0766329939922,1.0164375002559494
1700,0.01415182899378628,0.014998203828827444,878.8542788843384,1.016869479995631
1800,0.014858130639712442,0.015837598166606882,920.6542695993273,1.0173698391655421
1900,0.015523352151415582,0.01662638594685141,960.1735728574695,1.0180458570260267
2000,0.01615345027271705,0.017384082976380527,999.3756179170787,1.0190320069905647
2100,0.01684475946356746,0.01793177104097784,1045.866888875295,1.0200361809527176
2200,0.01744829370606474,0.018403032515317688,1087.79877146872,1.0206549525012951
2300,0.018136602136429338,0.019122140970485323,1128.1059364905507,1.0214433017250382
2400,0.018801796504148493,0.019653087619828674,1170.2479214297928,1.022386197402935
2500,0.019297411449298377,0.020158010962998102,1211.2439454520306,1.0229782069698883
2600,0.019880081876036126,0.02080890711050922,1256.4572305913832,1.0239562148381602
2700,0.02057048128911257,0.021624544611565606,1297.9366004325918,1.02453326061525
2800,0.021233915331072713,0.022270889938101376,1342.364900731406,1.0255288046522886
2900,0.021729800015775978,0.022914434105229062,1386.3028483426262,1.0262835169415785
3000,0.02225127306286106,0.02340265541882095,1429.6914554056154,1.0268333735717345
3100,0.022768418453466666,0.02398353924894034,1471.1482626667876,1.0275158934972957
3200,0.023408523664639767,0.024788275798245323,1508.5339818597945,1.0280506068485191
3300,0.02409050120397097,0.025388020690654614,1549.1834532607,1.0286962429204634
3400,0.02475931322340217,0.026167367552122497,1591.018517484428,1.0294369187090138
3500,0.025312092744877057,0.026786061639633783,1630.684078145814,1.030204650119583
3600,0.025959806884581937,0.02758536069237314,1674.1069535468685,1.031084737096737
3700,0.026608363198544198,0.02838848359457332,1712.5636544641773,1.031668553903819
3800,0.027292443750941937,0.029204386754939287,1750.1726597483262,1.0321684502507111
3900,0.027919384743835273,0.02976375518908026,1792.3842609540097,1.0329855071513427
4000,0.028516187515324778,0.030212493130991856,1834.6085557566855,1.0339914216700128
4100,0.029177234245497508,0.030850299254121635,1873.1792523425445,1.0349154351222678
4200,0.029747928896602722,0.03137871612119301,1913.1328527535472,1.0353628308265912
4300,0.03030313479878254,0.03199215099252065,1958.4106337217527,1.0362695936654502
4400,0.03093206240790238,0.032640250622353935,2002.5839803916133,1.0367134483852558
4500,0.0314547332885005,0.033467547646435974,2046.6452211253334,1.0373172623017273
4600,0.032048436206573404,0.034214006430197764,2091.2700344926284,1.0382335429472649
4700,0.032621113299659193,0.03496982677694154,2130.141338162494,1.0386924367629493
4800,0.03332027969163191,0.035580869617242765,2172.5927144947805,1.0395987784933018
4900,0.03399275964078475,0.03615343915398927,2211.489472985665,1.0400974196858817
5000,0.034508917750432626,0.036982228396053446,2250.095577617156,1.0407404356625214
5100,0.035139705315170564,0.037487423563968066,2288.2831821334767,1.0414719130242158
5200,0.035841788991593994,0.03826518999454575,2328.7826883284847,1.042198711443735
5300,0.036485824048585996,0.03908994518656797,2373.8770678798073,1.042637445714531
5400,0.037088922739388366,0.03954509897883469,2414.2816472548243,1.0430990293068494
5500,0.037764849703136434,0.04037839318734953,2459.523132456681,1.0440283682337115
5600,0.03844211462573302,0.04099926272629899,2505.45692762323,1.0449340078628484
5700,0.03914669166811563,0.04178781220058519,2543.228764528198,1.0456935636534685
5800,0.0396857955989021,0.04230624797148636,2581.400177183356,1.0463708217784733
5900,0.04018512874318481,0.042837811968554136,2623.296031623809,1.0469610993062757
6000,0.0408600921309333,0.04333706896237209,2664.3058427853334,1.047896489851332
6100,0.041520612758866926,0.04401827077200594,2703.037786826427,1.0485826524558173
6200,0.04207376309585417,0.0448337572213559,2745.6518932368645,1.0492042548128375
6300,0.042772815611177295,0.0456001367931928,2784.010717695302,1.0499781357118454
6400,0.04332686562391964,0.04642263040300846,2822.531743114714,1.050871086032955
6500,0.04402122443198653,0.04722780728794045,2865.2578623812683,1.0514556500605805
6600,0.0445279071037602,0.04790617210192289,2903.3533250721393,1.0521351498003664
6700,0.04504032890803341,0.04847607182969642,2942.2365993354388,1.053063912836438
6800,0.045545141489272696,0.049200913546498526,2979.7166745851864,1.0539394653949536
6900,0.04624617681574324,0.05002011721716618,3020.7159305999085,1.0549085755822272
7000,0.04688410457822798,0.05064257901931635,3062.6540519504397,1.0555145586142058
7100,0.04755410485486573,0.05146161822093707,3100.2844796091167,1.0562590009282955
7200,0.048152178410159084,0.05215861040384561,3141.5456771045533,1.0568570171255263
7300,0.048666507774307144,0.052934183792070925,3179.826536637623,1.0578557715147041
7400,0.049197659165698994,0.05365029424246699,3224.2441735819903,1.058825028598899
7500,0.049848712039866294,0.05436526851582765,3267.75316319143,1.0595283386377523
7600,0.050342069137684096,0.055162733673256574,3314.069339756712,1.0600445466147548
7700,0.05099907012121615,0.05561526360408021,3354.005032435034,1.0605811046914888
7800,0.05154379826719774,0.056061587909910005,3391.858826761684,1.0610805490753277
7900,0.052170525674683985,0.0567104311716236,3434.7221616917755,1.061508529568011
8000,0.0527119655367484,0.057391037962532636,3475.7218368249855,1.0620621379366382
8100,0.05333606566194832,0.05789715673590697,3518.7654922338816,1.0628703147671532
8200,0.053881704375127334,0.05835122477620015,3565.3671602707773,1.063686509007644
8300,0.054526325066602016,0.05899172525125218,3609.899558975636,1.064621305832573
8400,0.05519077352155306,0.05952687814144514,3650.3206386924985,1.0652255979322935
8500,0.05571274293777597,0.060106031003740394,3687.979876416161,1.0661944034773942
8600,0.05638958442262797,0.06055968536304977,3733.659941775167,1.066759537363133
8700,0.056908123662910426,0.061173472248027175,3776.7598806554124,1.0674775813314457
8800,0.0574939678075248,0.062020186490430694,3819.0358558948,1.068205399347469
8900,0.058121050511779765,0.06265446630903501,3862.870275253632,1.0686474430578312
9000,0.05862552543920079,0.06311798366193883,3902.60152492055,1.069300797897595
9100,0.059223384151443,0.06384218413288269,3948.927247765632,1.0700347503404088
9200,0.05984836713155468,0.06457232025710624,3995.533048475617,1.0706077689056341
9300,0.06049573227574454,0.06527814453256447,4039.58172634103,1.0715939319630496
9400,0.061124095432889394,0.06594246295675302,4084.186200266082,1.0723117103105884
9500,0.061724936847591255,0.06671924926221966,4129.711563529513,1.0731688687860075
9600,0.06230495904789678,0.06728820163284824,4172.30990846459,1.0741017839461784
9700,0.06297401082878913,0.0678671637259913,4214.601122474615,1.0750496960775717
9800,0.0635440166074283,0.0685388755081528,4258.122561857292,1.0759651312524383
9900,0.06420392249577249,0.06933070309808056,4301.310633832487,1.0767227212711081
10000,0.06473200421561251,0.06984432103644332,4345.369556295697,1.0776110975925883
10100,0.06534275825387216,0.07028561184590497,4390.450031387751,1.0784753563777905
10200,0.06589270452461263,0.07109030303073147,4431.742844532851,1.0793830101802526
10300,0.06643231578792928,0.07180454960681856,4478.174936593499,1.0799048070702704
10400,0.06712525495968273,0.07229935148604884,4521.452423225126,1.0806884825529126
10500,0.06764971284149805,0.07305306235382658,4562.789910688862,1.0812210889963934
10600,0.06832476026750456,0.07382771691846106,4600.584515585393,1.0819944861432158
10700,0.0689649129079049,0.07453130060000124,4645.548348335224,1.082837568278028
10800,0.06958456059905278,0.07501106474695203,4683.23933259538,1.0834777684493169
10900,0.07015896193739453,0.07547535209300217,4727.67125712613,1.0841951533956184
11000,0.07080183026446783,0.07604625366502196,4773.582187236095,1.0848864195063324
11100,0.07138012267538751,0.07689353609382539,4813.878461571167,1.0856601810970672
11200,0.0720646482296377,0.07750024504856959,4857.482518614077,1.086458999837191
11300,0.0726086203645303,0.07830959338464097,4899.093520202426,1.0873099385561913
11400,0.07319604157349775,0.07892029213175847,4945.127430334954,1.0882171761491446
11500,0.0736938227105533,0.07954145430696596,4985.548755703603,1.0887482357665426
11600,0.07437232055618771,0.08011641930968957,5022.972169693849,1.0891762249971892
11700,0.07489961952403139,0.08098036673128446,5068.649354475146,1.0900644531717112
11800,0.07550846875172905,0.08168613023457291,5114.119310263264,1.091005110754671
11900,0.07611892553899025,0.08233594465897187,5153.51378056561,1.0919648451931965
12000,0.07677734905867989,0.08283313420390699,5197.147611450723,1.0928971350975463
12100,0.07747755527788672,0.08354468446948936,5238.100240796563,1.0936319723535994
12200,0.07802788839033253,0.0840850470158431,5282.274666276957,1.0945988687799266
12300,0.07870584787105513,0.08481823184846196,5320.48919749965,1.095467826802419
12400,0.07921656769769751,0.08555313423356364,5364.922912211249,1.0961767264482127
12500,0.07980442602944327,0.08634449865467353,5403.601387072075,1.0966846152629004
12600,0.08042563781319133,0.0871764436905408,5448.844779447409,1.0973947765629049
12700,0.0810597585644344,0.08791231365817197,5486.541409012477,1.0982989671930983
12800,0.08155323960069627,0.08837002716923599,5524.263479697105,1.0992466550612643
12900,0.08223862255937542,0.08893049102716079,5562.683269391628,1.100110270460729
13000,0.08285837365634821,0.08971040300378043,5608.878868751239,1.101021831388192
13100,0.08345040429146701,0.09051671680616642,5650.377141031486,1.101724382489616
13200,0.08412718410427439,0.09115985884072994,5690.073815956083,1.1026663685198288
13300,0.08481359146692805,0.09173691523061006,5733.343321540251,1.1033063421320093
13400,0.08545449634703327,0.09252918775066507,5774.938187818167,1.1038586201651255
13500,0.08615240304078188,0.09325491280712586,5812.558834402443,1.1044909067627917
13600,0.08676321586233525,0.0938262804008921,5854.188890721786,1.1052239848467127
13700,0.08742321593602695,0.09445887445794085,5898.353474893087,1.105997527859127
13800,0.0879855528260139,0.09527492135749754,5939.441096717973,1.106733765051135
13900,0.08864424488541368,0.09577919369910955,5977.5338284986165,1.1075261502254767
14000,0.08923835333388909,0.09657124355221862,6019.268638219786,1.108015565089025
14100,0.08975563837518703,0.09721666081939213,6064.044226923477,1.1088357547451304
14200,0.0903367733544509,0.09800998400913269,6102.520590220517,1.1092549341673201
14300,0.09098916981212932,0.09866481943690124,6148.285438173726,1.1096690363060249
14400,0.09157819559871011,0.09928396114455088,6192.74734465212,1.1103587345135135
14500,0.09220971207282617,0.09994491964442502,6230.6300157010255,1.1112578767359222
14600,0.09291425553331081,0.1004746323548666,6269.561112897853,1.1119926162644729
14700,0.0934246776648362,0.10110993611170566,6314.714040116049,1.112648182335955
14800,0.09406374276010325,0.1018570608590744,6355.410454663601,1.1132518001621423
14900,0.09458380870575159,0.10265270248027225,6401.013334180133,1.1140269948461365
15000,0.09517278263537571,0.10333420378314097,6440.742869018957,1.1145771240023528
15100,0.0958554169046337,0.10386447199869339,6484.028516022881,1.1154099211646833
15200,0.09652832375012027,0.10458877599325862,6527.421973648123,1.115843154742036
15300,0.09713389746058365,0.10533695990915505,6565.425854628908,1.1165322845993315
15400,0.09763787240655827,0.10612274247572201,6608.53544111314,1.1170314214451322
15500,0.09815573165286667,0.10690873187221597,6651.287014990832,1.1176347099613106
15600,0.09876572854822645,0.1075768915349951,6691.407354125982,1.1185761992833807
15700,0.0993038848659303,0.10815185928392744,6732.833404465841,1.1194631501467462
15800,0.09996385909887293,0.10869153961967279,6774.71184129781,1.1200909274850543
15900,0.1005618701509419,0.10950605042775796,6819.352406457811,1.1209559340072013
16000,0.10120738272772008,0.11020037219916352,6858.401860450332,1.1215981774149753
16100,0.1017371141677393,0.11100028312065599,6900.391644593148,1.1223924433180799
16200,0.10224073518548202,0.11168475977976701,6939.152827105116,1.1233590004417762
16300,0.10281961677399093,0.11243399328269461,6982.988186504387,1.1240273306981667
16400,0.10332585880726959,0.11324526431931986,7026.834973818121,1.124708876296006
16500,0.10395512246028143,0.11392541832243695,7072.313723036261,1.1252478139086837
16600,0.10453646446447372,0.11459415790653084,7117.547373618328,1.1260683119148358
16700,0.10516981527983711,0.11519121390775108,7157.424558480693,1.1267510968836647
16800,0.10571816203555631,0.1157585415040231,7195.7839472897485,1.1272854881991805
16900,0.10638013551207244,0.1163349889237413,7237.727885231029,1.1280862566884493
17000,0.10703778935008006,0.11717508276042939,7275.968757898944,1.1284986134295445
17100,0.10771294449846465,0.11784599714640867,7314.313494437727,1.129227595292257
17200,0.10824748939206175,0.11843825844426957,7358.161788498488,1.1297601968889701
17300,0.10886767146414354,0.11903564268874241,7401.807409122372,1.130762974209064
17400,0.10945431492460396,0.11977803801003503,7446.947783600737,1.1311956309925073
17500,0.10996811921575006,0.12033700844916521,7492.274662939437,1.1321448254047648
17600,0.11060129415160919,0.12116655189881423,7535.52407426829,1.1326551200964563
17700,0.11117397430779412,0.12184669015098173,7573.307676631436,1.1332522988838103
17800,0.11180437147650983,0.12250991391505599,7616.1530602449175,1.1341509222901685
17900,0.11250532595468501,0.12302520384344595,7658.233487622822,1.1347632554305203
18000,0.11300843122848662,0.12383420541245821,7702.605354708256,1.1357260808263385
18100,0.11368633301141297,0.12469379496791579,7748.397768444961,1.1365335347525682
18200,0.11433028520247825,0.12538150772402287,7790.262231551454,1.137418023717012
18300,0.11483373158216842,0.12586559419215448,7835.801627238212,1.1383614592991378
18400,0.11540859950773609,0.126543018583205,7875.490355893427,1.1388616898033888
18500,0.11604573647936382,0.1272065733950893,7918.422484948798,1.1398665162711488
18600,0.11660512351439449,0.12788729122344888,7962.353810049579,1.1403384051736003
18700,0.11722040955181631,0.12874911557552549,8001.858870866933,1.141333555350323
18800,0.11772132627103306,0.1294942005318032,8042.50386006455,1.1422600454939589
18900,0.11837190495066235,0.13028591559615058,8081.227330742516,1.1429459779426747
19000,0.11890694090653749,0.13094086289736806,8124.95470218192,1.1436095678191276
19100,0.11944788087113621,0.13156882353591615,8162.6385781206045,1.1443309699652473
19200,0.1200218102964694,0.13219771257304685,8203.372537487085,1.1450536535617055
19300,0.1206639512772499,0.13299795761191738,8243.292293049979,1.1458789818136992
19400,0.12123352934162915,0.13381981184284328,8282.794308176555,1.1466125964752703
19500,0.1218053276059932,0.13435431383874105,8325.811381713589,1.1473133389404109
19600,0.12237352193193875,0.13479059694581108,8364.222552760224,1.1479175582414416
19700,0.12303359525781885,0.13546701405805248,8403.961423380599,1.1484002640159583
19800,0.12363897295840647,0.1360293011945417,8448.969537165272,1.1494075355907993
19900,0.12418740597619714,0.13661789533949825,8490.8306773204,1.1500721531467157
20000,0.12472745531490308,0.13712624159936448,8536.13222060188,1.1506932049502194
20100,0.1254237769172032,0.13765254204647642,8581.133174321265,1.1515601430360818
20200,0.12595238205960058,0.13818196012909142,8621.756958254458,1.152535838150024
20300,0.12664582678771547,0.1386514456026884,8660.634719518259,1.1532223874542329
20400,0.1272949050535418,0.1393352503270831,8703.110194370509,1.1538195454266205
20500,0.12781560128427027,0.1400900319152121,8746.44839189265,1.1548171114022525
20600,0.128371574635732,0.14073902880006103,8786.496776407452,1.1552768453658215
20700,0.12900271764661225,0.14121755080279808,8824.380985652997,1.156224865900739
20800,0.12956860068959436,0.14182322272979478,8866.935191523633,1.15718646770004
20900,0.13008489528144065,0.14260625499023313,8905.091349836997,1.1577764327959967
21000,0.13067851059173327,0.14346461533034213,8947.312571619186,1.158581026262754
21100,0.1312918736253649,0.1443276386263835,8985.746138819974,1.1595011987656803
21200,0.13185767302657342,0.14481379459989976,9030.672467927448,1.1603971666724893
21300,0.13247199380914365,0.1452928987738331,9072.244479687966,1.1608124554335566
21400,0.1330619192203043,0.14610523695275557,9115.400012156913,1.1617135123532467
21500,0.13365813955471806,0.14667444264692395,9161.669493466206,1.1624530864701483
21600,0.13430853668236079,0.1475333989018086,9202.268091837772,1.1632958697093314
21700,0.1350084087836067,0.14831271669709195,9240.163453142832,1.1638616659452723
21800,0.1356296672196705,0.148853676218284,9277.882555978913,1.1646773856524122
21900,0.1361978243168343,0.14962672191273915,9316.717435621162,1.165618463724542
22000,0.13673287257454592,0.15034370562953034,9361.952878001735,1.166107902470562
22100,0.13736302794631047,0.15096092881365109,9400.594799248394,1.166723674926329
22200,0.1379905070490224,0.1517956222824615,9444.345299419152,1.1672264344678878
22300,0.138617478167226,0.15225599185864158,9484.848006391538,1.1679688043342638
22400,0.13919267034182364,0.15290821034038019,9528.05105035498,1.1685138681486704
22500,0.139748115805536,0.1535026666663999,9566.317036079989,1.1689712130069396
22600,0.14039091569807613,0.1540133355026074,9607.19738616209,1.1698025131670997
22700,0.14093532722700655,0.15458931436753398,9647.225971670352,1.1705742558007628
22800,0.1414492523806793,0.1552580701814701,9690.540455807688,1.1712617890065007
22900,0.14198998178800962,0.15575815066336646,9730.280753720743,1.1721869751434892
23000,0.14254608593607185,0.1566123502298775,9770.453866158197,1.1730293284329534
23100,0.14323853106677625,0.1571678981804866,9812.62709372426,1.1737817861729545
23200,0.14380876575148394,0.15771162926586835,9855.66255025342,1.174753270386052
23300,0.14439684816101814,0.15841522905434438,9893.16722459737,1.1752855093409478
23400,0.145069280903924,0.15915080135437715,9939.404942333846,1.1757094020971117
23500,0.14568311813771262,0.1597021551419978,9980.516035986837,1.176715717023983
23600,0.14631406706370642,0.1601429382484625,10019.90804942497,1.1774422622319836
23700,0.14684369849158418,0.16076786536277013,10063.788837617718,1.1781945305644572
23800,0.1475148573761998,0.16128115838437862,10104.882430178466,1.1790669484927419
23900,0.14816909100711484,0.1617986336933979,10145.861508924732,1.1799256328531504
24000,0.14871801746905433,0.16242554586706523,10190.37050397959,1.1809058721835344
24100,0.14931126229300157,0.16293577442054274,10229.114829897453,1.181399085409135
24200,0.14999764640379226,0.16341877793497878,10270.825005191977,1.1821682184352484
24300,0.15053915377626936,0.16426440810837578,10316.388640612366,1.1830177887399314
24400,0.15104931628139917,0.16512567968131817,10355.114086879863,1.1838900530155094
24500,0.1516330373039236,0.1656658646462953,10398.408026262769,1.18457749792802
24600,0.15215369339328622,0.16646326775687556,10436.768878260276,1.1851683893281253
24700,0.15267259670178435,0.16730636710968685,10475.634473614165,1.1859836071619443
24800,0.15325241622265454,0.16802361164681945,10518.950483727664,1.1869517554165225
24900,0.15379086932268715,0.16866607863038022,10558.69411982615,1.187658427726875
25000,0.15443339721239255,0.1691800990933047,10604.379580949191,1.188651773155674
25100,0.15506864264289175,0.16984142804450325,10650.377226132627,1.1892787184099516
25200,0.15572127624629345,0.17039398617776788,10696.15058934534,1.1898797405128758
25300,0.1562483129297887,0.17083416160248738,10734.768114043827,1.1906934797951019
25400,0.1568275499924343,0.17132491614868128,10779.892722246695,1.191337323531677
25500,0.15747838095566402,0.17188962998027166,10822.503627694809,1.191946016234782
25600,0.15818489353259996,0.17274535450925996,10868.71570534393,1.1927657939494196
25700,0.15872166582846697,0.17321135069793617,10907.708581207382,1.1935857808888906
25800,0.15937874585305448,0.17395957752664964,10949.8395923701,1.1943279209079212
25900,0.15988133053497486,0.17468306073618484,10993.284950288535,1.1947559059510704
26000,0.16051668464607105,0.17535394327985346,11035.305132581165,1.1953013631618
26100,0.16104981415687478,0.17610685861742711,11080.283296420268,1.1959933957116144
26200,0.16173302662878705,0.1765901773855047,11125.263971272521,1.1969992101806732
26300,0.16234159303915646,0.1772892984227878,11170.436890163714,1.1975505711539824
26400,0.16294712210987042,0.17799239741001407,11216.175985792943,1.1985106531046386
26500,0.16355207899831103,0.17882492687356502,11256.445437924873,1.1992008511309697
26600,0.16405471477821004,0.17953422482330483,11302.737096837269,1.199821003475218
26700,0.16455845708257602,0.1801923340206518,11348.67771237865,1.200270736632249
26800,0.16524121881182738,0.18075004034573455,11389.903294450625,1.201145094356184
26900,0.1657601665028283,0.1814954952793829,11428.451544074045,1.2019610271956582
27000,0.16640751370977425,0.18212636767760118,11470.548522269886,1.202687121398828
27100,0.16698961951554603,0.18272273473225806,11509.281431066447,1.2033485551205991
27200,0.16766040166005963,0.18358146624909713,11547.723073908901,1.2041634856675065
27300,0.16834662255197122,0.18404302401095476,11591.232352062214,1.2046669558013472
27400,0.1688987662349045,0.1848305502968967,11632.644666257922,1.2054161037424995
27500,0.1695315930429089,0.18534723936279374,11672.966183236755,1.2058703785036915
27600,0.17017895074027334,0.18597984420424615,11714.72192171237,1.2067361135968167
27700,0.17080911744405297,0.18676390670720233,11757.716792409934,1.2073579742136684
27800,0.17137378355356472,0.1876246750228257,11801.765805619629,1.2077872887014558
27900,0.17189758493218846,0.18814005861073138,11846.000589436038,1.2086534046449564
28000,0.1725922330669015,0.18885507258530967,11890.143859564683,1.209188753167756
28100,0.1732630382129617,0.1894305335981886,11930.765585126272,1.2097953362974116
28200,0.1739000123501293,0.1902289897713241,11968.126563486127,1.2103950917924684
28300,0.17459854229542776,0.1907367733152852,12014.31180948349,1.2108473755681806
28400,0.17529356382170058,0.19156557897887233,12057.343891082293,1.2115700478464115
28500,0.1759071776592427,0.1923387639386868,12098.29684173274,1.212247998343057
28600,0.17649174176021962,0.19309193335846703,12137.496505149984,1.2131687156866164
28700,0.17708020114392434,0.19394631520416736,12175.40524104065,1.2136176466438566
28800,0.1775969393131933,0.19454254200158894,12216.35844743277,1.2146085961300035
28900,0.17825530391191585,0.19527189916751653,12262.430081664454,1.2156158039657445
29000,0.17883601408971628,0.19579662044202037,12304.338600471094,1.2165626135751795
29100,0.17938359300772155,0.19639213829739346,12347.150283838117,1.2174580282119882
29200,0.17999073598629947,0.19708187923982057,12384.953506493117,1.2179817889055247
29300,0.18055568130787197,0.19781296018874472,12425.426780975658,1.218637346701729
29400,0.1811368667420617,0.19867464313288422,12470.45540947546,1.2191752380150283
29500,0.18168765300169046,0.19953142527222262,12507.816645385685,1.2198456487778226
29600,0.18221661719153176,0.2000872102306066,12552.445626149174,1.220584858597533
29700,0.18282657375659067,0.20069325982270145,12598.962928041085,1.2215699470348358
29800,0.18334178178783112,0.20124243373373507,12644.860396561447,1.2222521830561823
29900,0.1838882900247343,0.20192813898274942,12683.393002967212,1.2228265539711072
30000,0.184420030942814,0.20260759370596962,12723.006144340578,1.223815322644631
30100,0.18505993213683725,0.2033100722825461,12765.196320322477,1.2245222782227607
30200,0.18575542362525443,0.2038974816743632,12807.600496294714,1.2250603294158107
30300,0.18639701552100554,0.2044786433294648,12850.378172941915,1.2259693131033962
30400,0.18693028954529786,0.2052038768383691,12895.157526462912,1.2264962958001553
30500,0.18748245824301185,0.20579261832274615,12933.48317998236,1.2272856394157265
30600,0.18803878013066858,0.20642491704651006,12978.838536838339,1.2280193408858509
30700,0.18862340876306596,0.20690616432452072,13022.208172681801,1.2284745575897553
30800,0.1892049423304947,0.20756874194905828,13068.557824707237,1.229025871198459
30900,0.18975282809499522,0.20832888536932886,13111.07509001722,1.22954030278382
31000,0.19029007906969755,0.20888886583290428,13151.702059411231,1.2301942803835204
31100,0.1909352770013067,0.2095656896143125,13190.115210854816,1.231024363980343
31200,0.19151734224949832,0.21017197277419566,13234.389411411028,1.2318517347933242
31300,0.19213436855425564,0.2106441837358842,13276.696095659856,1.2324945734364186
31400,0.1926670220342563,0.21110330078250877,13318.982963435928,1.2331183121393847
31500,0.1932736491448702,0.21193449581313328,13357.767409910557,1.233653982912629
31600,0.19392978875371517,0.21262450878400818,13400.944414031217,1.2344572053850738
31700,0.1944451951126339,0.21329960243626717,13443.50984775047,1.2349447729589187
31800,0.1951140959547305,0.21375986730693286,13481.415364415874,1.2357732112021644
31900,0.195748404821367,0.21439258009104104,13525.9760114811,1.2362299098844427
32000,0.1963930414188235,0.2148615534558581,13569.957019997508,1.2366500722640112
32100,0.1970733060245385,0.2155047939476432,13612.571446728884,1.2373830281185387
32200,0.19774438275084452,0.21599188332165994,13657.634673641123,1.2383680494797853
32300,0.19829684836243808,0.21674662340100875,13698.577032665322,1.2391435590199205
32400,0.19882559299272698,0.21725566272896296,13736.384375437985,1.2400504776357517
32500,0.19940907054571447,0.2180474506743484,13775.299823180976,1.2406674020629067
32600,0.2000992655493256,0.21853122223843546,13818.216314158255,1.2413673233052127
32700,0.20065826222777572,0.21900929539814573,13860.04486376451,1.2423605486314038
32800,0.2013528180554654,0.21985122159816625,13902.37799562605,1.2431951105425687
32900,0.20202207574853784,0.2205412352948597,13941.603640070167,1.2437027371113514
33000,0.20270831107176146,0.2213924144782604,13983.286845829205,1.2444567934010393
33100,0.2033410377332444,0.2221705413719018,14022.760804203912,1.2448911824183293
33200,0.20389592977519364,0.22281541170321037,14061.408177425841,1.2454087416580106
33300,0.20447687232746117,0.22342611598114487,14104.967416309104,1.2463356593366752
33400,0.20511926510897993,0.22405672010790306,14150.778178444289,1.2471722573973003
33500,0.20566117501987846,0.22460558713167966,14194.158460576275,1.2476324682239504
33600,0.20619330749963777,0.22525048870315073,14234.682023816535,1.2485195620584018
33700,0.20683128356289676,0.22610622765812366,14276.731524531666,1.249168570357561
33800,0.20753110206718028,0.22685434937901516,14316.738085660754,1.2498424417597713
33900,0.20820822552469279,0.2273325485967876,14361.949119378378,1.250820664173887
34000,0.2087538594296239,0.22807402449766861,14399.9884392944,1.2517284097122345
34100,0.2093279763828789,0.22851180450499753,14441.598750751504,1.2524678316195137
34200,0.20994575511256355,0.2292211691560896,14484.982112849884,1.253086975677165
34300,0.21064683964755515,0.2300363465570468,14530.598633287544,1.2538847308842225
34400,0.21131652802609924,0.23075458107932525,14573.068278736455,1.2544519848414528
34500,0.2119818168365024,0.2313216140606865,14616.61293542102,1.2550622203639952
34600,0.2125552451598039,0.23181273463383387,14654.425369738194,1.2556388790154478
34700,0.21306755774076439,0.2325756691555465,14695.963812296379,1.2561589198505523
34800,0.21362548837817152,0.2333419876249693,14737.970351867032,1.256989962168255
34900,0.21429138662899025,0.23391852689343914,14776.349903217399,1.2578207197004998
35000,0.2148685809288126,0.23443307030820118,14814.60854414188,1.258533445031713
35100,0.21538925394000652,0.2350914959891194,14858.860145271667,1.259337221369042
35200,0.21608840124979103,0.23582516910993098,14896.856167203672,1.2602350109108018
35300,0.21669889193388805,0.23629495545022297,14935.479939146904,1.2609928032424975
35400,0.21733416924339824,0.23690712564293967,14980.295573341433,1.2618048656288197
35500,0.217931598397307,0.23759965531821328,15022.733147670762,1.2627808656442463
35600,0.2184394929109146,0.23833552666403324,15069.045270520286,1.2637428712150538
35700,0.2189740393643837,0.23880890942330424,15115.332909806215,1.2642190820802006
35800,0.21956284037248439,0.23951542872741305,15155.553721118664,1.2651786594246932
35900,0.22014094452595956,0.24000971478982872,15198.623918818514,1.2656762690325465
36000,0.22072555042005834,0.24058730552306193,15241.943444958031,1.2664176842911445
36100,0.22140100157452833,0.24144841094296024,15285.09018022321,1.2670428022296627
36200,0.22202626416929794,0.2422176797352212,15325.178314852898,1.2680451329720681
36300,0.22266103742071303,0.24298627422610927,15366.989631308461,1.2688476532465411
36400,0.2233285271337808,0.24374838216367573,15408.57427885999,1.269278204791325
36500,0.22384566554100058,0.2445089628258395,15448.52798722959,1.2700713647553092
36600,0.2244837901723885,0.24519757874259532,15489.87868825574,1.270546691235256
36700,0.22517676488829874,0.24594032976771305,15532.858775735185,1.2711541899170715
36800,0.22573344284370173,0.24663389109334907,15576.978329789908,1.27179085718825
36900,0.22635178457127986,0.24728794796919396,15621.42524406698,1.2725280670459527
37000,0.2269732709810266,0.24800988410950975,15666.090713431973,1.2731850693839604
37100,0.2275283250329089,0.2487651935394156,15705.937762013835,1.273609537450639
37200,0.22804846784170732,0.24944755526186901,15745.970054141499,1.2742105892512048
37300,0.22861864646932176,0.25003728518574864,15785.754646130708,1.274676594601587
37400,0.229284397299299,0.2506764972002813,15826.508014524967,1.275663233615249
37500,0.2299655996818284,0.25123761223623364,15872.560317377245,1.2763076198192833
37600,0.2305389664926449,0.2518372405734003,15912.453510784357,1.276763942542004
37700,0.23113663761828895,0.2524642395737791,15958.527270910678,1.2777336268562136
37800,0.23164069434621318,0.2529982841145036,16000.19407213792,1.2785311765458696
37900,0.23227772653429166,0.2534402489065801,16045.454841881445,1.2793131012045664
38000,0.23284549301599777,0.2542614748961853,16084.242476430589,1.2800797762478178
38100,0.23340787249179387,0.2550534080322384,16130.05790301563,1.2810558526840043
38200,0.23408950556018732,0.2555758421921957,16167.949029892154,1.2815122244702233
38300,0.23476886426104798,0.2561349795080206,16209.26576224608,1.2820104518729165
38400,0.2354212924628985,0.25674658868501116,16253.253529332816,1.2829725246052734
38500,0.2360815107110577,0.25756250724726887,16294.209654585151,1.2837490562180254
38600,0.236586092220385,0.25808680479062407,16331.682923258853,1.2845767797510095
38700,0.237087171722608,0.25870122982040367,16370.011066470372,1.2852644080609412
38800,0.23770307695634496,0.2593988612819952,16412.76322043453,1.2857437836875354
38900,0.2384079578600266,0.25996129098372844,16458.508416502817,1.2866242966544177
39000,0.23893441184675535,0.2604734664260932,16500.594849686775,1.2872249147925425
39100,0.23944501284306127,0.2609392609849826,16542.614739931134,1.2876938440481815
39200,0.2400086785770485,0.26145149105873255,16582.778255334088,1.2883849721627716
39300,0.24065126969584766,0.26230266675564634,16626.2149175001,1.2892680916526889
39400,0.2413526655526714,0.2630078702535791,16672.645759852185,1.2897971433977755
39500,0.24203797019558704,0.2636512090142238,16711.344061488682,1.290594454975242
39600,0.24255552785046028,0.2644764712180343,16755.964339892307,1.2911069488205769
39700,0.24326216036665735,0.26498259981657446,16801.795226198188,1.2917513079633558
39800,0.24395704085766226,0.2656735566064671,16841.148315993087,1.2925358945549212
39900,0.24455385616662825,0.2662437592766094,16882.216584941943,1.293053206596925
40000,0.24525380851726916,0.26677595350359445,16923.56627819661,1.2935196157367086
40100,0.24589112611488295,0.2675075202735422,16968.631512543132,1.294283004817139
40200,0.24655968791826122,0.26813822727655556,17007.28091499412,1.2952171825543355
40300,0.2472654368355774,0.26889998104605967,17046.823966531934,1.2957752074498048
40400,0.24796812381503802,0.2697155299477756,17086.431556787633,1.296711053582136
40500,0.24862541689336948,0.2705396659329644,17126.12747509308,1.2971399671129524
40600,0.24924913354568173,0.27136968741265705,17166.994270853076,1.2976601917168884
40700,0.24986313397191223,0.27215449268627184,17212.991188650994,1.2980797482962738
40800,0.25046669121542814,0.2726507378059863,17250.679863047022,1.298520083950125
40900,0.2510058458525144,0.2734287128449938,17294.606817186075,1.2994502973278799
41000,0.25158094341258386,0.27427684768343474,17335.404187696775,1.300385259360065
41100,0.2520893102345768,0.27474911072705865,17377.179450401836,1.300855011154714
41200,0.2526370247925366,0.27555897189312056,17417.923925729756,1.3014014970355008
41300,0.25328856321958637,0.27613028622018465,17461.891229561843,1.3023886853341502
41400,0.25387401010718175,0.2767081723623849,17499.554273089747,1.3032452254230944
41500,0.25437910639181627,0.27743419545001397,17543.136568139988,1.3038276369399153
41600,0.2549963686221341,0.27790621399188736,17583.733562013065,1.3045456508303492
41700,0.25569397648743464,0.2785925222763118,17628.150245989134,1.305521098234076
41800,0.2562422376457545,0.27941964259389296,17667.61381210891,1.3062190078848166
41900,0.2567742116929894,0.28023674537376864,17711.543885096027,1.306903688246185
42000,0.25738293582146493,0.28079172940994845,17749.4845381913,1.3078095390114137
42100,0.2579284689980796,0.2813601470232576,17791.05857265571,1.3084168934362073
42200,0.25859085533825227,0.2818617816712718,17836.708179123187,1.309212417428134
42300,0.2591357248668366,0.2823206282313236,17881.210698451967,1.309719987044263
42400,0.2597079334810673,0.2830658817451252,17920.128704839353,1.3105409557544008
42500,0.26039351979962994,0.28386889004875954,17962.79736661079,1.3114779799574345
42600,0.2610339812909743,0.2846684457824176,18003.822902190805,1.3124109105251707
42700,0.2616015926809699,0.28543660245421826,18049.60432040194,1.3128656868803565
42800,0.26220886871394605,0.2861287986550674,18088.55843775499,1.313345344034797
42900,0.2627799539180622,0.28696721743584097,18129.215306831924,1.3138560953355822
43000,0.263378109980484,0.2875964998272157,18170.103687634633,1.3146995269364603
43100,0.2639271054742023,0.28810792947528663,18216.060294087983,1.3153391538946237
43200,0.26450595445841085,0.288837605445484,18256.948449716743,1.3162812262561023
43300,0.2651898276106585,0.2895333049209291,18297.947117273536,1.3169602829618114
43400,0.2658120284671395,0.29032893162408546,18343.390750191018,1.3176452633061102
43500,0.2663086050892655,0.2908784829505063,18389.27494349075,1.3182638666635942
43600,0.26682152082069677,0.29160754802077415,18434.799788327364,1.3187295342787217
43700,0.2674398159864579,0.29235760893524354,18480.533892734777,1.319154734199607
43800,0.2681036792759713,0.2928164324030567,18522.555842402573,1.3201501354443583
43900,0.268665883536228,0.2933744016620951,18562.42732013303,1.320668576009622
44000,0.2692527340476645,0.293876390390649,18601.102245605,1.3215653384959116
44100,0.26981738183042364,0.29448000948530056,18645.888012747186,1.3223199687158709
44200,0.27046675377628354,0.2951382335218908,18686.43061891101,1.323248949436605
44300,0.2709718806229843,0.2958891081132852,18730.95835567347,1.324105276802952
44400,0.2716390188896816,0.2964879901664408,18776.94991523162,1.324686509020129
44500,0.27220318898557094,0.29717337181184306,18815.52204758514,1.325479898108707
44600,0.27272520312646037,0.29769568511911637,18855.466759032843,1.3262007167276906
44700,0.2733236972941882,0.298552453856621,18895.49605626977,1.3267114412437653
44800,0.27402565032926296,0.299296760504811,18936.352982923563,1.3274490449796492
44900,0.2746318530647604,0.3000209682006086,18980.471563888597,1.328426738885248
45000,0.27519588534007017,0.3008592546878851,19025.121131240154,1.328840033370783
45100,0.27587048176098966,0.3015577606185278,19069.880737082458,1.3296766258463613
45200,0.2765134777703171,0.3023593020082017,19114.94303316639,1.3301397731575855
45300,0.2770049162211158,0.30292328154063464,19158.290141075213,1.3308125766527916
45400,0.27754838312312474,0.30344103270831607,19203.32869101011,1.331725164989849
45500,0.2782262019911159,0.3041702095217212,19246.069161478055,1.33264077082783
45600,0.27883649501214147,0.30497584990978754,19292.026365475158,1.3332265342189058
45700,0.2794431286041071,0.30568569621628744,19336.139424117755,1.3337845510284951
45800,0.2800494546947785,0.3061660894014669,19380.04489025023,1.3342822257279485
45900,0.28067141009185403,0.3068434585160767,19424.700950232327,1.3348960964208192
46000,0.28132769664211477,0.3075165344249422,19462.673718124643,1.3354425603862043
46100,0.28188019366827477,0.30822207155399695,19507.70218295472,1.3361079447002664
46200,0.28250126813811677,0.3090834693723005,19545.930454610458,1.3369482992360235
46300,0.2831778280659537,0.30989642849213045,19591.59543713229,1.3378797610181719
46400,0.2837096421991058,0.3104343339393791,19637.001627576174,1.33832291191827
46500,0.2843143799065544,0.3108971937230121,19676.958604775293,1.339180260316534
46600,0.2850044294669935,0.3115969021964506,19722.824214797332,1.339756902376909
46700,0.2856733075860255,0.31230812545154985,19761.163284398237,1.340600096570293
46800,0.28629765109269234,0.312885082533253,19807.086221009216,1.341588473650895
46900,0.28685406539542296,0.31336977883893385,19852.32198663537,1.3421388378001873
47000,0.2874288263780726,0.3140868138768799,19896.98911009896,1.3425726291506082
47100,0.2880110860424817,0.31475200962431277,19937.74610412343,1.343545635598132
47200,0.2886004432648032,0.31518945181360636,19983.442056720767,1.3441590635671672
47300,0.28930682583718426,0.3158271720761828,20025.487113373605,1.344890775169353
47400,0.28989356951910283,0.3162869283435216,20069.635080753575,1.3455676450747172
47500,0.2905972749094468,0.3169334054346301,20113.333218505726,1.3463251851963378
47600,0.29124628420936244,0.31754730293424827,20159.194537183586,1.3468300317647472
47700,0.29190200915343556,0.31838054108422975,20203.802189711467,1.3474873070672815
47800,0.2925167725117727,0.3191441420399451,20243.17550777079,1.3479111205416665
47900,0.29319114505965566,0.3198706201691127,20288.34938169686,1.3485769810767312
48000,0.293882749553989,0.3205377289268365,20330.133804348057,1.3491206992063316
48100,0.2945314021698967,0.32127283698522874,20376.399594019764,1.3495962562968473
48200,0.295163009457735,0.32180478455994277,20420.704144090923,1.3500570693400626
48300,0.29565466254746353,0.3225015218154079,20462.139542464523,1.351033705899313
48400,0.2961951213655865,0.3233293202015764,20504.01960336545,1.351506071008156
48500,0.2968660651082251,0.32411836092058394,20550.473238071154,1.3519446238668624
48600,0.29750819976574766,0.32497856204840864,20591.501817931814,1.3528682372812426
48700,0.298187530794273,0.32549354569003563,20632.65083956078,1.3532906973503191
48800,0.29879624755019796,0.3262280195763645,20673.001647504574,1.3542038784521142
48900,0.29935212708705655,0.3267092513433671,20718.732046963647,1.354917688695533
49000,0.2998690209958986,0.3272915591243466,20762.002499315615,1.3555659475271102
49100,0.3005484596745064,0.3278435732181416,20802.427577912502,1.356048985607642
49200,0.30124317334223194,0.3286311359429831,20845.331116225898,1.3567151743215646
49300,0.3017910081870992,0.32948879403984227,20885.218807185,1.3576848804393806
49400,0.3024131359926141,0.3299824253507779,20927.0859237003,1.3581388514944193
49500,0.30300200170286995,0.3307019000129142,20967.918399996895,1.3588665069522727
49600,0.3036643613942253,0.331249825768686,21011.704441809703,1.3595725544354906
49700,0.3041944731083274,0.3318313315318726,21055.352583229684,1.3603861527600316
49800,0.3048586716273097,0.33244503075720255,21095.40930752205,1.3610021637625678
49900,0.3054879073628715,0.33327507034515813,21139.0401376915,1.3617120051938796
50000,0.3059964337140901,0.33394810001203223,21184.064722835465,1.3626166001461117
50100,0.3065218493076836,0.3346683233906566,21230.434084404056,1.363073100996911
50200,0.30717280001836494,0.3355079049516492,21270.84175146973,1.3640212754756103
50300,0.30777319914351603,0.336074056428549,21316.23235557516,1.3646110432334835
50400,0.30843756430028263,0.33681983486907935,21357.643524618234,1.3656043242948872
50500,0.3090622704099773,0.3374487039204674,21399.985199939612,1.3663248948065265
50600,0.309661638161611,0.3379215390319027,21442.791550409227,1.3672260306701538
50700,0.3101943017672954,0.3386983906128695,21486.36127890182,1.3677645038540005
50800,0.3108176404915582,0.33937838999812936,21531.367800038155,1.3684135467388006
50900,0.31152297554185826,0.3398919776716364,21577.61038972008,1.3691630921280278
51000,0.3121459353395311,0.34075289751427246,21616.530723456686,1.3699682962968422
51100,0.3126383416149788,0.3413423113480105,21655.584587258993,1.370524524711781
51200,0.31319724477233785,0.3420484645667349,21698.52899598834,1.3711765385167456
51300,0.31383570056205473,0.3428867721479145,21740.136356099698,1.3719062843318066
51400,0.314513987016196,0.3436966715401344,21783.517398322765,1.3724291914896891
51500,0.3150382569181437,0.34428641310457997,21822.630104435364,1.372936112616003
51600,0.3155551274673713,0.344972370590432,21863.877207462432,1.373734646649521
51700,0.31617557191530504,0.3454405618290733,21907.54523058386,1.3746396268483465
51800,0.31667720140130523,0.3460674794789104,21952.779659548356,1.3753041968625297
51900,0.3173116752225729,0.34680692160043736,21992.330418818143,1.3760635981634564
52000,0.3179264475417564,0.3474132116541202,22031.329825920056,1.3769390125690344
52100,0.31853119906422706,0.34812896245964015,22077.17785824942,1.3777596551706588
52200,0.319081876583708,0.34885542501217603,22119.20278712764,1.3787115269175467
52300,0.3196772691328945,0.34959958331238267,22163.71949693159,1.3793107145141499
52400,0.32032216146469367,0.3503738577711155,22202.572152860233,1.3802105264919926
52500,0.32084077897704283,0.3508140702546871,22243.190814358582,1.3810078652679174
52600,0.3213904403922814,0.351271802337216,22280.498343004452,1.3820135095932076
52700,0.32191326090629957,0.35202829266164437,22323.9519678299,1.3829189448647066
52800,0.32257047539380856,0.3527129436579559,22367.572916990248,1.383474636642655
52900,0.3232247986915144,0.35338516284357896,22410.035425511353,1.3843602458029005
53000,0.3237559094410463,0.3539022375160232,22454.433592181307,1.3850572186274288
53100,0.32441022780783996,0.3545182968408549,22500.65768698017,1.3858396997711395
53200,0.32507010881244636,0.3552048043471194,22543.41001075407,1.3863333580424038
53300,0.32575497013735283,0.35599156268920035,22588.353116509694,1.3872219944212212
53400,0.3262494551691537,0.3566952738854299,22629.513587036545,1.38807507516867
53500,0.3268135069510874,0.35751488496963607,22675.95951300847,1.388968047969097
53600,0.3274318283822867,0.35814822370931393,22718.23203819215,1.3899286862609608
53700,0.3281332328541664,0.3589654626797571,22758.457709930764,1.390786238106867
53800,0.3287073323940908,0.3595310352059677,22804.66857072245,1.3912443021178296
53900,0.3292388090111023,0.3600155447161547,22850.701981200444,1.3921456315205356
54000,0.32982908578597336,0.3605513954368972,22888.573577882704,1.3928813506394604
54100,0.3305126153325402,0.3610968447188381,22934.378332439443,1.3934160952033012
54200,0.33117304192703695,0.36189756889711694,22973.841012465517,1.3944001381664421
54300,0.3317877894264812,0.36241579199807605,23018.34047509092,1.3952487847542234
54400,0.33238046078280253,0.36308116735721196,23064.0967849711,1.3961336939838993
54500,0.3329187783330373,0.3636450203653703,23106.515625491622,1.3970753655277914
54600,0.3334369990072218,0.3641004016659546,23151.53571887826,1.3976943426261699
54700,0.3339802429976374,0.364547140623712,23188.928729713574,1.3983230869338348
54800,0.33461266595103084,0.36503529084919367,23230.027746161253,1.3987423765238118
54900,0.33522104730431296,0.36568986283869775,23267.49884145758,1.3993736949071856
55000,0.33576526031468645,0.3665281985523325,23312.20162055352,1.3998336136086482
55100,0.3363278196356818,0.36715139611525766,23350.577050702752,1.4007991171735155
55200,0.33682413717563114,0.3677848431875248,23389.228020640767,1.4014136959672077
55300,0.3373937340389686,0.36864518406224633,23432.038509283917,1.4022300928752738
55400,0.33793754238947876,0.369140683189897,23475.081290384194,1.4026960495938876
55500,0.3385380469397239,0.3699825590538416,23519.4758809464,1.403169747892104
55600,0.33904154387728214,0.37055943195877783,23559.081452948154,1.4041345296520205
55700,0.3396401434932685,0.37121456672621456,23598.47417358453,1.4049292848572967
55800,0.3401390731715226,0.37174987253829544,23644.59802751987,1.405931174950052
55900,0.34064301142262987,0.37219436039103604,23681.89895628034,1.4066274846479347
56000,0.34114275646268916,0.3727754129625273,23723.331585547556,1.4071611561427366
56100,0.3416900896491745,0.37354628837661297,23765.80654314799,1.4080338606125844
56200,0.3422553709522648,0.37411756256342865,23808.31233719667,1.4088322316472086
56300,0.3427867012602839,0.37475623456628904,23849.0599740723,1.4097678034442134
56400,0.343354623247236,0.3754620919139945,23889.570037196336,1.410305390102924
56500,0.34386289210472765,0.3761968652272635,23930.940472749342,1.4112877825733325
56600,0.34446009109703096,0.3767120727044491,23969.80092104924,1.411906873629539
56700,0.3451036246080914,0.3774309388609106,24013.82043789134,1.4128553195254876
56800,0.3456354519279152,0.3779329779577584,24054.173588739843,1.4136456167420741
56900,0.3461524901987353,0.3786899215175807,24092.031362198915,1.4146088979105667
57000,0.34683933387626065,0.3793478036692908,24134.296585106633,1.4152908367259982
57100,0.34741136469849326,0.3800561680754631,24171.60570463932,1.416129614529706
57200,0.34806987975507736,0.3807056213012545,24216.631908171385,1.4169580570520057
57300,0.3487597449686265,0.3812819151224819,24255.53685155062,1.4175527272131658
57400,0.34941272290481434,0.3819416133322124,24300.352190871206,1.41826759977235
57500,0.3500050817517427,0.38278428351158483,24340.94801671274,1.419252609626278
57600,0.3505694857395152,0.38350522185901736,24380.792862923467,1.420164169101912
57700,0.3512500202859829,0.3842098078767345,24419.72572222804,1.4211210110885786
57800,0.3518309005141521,0.38479704397582193,24465.652087781018,1.4220601433079352
57900,0.352438115293941,0.3852984052420328,24509.748374935665,1.4227831098137933
58000,0.3530925130032248,0.3858605495841356,24552.76665255538,1.4236314861493145
58100,0.3536290881200007,0.3865860645510551,24595.24598300404,1.4245244553622098
58200,0.35425515201630065,0.3873320428865013,24635.976134745513,1.4254614208474627
58300,0.3548852766298542,0.3879281654382185,24673.987649136114,1.426308616563035
58400,0.355500495365223,0.38838856219881146,24718.30594120932,1.4272123487200095
58500,0.3560180250561025,0.38922741857290016,24761.707370735057,1.4279656355991228
58600,0.35654764544312284,0.38975354979012133,24800.060715277956,1.4287057202166917
58700,0.3571510902980194,0.39056626994412275,24837.581751212027,1.4296878658591305
58800,0.35781584725974447,0.39105844936135464,24877.653945822367,1.4306717633087533
58900,0.35851662813687235,0.3918149802313217,24915.037500504593,1.4311088470440536
59000,0.3590414731315136,0.39247881967161474,24954.205241217853,1.4318306437635606
59100,0.3597325562264727,0.3932613100836516,24998.94107530297,1.4326310743488337
59200,0.3604165062454337,0.3940872393690314,25036.77597054916,1.4333069253556172
59300,0.3610808777042013,0.3949267256868741,25079.580315205872,1.4338864488268042
59400,0.36160940471086594,0.3954197527384644,25116.930075478063,1.4348701197554814
59500,0.36213325599342167,0.39593699865284615,25155.00289031107,1.435420952591259
59600,0.3627680708874027,0.396555661001366,25199.651966309557,1.43605019437312
59700,0.3634311968009356,0.39718079707457493,25240.97566591299,1.4366601712604357
59800,0.3640508063582549,0.3979147384457968,25283.615332068475,1.4374716804303536
59900,0.364635627835688,0.3984215473275223,25328.117694082885,1.4383328383154053
60000,0.365217496860166,0.39902305500762425,25369.43948900264,1.4388968122360215
60100,0.36582640345432776,0.39960712827806505,25413.89007256422,1.4398791805901439
60200,0.36648839380192544,0.4003588224269316,25457.7764974567,1.44048623079169
60300,0.3671176874413331,0.40106398361438916,25504.129368128604,1.4414580796135137
60400,0.3677910790761274,0.40180438726802437,25542.862521590985,1.442140261240716
60500,0.36846571430172415,0.4025177417070902,25586.746550338532,1.4425969948456894
60600,0.36912637753484673,0.40312129514959955,25628.362236953704,1.4434364157930404
60700,0.3697863410589158,0.4037946922510819,25672.991946252525,1.4441585199928757
60800,0.3703471130793258,0.4046508388853408,25717.218443086225,1.4450418887233534
60900,0.3709221091647426,0.4052618597461728,25759.744096609804,1.4457002958456868
61000,0.3714573756742373,0.40599528852180145,25799.05672745779,1.4463062948677021
61100,0.37207387276740894,0.40646726890543067,25838.210733690405,1.4471749752888972
61200,0.37264959787498925,0.40699668445231574,25882.03131866417,1.4478848958817787
61300,0.3733502770683833,0.40760956961053446,25920.465935612763,1.4483105723025762
61400,0.37405431126722766,0.40809207182524676,25957.750065963195,1.449265004933407
61500,0.3746021158337362,0.408806947340624,25999.801450394894,1.4500320534545594
61600,0.37526930026098626,0.4094559822395203,26044.483444544607,1.450685988659957
61700,0.37586583212080227,0.4099083403424854,26086.038461207132,1.4516856649338785
61800,0.3764437202947329,0.41057349797549697,26127.777209906246,1.4524754042833607
61900,0.376963890565496,0.41110094331138736,26172.583042045764,1.4529341151596489
62000,0.37763132908548236,0.4116544366673178,26216.79108002928,1.453923833453953
62100,0.3782222038979658,0.41242976564753936,26255.34941075257,1.4546058731483709
62200,0.3787524584053656,0.41316209500996304,26299.250133909336,1.4552579974031452
62300,0.37944868899059514,0.4139456020173311,26342.38267048736,1.455846328279717
62400,0.37995168442307,0.4144613762699608,26384.07331718173,1.456465946982148
62500,0.3805337945826526,0.41526177675133435,26428.516594401357,1.4569946054310814
62600,0.3811529477050965,0.4158496726806008,26471.812412506024,1.4579248703201433
62700,0.38176896649677916,0.41661860368362974,26514.446550987395,1.4585386623695236
62800,0.38236909114786005,0.4174102916765397,26553.696645331325,1.4594108583873866
62900,0.3830190724714476,0.4180293468576116,26598.46072517918,1.460210636306714
63000,0.3836348431128642,0.4188549618335785,26636.671250247942,1.4610569461877698
63100,0.38417903077849397,0.4193191974823349,26683.03688204483,1.4615396146638697
63200,0.38488458171418993,0.4199905373444767,26722.303332848365,1.4622309560037992
63300,0.3855196796614924,0.4205635160344512,26763.276539923783,1.4628726832439307
63400,0.38621856860992376,0.4213185109355515,26806.4271816501,1.4638191590317777
63500,0.38671340134746796,0.42194269967696746,26851.203472536952,1.4645708167449196
63600,0.3872444337776292,0.4226379245222,26894.565859621816,1.465277231178833
63700,0.387902109860096,0.42344280290934755,26933.90273120972,1.4659968775991887
63800,0.38847591213727506,0.4242467583252419,26973.653740548358,1.4668209011762663
63900,0.38909454257975784,0.4247172364626936,27016.181407969692,1.4676287278943343
64000,0.38962596564022,0.4254875237232847,27062.122743845583,1.4683832248560729
64100,0.3901484922647647,0.4259793588697123,27105.386546545767,1.4693114542776133
64200,0.39066074073415696,0.4265364486568386,27143.164714887906,1.4697726144781027
64300,0.3912507234289675,0.4273551973911421,27182.77379019204,1.4707081730115479
64400,0.391845787040687,0.42813545766960515,27226.093543768693,1.4715513922757684
64500,0.3924918483222783,0.42883046580603373,27266.76004251977,1.4725274008314564
64600,0.39313195647211696,0.4294514565329066,27306.67929321838,1.4734446819133848
64700,0.3936445596407482,0.43013185833929324,27349.6361620512,1.4740458339733082
64800,0.39428147284872883,0.43089825143002103,27392.319387108895,1.4746980970507395
64900,0.39496379132650555,0.43146212428155445,27436.973634770406,1.4753398333332164
65000,0.39557363103517246,0.4320499407660957,27479.250447403094,1.4761700338909023
65100,0.39624678642386874,0.4327623875845369,27517.909160647825,1.4768470700032574
65200,0.3969155660406384,0.43349073666970145,27559.119956423336,1.4773061344059155
65300,0.3974329329331461,0.4340495104888359,27601.42360792936,1.4782135933402147
65400,0.39809491537856034,0.43467587859901763,27641.291902415353,1.4786772404693453
65500,0.3987150066538118,0.43522875965199315,27686.05428942486,1.4792474544546168
65600,0.3993394241116844,0.43607282164888844,27727.603812543788,1.479810837347515
65700,0.3999947878966536,0.4366867463767166,27767.611729627875,1.4807436647757612
65800,0.40068313864848276,0.43749322964253917,27812.41113323902,1.4812648752045123
65900,0.401308596544344,0.43798486769248546,27849.933047648436,1.4820410184754484
66000,0.4019863468515832,0.43884276410430834,27892.646619111394,1.482617637968872
66100,0.4026147345549647,0.43940884938643016,27929.9480097268,1.483369474730888
66200,0.4031669907022415,0.44018880489522133,27971.542465601262,1.4842669015051055
66300,0.40374626938468783,0.4406343591883433,28015.576667357796,1.4847089118533199
66400,0.40436557258575734,0.44143102000273937,28054.88242874504,1.4852423411293065
66500,0.40487769049522787,0.4420804647148536,28100.14884857114,1.485774987955464
66600,0.40555181777079624,0.4429280172491398,28141.11585638891,1.486569790212355
66700,0.40612471927625454,0.44374306672250957,28183.804449448213,1.4875369518920323
66800,0.406713780679851,0.4441947631976679,28222.72942197205,1.4883253714829816
66900,0.4073064813919752,0.44482561359803047,28267.59085615544,1.4891398563677265
67000,0.407911727718934,0.44538264061118193,28307.839528959546,1.489643339631177
67100,0.40845423903876094,0.4458553209637038,28351.752259337383,1.4904646092511729
67200,0.4090219010198049,0.4463959263628879,28393.653616065632,1.4911461917253852
67300,0.4096527006967568,0.44725007015558854,28436.06170168875,1.491608865093789
67400,0.41033457307724325,0.4480449134350305,28479.911180528004,1.4922526055377912
67500,0.41103713671429076,0.44886775345656094,28523.099006839813,1.4930784478934775
67600,0.41172426525518235,0.4496233343240309,28568.543750035104,1.4937932694222038
67700,0.4123830058088459,0.45014792285716915,28609.16984050934,1.4943336424646159
67800,0.4130443785812949,0.45061126050002825,28650.77971176704,1.49494368285092
67900,0.41362738980325864,0.4511922204057792,28688.694415248952,1.495810225607605
68000,0.41429813245212915,0.45195507302578636,28733.049443676784,1.4964560747982862
68100,0.41493805845470766,0.45259362115989116,28771.107658956957,1.4969214145953198
68200,0.4155617490700749,0.45313106212016285,28813.360596481998,1.4974187368040572
68300,0.4161388379580745,0.45373658140553086,28858.239735289408,1.4980704331512464
68400,0.4166715504552392,0.4542039766064185,28897.103613574858,1.498638482848736
68500,0.41723059085125924,0.4547190242469767,28936.866371713706,1.4991933069437495
68600,0.4178162715443884,0.4551937327616295,28974.926647881464,1.5001153535464824
68700,0.41847919912758497,0.4559016117416207,29015.718072576456,1.5010387400287235
68800,0.41908813285092866,0.45652200076613814,29054.151086503392,1.5016101559247794
68900,0.4197609499912944,0.45723055099523685,29095.72630844986,1.5022138528074789
69000,0.42028369097527285,0.4576783659014261,29133.45775264996,1.5032057954054048
69100,0.42084332786744516,0.4581931565703445,29172.392024245186,1.5040931906899635
69200,0.4214467098374367,0.45895299218969154,29215.39262226661,1.5045695287551353
69300,0.4220661600176688,0.45939455609932095,29259.781554960562,1.5053784816344833
69400,0.4227619656979278,0.46016570277336155,29302.915483921086,1.5059801947023543
69500,0.42335206093161,0.46075390722983434,29346.193088329608,1.5067073478720265
69600,0.42385830802653696,0.46157972345075926,29392.427584053723,1.5076786410393348
69700,0.4245580070151235,0.46242117840885605,29436.461991367854,1.5081045440567946
69800,0.42514271168219414,0.46309340064195215,29475.393031870255,1.5087184544298093
69900,0.4256704747547574,0.46380386409858826,29516.525589591096,1.509596120673712
70000,0.4262796513267664,0.4646440307889649,29555.37002219102,1.510200748651107
70100,0.4267832278429509,0.4651429351981145,29601.73166514564,1.5106908536292196
70200,0.4273926443628006,0.4659652447334215,29643.81103913803,1.5113001358080544
70300,0.427915446960731,0.4666066395806107,29685.89941632762,1.5118284036687084
70400,0.4285934092646342,0.4672545414561728,29729.77397846889,1.512675577457739
70500,0.4291757514987075,0.46773132510748744,29767.934035450227,1.5132553097938313
70600,0.42978700292189664,0.468420880669381,29808.891153200093,1.5142217139988354
70700,0.43038552405237374,0.46910447703436725,29853.310675023597,1.5151354019542032
70800,0.43099028432548,0.46996244061031006,29898.170359590153,1.5156564473158032
70900,0.43161756916660254,0.470684754165251,29944.13402714145,1.5164687685496259
71000,0.43221960494211503,0.4714015957338576,29988.080001884202,1.5171807313224004
71100,0.43288294748189515,0.4721951150520598,30033.150954422985,1.5176891520316478
71200,0.4334608835028966,0.47276948793928125,30075.280654765553,1.518534141981857
71300,0.43407262707961014,0.47361556584774017,30118.053491690705,1.518957887464519
71400,0.4347030916171242,0.4744133266689812,30158.175074580286,1.5195089097648666
71500,0.4352654665890961,0.474995835426562,30202.90367134244,1.5204551838912523
71600,0.43585220638110794,0.4755453991058587,30247.934902452853,1.5209129839189397
71700,0.4363628027732897,0.47634222291262923,30291.15859889215,1.5213965839924735
71800,0.43700528340551775,0.477192325722349,30335.62918191917,1.5219142805993284
71900,0.43756914451160434,0.4779706360356144,30373.20385181193,1.5226811964547229
72000,0.4381919131630989,0.478666131071923,30416.86774374372,1.523617989945972
72100,0.43886069059099553,0.47930322687131294,30460.06668947487,1.5240836471891288
72200,0.43942705205882604,0.4799492768952521,30497.989152651902,1.5246135494864097
72300,0.44004360655653635,0.4807474893409951,30540.620192285896,1.5255675943077251
72400,0.440703770032625,0.48133335401141314,30584.714586057882,1.5259796246323085
72500,0.44131033723242974,0.48212266346570964,30625.740149283738,1.526877509156936
72600,0.44196063387035733,0.4825820842471264,30665.50743464154,1.5276610377520021
72700,0.4425271637681861,0.4830613485236975,30703.83651250297,1.5281229376879504
72800,0.4431782301259549,0.48355741984465117,30742.439030745452,1.5288699179040444
72900,0.44372728194621486,0.48419136531417944,30784.96995986782,1.5297769609855416
73000,0.44422278935959164,0.4848810233703331,30828.607768881284,1.5305144755148352
73100,0.4447684633404001,0.4853655109210918,30873.53082929155,1.5311075520517199
73200,0.4454086961745693,0.4861048183282921,30917.850474559244,1.531826157697295
73300,0.44592924169698195,0.48671853875836174,30962.987049907064,1.5327850045481035
73400,0.4464390907540664,0.4874484384856249,31002.05711012468,1.533641279499695
73500,0.4470595555724532,0.48798053344234366,31043.596722409264,1.5342188060562876
73600,0.44769644659931396,0.48862656326224213,31081.614646378264,1.5352090286496456
73700,0.44819657219179315,0.4893330717299471,31123.621840593703,1.5359666101837715
73800,0.4487319762699148,0.48988694692396456,31169.731577536008,1.5365564775612068
73900,0.4494225488636974,0.49069349717741423,31209.75411925293,1.5374234733631917
74000,0.4500860171650031,0.491456696151013,31250.23468602295,1.5384245146812292
74100,0.45070368505864644,0.49227116657264375,31296.52570940309,1.5392465340528318
74200,0.4513721959187923,0.4928012124897085,31337.412398886438,1.540165889889252
74300,0.4520508563071512,0.49333429326727235,31374.969471213844,1.5411499623862928
74400,0.4526830676938372,0.49417592371936414,31419.53370102515,1.541871041358795
74500,0.4532199098760757,0.4946295602794979,31464.14898791738,1.542761517219159
74600,0.4537672799295152,0.4953200154265948,31506.288848241733,1.5432723316537738
74700,0.4543859252034163,0.4957774463559857,31551.248844831764,1.544236712502802
74800,0.45503596014630926,0.49627524034553006,31594.418989055503,1.5447287830404588
74900,0.4557194366407346,0.49682058789973893,31632.075440110173,1.545234899325749
75000,0.456291896061373,0.4974623937498004,31676.41805296487,1.5459296231395954
75100,0.4568481536824677,0.4981847651287634,31718.0712136712,1.5467581667236614
75200,0.45751182370488336,0.4989528044508638,31757.887969219006,1.5476968330892353
75300,0.45812344743970074,0.49948287322906565,31795.78778495172,1.5485457452463312
75400,0.45865824826054313,0.5002294735200212,31840.274314362814,1.549241537378199
75500,0.4592461078687448,0.500701072941271,31878.728421792883,1.5501598282698086
75600,0.45983941800644695,0.5011855327169218,31924.17991882017,1.550715503580893
75700,0.46046544341129814,0.5018019341655925,31966.525946292713,1.5514447879153523
75800,0.46097360560817313,0.5025682249176292,32009.196910715014,1.552422716325977
75900,0.461620938569033,0.5032768292061852,32050.405985640828,1.55307105418199
76000,0.4622903215628355,0.5038021122159502,32088.548673984627,1.5535333743314852
76100,0.46283944709011626,0.5043589952555552,32132.726123883513,1.5539776199469317
76200,0.4634165194334386,0.5052023040432032,32172.44660140986,1.5548496753937147
76300,0.4639117103438442,0.5056853116911888,32215.20522677743,1.5557473853142036
76400,0.4645149568258679,0.5062016327148806,32254.456433687785,1.5566729186888262
76500,0.46517545143525996,0.5068120453674781,32293.00476182282,1.557445871421587
76600,0.46569613444292346,0.5074389702898245,32337.27920125349,1.5582911390585554
76700,0.4663941641517967,0.5082027635479085,32381.13505511064,1.5587332446758213
76800,0.4670459361447642,0.5087017923769006,32426.609020499818,1.5593678314447585
76900,0.46753834648310477,0.5091452598186346,32463.92142697216,1.5602347792202427
77000,0.46812285244148827,0.5097013779901514,32507.46009212271,1.5609102909653805
77100,0.4688143327273914,0.5103508402150719,32553.015515111325,1.5618236364018627
77200,0.469344751749774,0.5110295776288253,32598.53825765703,1.562419593689544
77300,0.469837651341193,0.5118536995576227,32640.491466237858,1.5628422537515803
77400,0.4704193213082424,0.512659946805826,32681.568896331195,1.5636798051537026
77500,0.471049268061451,0.5132590470774466,32721.546938297215,1.5644052605567156
77600,0.47165575426096695,0.5140012577504175,32763.272474760175,1.5649832898319593
77700,0.4723523483681019,0.5147279276494051,32803.09249546022,1.5659248237793417
77800,0.4729955532111292,0.5153244677333391,32843.722639746535,1.5669257255633364
77900,0.47362870193089146,0.5160808718906346,32883.79170209267,1.5677751200746508
78000,0.4743311864410145,0.5168036996737766,32926.61511880038,1.5686537400735092
78100,0.475006231863918,0.5175073992093566,32972.364595522435,1.5694635872640676
78200,0.475697516439723,0.5182839023814585,33017.26523551711,1.5699793606913184
78300,0.47632814041616833,0.5190876816012527,33058.7732081299,1.5707439375620627
78400,0.4769682518553038,0.5198620867773526,33104.885149900234,1.5711903027246807
78500,0.47749151583555105,0.520558039406525,33143.8280640895,1.5721573486836713
78600,0.4781403831798409,0.5210069477995708,33187.07709914803,1.5729747641679659
78700,0.47870795642188113,0.5214902228712182,33231.6207143633,1.573662718222042
78800,0.4793307708919684,0.5219468771082839,33270.23853245455,1.574619639652753
78900,0.479907459326298,0.5225096582955483,33315.989022179216,1.5750692335505765
79000,0.4805469651543978,0.5233028142838245,33356.040497396,1.575598920939177
79100,0.48105413916960893,0.52406868154803,33393.77568253951,1.5762908296043316
79200,0.48156018930597927,0.5246487276633349,33436.43966940914,1.5770894198575327
79300,0.48224028415147313,0.5253786005039055,33474.27657067049,1.5780382242586963
79400,0.4828680301857472,0.5258648703086264,33516.88911399958,1.578457823774521
79500,0.48344511106966964,0.5265015069284127,33563.20837106078,1.579052398749296
79600,0.48401963370123924,0.5271498018990604,33608.15469472405,1.5800012369918262
79700,0.48458939063530077,0.5278657439377474,33652.485378145844,1.5808311018388688
79800,0.48522059305762,0.5285683183525308,33690.741270135506,1.5813332694279454
79900,0.48573587199446555,0.5290850243754566,33736.51984317052,1.5820429478529785
80000,0.48632511313965054,0.5297587729137072,33775.62051223776,1.5830298886446423
80100,0.48687413535138524,0.5305219623713444,33813.25053463223,1.5835852727072133
80200,0.4875553138995286,0.5310810671625983,33853.94490558395,1.5843458007827225
80300,0.4880591639759745,0.5318334536630077,33897.024458903645,1.5850082171366235
80400,0.48874544025439914,0.5323730244511897,33934.29235778498,1.585496139761625
80500,0.48944765118309136,0.5328160068753369,33973.36668186947,1.5863576740004628
80600,0.49001414763904677,0.5334013389231229,34017.141690838835,1.5871967138849457
80700,0.4906551843948413,0.5342071774783884,34056.44562435642,1.587624529927634
80800,0.4912538747549188,0.5348412249253499,34102.13831199792,1.5882093804210222
80900,0.4918243698306235,0.5354208817848451,34147.38015467124,1.589079748350527
81000,0.49239996768925637,0.536234991789078,34184.88768626321,1.5897200579773547
81100,0.49297004847332426,0.5369596166992333,34226.17593548561,1.5901984901051038
81200,0.493471702307534,0.5376718500444465,34269.54471099164,1.591042249505348
81300,0.4940031059293302,0.5381864393190863,34307.48677500889,1.5920194680171424
81400,0.4947028594230815,0.5389041075921728,34349.662842781814,1.592629655376887
81500,0.4952246540206061,0.5396743375118451,34394.96031511215,1.5933326848651717
81600,0.49590372350554535,0.540321628069476,34437.38830383554,1.5939757028081485
81700,0.49655479242781797,0.5408027368020027,34481.64399390158,1.5948695543825218
81800,0.4972481382774338,0.541565686091702,34525.160490879935,1.5955138724345648
81900,0.49792119299311416,0.542042900502899,34562.9199939104,1.596462706487553
82000,0.49854096595724734,0.542637354976819,34602.79922134067,1.5969008806187721
82100,0.4990732528504474,0.5431690136498624,34648.39145329755,1.5976192249217267
82200,0.4996503162877554,0.5439585717899134,34693.751338421665,1.598115822298884
82300,0.5002957127517268,0.544397159314992,34735.557800210154,1.598736889436615
82400,0.5008408954698486,0.545033823764206,34779.66793818357,1.5994102784341442
82500,0.5014835571895291,0.5456071829176204,34817.138043850755,1.6002340330311087
82600,0.5019866777670762,0.5460861950584599,34862.026706911165,1.6011918649601709
82700,0.5024825274831518,0.5466813054286017,34905.072814069754,1.6019401089888405
82800,0.5030691761294585,0.5472754168828943,34945.83155850338,1.6025929675804162
82900,0.5036925624548942,0.5481331649410269,34985.087216925356,1.603253391048643
83000,0.5042029279523195,0.5486423023502114,35024.392116045114,1.6038194242204595
83100,0.5048958782061188,0.5493169295373087,35065.16354249381,1.60454739898031
83200,0.5054230255050418,0.5497747832969947,35103.99233020627,1.605135617412054
83300,0.5059466540642628,0.5504971111395645,35142.52917438049,1.6058067445596453
83400,0.5064717714124772,0.5511252784864668,35183.77260705551,1.6062255795433498
83500,0.5070929197284649,0.5518481330447328,35222.9204863985,1.6071021821534783
83600,0.5076077684535615,0.5526827007240502,35262.05579486479,1.6078317533774442
83700,0.5082238958839784,0.5533223023430303,35306.53978073541,1.6082999854364535
83800,0.508818445419328,0.5539789856561388,35347.73578970779,1.6088046368444477
83900,0.5094129623590177,0.5546376956987107,35387.62581086179,1.6092694879649516
84000,0.5099293520774844,0.5553923800013196,35426.362690912894,1.6099456103536083
84100,0.5105873102651414,0.5559469853113691,35465.435930321044,1.6103559761298423
84200,0.5111810980419361,0.5567267297973252,35510.59996320373,1.6110229739262452
84300,0.5117492038950999,0.557454126004822,35554.45311722409,1.6116539868547468
84400,0.5123917270674602,0.5580056575256648,35598.933630588705,1.6121987816701009
84500,0.5130019519854948,0.5586226159063514,35640.131441356134,1.6127155641352373
84600,0.5135604419915486,0.5593570934089913,35686.349820392184,1.6134377445057355
84700,0.5142424287919057,0.5598982006156088,35732.39739093755,1.6140632655017222
84800,0.5149032022854051,0.5603913985127821,35773.46425792454,1.6149026775246678
84900,0.5155480437928669,0.5610804445993745,35812.35817774379,1.6154076476643773
85000,0.5162133465653158,0.5617733960277459,35849.89201315316,1.6162877017177333
85100,0.516798313486077,0.5622232343426522,35895.29985397413,1.6172768637359696
85200,0.5174891893582005,0.5627733855266719,35935.58733581779,1.6182192234171615
85300,0.5180557794875429,0.5633981340243901,35981.07874562846,1.6187948024820746
85400,0.518564380555217,0.564204966497982,36019.473733033316,1.619478731810372
85500,0.5190809521213279,0.564980379780638,36060.62044078829,1.6203603894960192
85600,0.5197616466260913,0.5654255222753433,36099.785438457264,1.6213608365742098
85700,0.5203034697026007,0.5659109069556699,36144.993769109926,1.6218388711254956
85800,0.5208736480397546,0.5666433546083784,36187.175021535964,1.6226566433996799
85900,0.5215081863147287,0.5672885480491202,36229.61699393563,1.6233410086152138
86000,0.5220943671260883,0.5677471097726378,36274.861764775625,1.6241919468005026
86100,0.5226776642836226,0.5684327019256771,36313.40817946527,1.6250771896529208
86200,0.5232934708429665,0.5689982059338482,36351.667777187955,1.6260247255838614
86300,0.523954171284218,0.5694728222383567,36392.784640852165,1.626738120187536
86400,0.5244898760390804,0.5702330740189301,36431.47693350192,1.6272650384066467
86500,0.5250878937552949,0.5710790132851146,36477.65713736238,1.6280636385188436
86600,0.5256136607199965,0.5717804185068645,36520.6573415508,1.6287252792935334
86700,0.5262007266569182,0.57262258423087,36566.627629130024,1.6293204564040333
86800,0.5268707213607978,0.5733732500867387,36605.83018352506,1.6298921265289295
86900,0.5275500255345698,0.574198799550857,36649.953762782505,1.6304466352733769
87000,0.528200926467422,0.5750049381546934,36692.04134567203,1.6312703722409807
87100,0.5287138318388124,0.5756442285214785,36734.47378601273,1.6319345505551524
87200,0.5292453219855061,0.5760977622930248,36780.28179277299,1.6324788099730443
87300,0.5298731487719034,0.5766525575988309,36822.19881583299,1.633405722637295
87400,0.5304649077212426,0.577431980962277,36866.84729945657,1.6339512138484416
87500,0.5311432315772798,0.5782272620126858,36904.04623942747,1.6344944428360788
87600,0.5317772039019043,0.5790022703033372,36946.82152832113,1.6353354627540364
87700,0.5323611231542259,0.5795122763078638,36989.67841681936,1.6359474849128952
87800,0.532966957888337,0.5803052876035787,37033.60974032075,1.6364842596026956
87900,0.5336696883713197,0.5811124661243258,37071.17607332918,1.6371513299160185
88000,0.5342626776924505,0.5819719321635326,37110.30333166668,1.6380790419549685
88100,0.5347520330184355,0.5828197058095489,37147.511702000374,1.638971356158171
88200,0.5353621311266447,0.5836556880428834,37189.96147199493,1.6398827509325633
88300,0.5358865057178519,0.5844650854302599,37232.03680194554,1.6407074559338732
88400,0.5365584153177432,0.5850197455569652,37275.25362511251,1.641538675954615
88500,0.5370804544975928,0.5855305092219046,37313.6825302218,1.6423629713293897
88600,0.5376066801111727,0.5861946505781865,37358.85171488033,1.6433605199991932
88700,0.538291992281461,0.5869015200912067,37404.72643294306,1.643886727468499
88800,0.538781581878351,0.5874813071966194,37444.897808628826,1.6443136973185313
88900,0.5393417225516648,0.5883132775592024,37489.10780412503,1.6451137782348317
89000,0.5399530201827953,0.5887573727152879,37533.203571836166,1.6459673927585265
89100,0.5405268137064088,0.5891948375540378,37572.2773905886,1.6465851614188132
89200,0.5410340223828182,0.5899105920589006,37609.45512335602,1.647573977025698
89300,0.5416644283471871,0.5905995274237781,37648.07833963489,1.6481091370698873
89400,0.5421973344747959,0.5911697420077506,37690.17930648955,1.6486358804862427
89500,0.5428291679906777,0.5916062021694893,37735.398519760965,1.6495791613188397
89600,0.5433498820487197,0.5922199703373774,37772.78761286519,1.6505258092730284
89700,0.5439181617595001,0.5930032311585293,37812.284503328316,1.6514272374901506
89800,0.5444770045126298,0.5934423588838939,37857.36067271424,1.651862914924448
89900,0.5451741755542316,0.5940250861817333,37899.76935538615,1.6523671284080617
90000,0.5457762476860616,0.5948541162652098,37939.625542094196,1.6529554926432284
90100,0.5464269708849344,0.5954840065211662,37978.70141276942,1.653938443427087
90200,0.5471232909218722,0.5960639374280141,38023.90946917194,1.6544622291490136
90300,0.5476779038635545,0.5968787773906344,38067.60456687211,1.655456535300205
90400,0.5482037986671904,0.5974640997700706,38109.07258403528,1.6563563506804992
90500,0.5486967791957785,0.5980976792960327,38150.50887687536,1.6568148714470174
90600,0.5493550465370685,0.5986589074906816,38189.12246866361,1.657667335665538
90700,0.5500415446693178,0.5994686729148541,38229.466956036034,1.6584473833142117
90800,0.55068925760333,0.6000499113067913,38267.004019484746,1.6590824301655387
90900,0.5511923059787662,0.6006755767928426,38312.478318905414,1.659937295528379
91000,0.5518715652313989,0.6012710218424012,38350.617417579575,1.6607570973311088
91100,0.5523721201625968,0.6017578815289706,38390.467509908456,1.6612231958268808
91200,0.5528663741614647,0.6024701982801507,38434.43394573425,1.6618849322781752
91300,0.5533736070785542,0.6030806995788861,38479.131735578194,1.6623220687034042
91400,0.5539162617091512,0.6036523329125246,38516.45777328676,1.662926566042368
91500,0.554485478513945,0.6043702009158389,38561.53090915863,1.6637901650624993
91600,0.5550719012628007,0.6051534877118092,38607.23801152414,1.6643962054737678
91700,0.5557729796042584,0.6056616838471757,38650.29577347937,1.6651456929924384
91800,0.5563616385536199,0.6065108210507145,38692.040472486566,1.6656162586874719
91900,0.5570292928137278,0.6071009421744004,38729.18698901078,1.6660883952981047
92000,0.5576337484709231,0.6076370716903375,38770.38885982058,1.6665075136661418
92100,0.5583255949366076,0.6084786102101228,38811.888130077445,1.6672295411931985
92200,0.5588727910539231,0.6090796171744636,38849.45911938537,1.6677624755644125
92300,0.5595633349463845,0.6096050324570154,38886.64981827325,1.6686893228839932
92400,0.5600963635495332,0.6100480234671238,38928.44582901505,1.6696277348151587
92500,0.5606749261086722,0.6108213469470486,38966.35435456463,1.6705132985260465
92600,0.5612047909104846,0.6113194662471956,39006.6237310016,1.6713544008007786
92700,0.5618031748101616,0.6120304756315539,39052.00339828824,1.6723193433918484
92800,0.5623340756040288,0.6125658442309151,39094.28880717464,1.6731601149119384
92900,0.562876818301603,0.6130952931991954,39134.13758048631,1.674025978812496
93000,0.5634882945839162,0.6136913543160223,39175.06238634386,1.6747201460251742
93100,0.5641541151111592,0.6142746447472762,39214.756645661866,1.6754714125540078
93200,0.5647061243799574,0.615045568680904,39252.44168804935,1.6763351743400385
93300,0.5652145354322943,0.6156764017493725,39294.18035049984,1.6771204283541798
93400,0.5657309638054716,0.6161251620365551,39334.3526557687,1.6777469656217268
93500,0.5663393757134237,0.6166236465724398,39371.727197340675,1.6783961541978245
93600,0.5669791855948173,0.6174619990827942,39410.22681569239,1.6792831135952602
93700,0.5675945764981809,0.6181911333916756,39452.46094364351,1.6797037100232535
93800,0.568241732120052,0.6190211614994693,39494.02449534236,1.6803141796100785
93900,0.5688388457355715,0.6197290500239959,39540.291093281514,1.6809396745696894
94000,0.5694617875868223,0.6203880474089756,39582.212566808776,1.6815046948620418
94100,0.5700303495785799,0.6212069642787549,39623.73359406498,1.6819425143889009
94200,0.5705237370913036,0.6220504173573421,39668.074804703785,1.6828315000105833
94300,0.5711128289660499,0.6225200998954615,39707.359179028856,1.683298085307777
94400,0.5718043776414681,0.6230142581463209,39752.51248342736,1.6839955102603779
94500,0.5723962065748045,0.6234925798532587,39797.8596364703,1.684497414068488
94600,0.5730721861695683,0.6243485921412288,39837.28625623749,1.6850244610167902
94700,0.5737367621180555,0.6250915914740528,39877.80638803356,1.685489454855067
94800,0.5743189561159987,0.6257531619988258,39921.531395785656,1.6864230360017454
94900,0.5748151000767668,0.6265591802598732,39964.75346258097,1.687100562483999
95000,0.5753122327142579,0.6270500660497477,40005.75542140779,1.6878301836876928
95100,0.5758378858631179,0.6275914672911868,40045.20408216645,1.6885462673983598
95200,0.5765274999508636,0.6281108957671461,40083.45927843581,1.6890333679317435
95300,0.5772181679623394,0.6287593277510035,40124.712977660245,1.6896394871911116
95400,0.5779012177554204,0.6295428564871357,40161.86611736749,1.690589548620358
95500,0.578390000175606,0.6303985515825377,40203.47133364589,1.6912859380595051
95600,0.5788895580787387,0.6309593802617426,40249.50757337837,1.691881370900413
95700,0.5794844230803701,0.6316872488786188,40295.13859206236,1.6923210510956668
95800,0.5801082052644153,0.6324526538534709,40336.82151033737,1.6929622111819376
95900,0.5806054035235336,0.632927893595759,40382.63048274625,1.693814016321127
96000,0.5812702378034182,0.6333794304206142,40423.99580898642,1.6947635909317276
96100,0.5818174832780693,0.63404885048689,40461.766400256834,1.6954394631813776
96200,0.5824387904190612,0.6345678363215138,40505.810448416996,1.6958587360623107
96300,0.5829465341166146,0.6351277692475735,40550.94166736772,1.6962837585780057
96400,0.5835180030656083,0.635635555239857,40596.47693029389,1.6971428284493772
96500,0.5841310952411185,0.6364850489000973,40634.341812097635,1.697735082767016
96600,0.5848097340671887,0.6369216965555805,40678.714969180226,1.6983654373954862
96700,0.5853786508205329,0.6375867027003186,40722.65478452218,1.6991475753833936
96800,0.5860329172434066,0.6382775917005095,40767.85107111598,1.6995798225907264
96900,0.5866672689654955,0.6389344410495783,40808.5511814876,1.7000506105251003
97000,0.5872157528178019,0.6395715094141052,40850.82218511582,1.7005539574198858
97100,0.5879045006536985,0.6402647649570467,40895.70941525535,1.701540049001835
97200,0.5884571913315421,0.6407297031724608,40936.137285359495,1.702072505776411
97300,0.5891120439510052,0.6415769390838005,40976.99271323339,1.702795215127701
97400,0.5898076321737475,0.6421377976700652,41015.46310482221,1.7032269494811034
97500,0.5903974677180726,0.642926605507771,41059.182503447504,1.7038161063218276
97600,0.5909957663167918,0.6435914580716965,41097.16170432665,1.7042869208213254
97700,0.5915795690924156,0.6441265810559057,41136.66221315741,1.7048447907247881
97800,0.5922729042840886,0.6447301135021994,41178.701702856786,1.70573725030006
97900,0.5927799138143116,0.6452624180398192,41216.610057770245,1.7062652022323959
98000,0.5933569206637442,0.6461019953188206,41261.04862155029,1.7071841530096392
98100,0.5938550555008312,0.6467040461133641,41307.08599404107,1.707792547939814
98200,0.5944687660752649,0.6472606414995032,41352.03512147374,1.7085118393823067
98300,0.5951205482935112,0.6478196350989114,41389.89713756238,1.7093136381472527
98400,0.5956279557659535,0.6485587095294177,41430.20151097224,1.7098474014833587
98500,0.596203542991806,0.6492680556796135,41475.27079495837,1.71074595222888
98600,0.5969050937180369,0.6500426156153027,41516.74567747025,1.7113063364483276
98700,0.5975908609280042,0.6505238039496668,41556.68093285712,1.7119273194653986
98800,0.5981461035685511,0.6512382970658211,41600.3566985438,1.7127880169105334
98900,0.5986686466408919,0.6519583564281821,41645.65884467342,1.7136149349895653
99000,0.5993475126370035,0.6527860897179735,41683.69477484034,1.7143085863910255
99100,0.5999880316162406,0.6533325644764297,41722.563917203086,1.715224631319011
99200,0.6006898502144933,0.6540874994965361,41760.093047991104,1.7160844196202918
99300,0.6013014101314357,0.6548594930805994,41800.71543350922,1.7170577369165207
99400,0.6018904160004114,0.6556913772971159,41846.92989413201,1.7179114961967077
99500,0.6025530202759412,0.6562846223060561,41892.988927223094,1.7187832213891252
99600,0.6031319652070017,0.6571222253016301,41935.30758463572,1.7195533449649756
99700,0.6036356722924908,0.6576774598299091,41979.3564494803,1.7201206117663963
99800,0.6042218177977249,0.6581315589775095,42020.19032323283,1.7208983308793084
99900,0.6048719441932564,0.6586645154126953,42065.28453258335,1.721748186874787
100000,0.6054017264990126,0.659461674411173,42108.20890328042,1.7225551717840624
100100,0.6059399541648166,0.6600920732029024,42154.03556014354,1.7231962318646465
100200,0.6064580821820842,0.6605745504282751,42198.894308980125,1.7239716641057508
100300,0.6071071236312733,0.6613599576458202,42243.03426513166,1.7245737504844245
100400,0.6077065649875868,0.6619516401412852,42282.9825948876,1.725294996169713
100500,0.6081964275381061,0.662791941544554,42324.34830710563,1.7259320002979042
100600,0.6087071147205706,0.6635660724656384,42361.49424567058,1.7264913586984894
100700,0.6092900984576245,0.6640785353784998,42402.00124812728,1.7269916681166035
100800,0.6098669318162878,0.6647856086283086,42446.59977634363,1.7278891475414762
100900,0.610520239551828,0.6652452919336017,42486.697752000284,1.7286429065665039
101000,0.6110895884528006,0.6660487465312891,42529.87422474624,1.7296088819261994
101100,0.6117725742383752,0.6667022450657617,42570.51155620386,1.7303716116142607
101200,0.6124534315311707,0.667196837029682,42612.650840097194,1.7309104599282787
101300,0.6130107854240329,0.6679816288290411,42652.91570510091,1.7318339119592365
101400,0.6135226560927426,0.6684366651770326,42698.6965711547,1.7323855535432764
101500,0.61403845196573,0.6691541039150773,42737.007129829,1.7333029852475454
101600,0.6145621612126428,0.6697391073774219,42781.8710066598,1.7342675058720065
101700,0.6151367583812085,0.6704045171950805,42824.68226967598,1.734824128521769
101800,0.6157497131106372,0.6708729478100636,42868.37862313896,1.7356681415372925
101900,0.6164061953947526,0.6715932077831588,42911.64404533866,1.7363877289613814
102000,0.6169127920935181,0.6723307779244599,42951.33088940397,1.7372238703598728
102100,0.6174769293974001,0.6728072610727597,42995.627125109546,1.7377883385691597
102200,0.6180714981393339,0.6733222498455486,43032.722619263244,1.7382411905383615
102300,0.6185929572568701,0.6738619881050923,43073.86399115477,1.7387909021806083
102400,0.6191598768583777,0.6746078490850272,43113.3310684561,1.7393217088582267
102500,0.6196617640814571,0.6752036466700698,43151.15702958458,1.7401277551070906
102600,0.6202600187711809,0.6758602788558744,43189.83864546393,1.7406226821649198
102700,0.620904376592265,0.6764540475546789,43231.506930134026,1.7414938199423184
102800,0.6214339224697671,0.6772881890900829,43272.4636369871,1.7419173183571228
102900,0.6220215653304402,0.6778728325441816,43316.86876076959,1.7428325832047287
103000,0.6226571407785622,0.6783097710116065,43357.3543702693,1.7433467487009173
103100,0.6233167208835992,0.6788533149320073,43395.19309360468,1.7440357610321364
103200,0.6239672138837452,0.6793676133104256,43433.322744966215,1.7448403192182773
103300,0.624581075057641,0.6800170935774454,43478.789699709065,1.7455807162454267
103400,0.6251154415054889,0.6804736890646019,43524.365421316485,1.7461880824197584
103500,0.6258036046428135,0.6809335722609997,43569.367331853566,1.7468761786481524
103600,0.6263825726905068,0.681610121660261,43612.22943550709,1.7473316421411618
103700,0.6270111191879522,0.6821965291437382,43650.53627011847,1.7480193572723075
103800,0.6276042850645208,0.6827775327889625,43695.128273212365,1.7484996526804089
103900,0.6281946412533918,0.6833749987564437,43734.14377741957,1.7489247197486482
104000,0.6288131173835815,0.6840517610250888,43776.47988431712,1.7496371174601784
104100,0.6293914162201178,0.6848360926186216,43820.84917859861,1.7504327757784908
104200,0.6300856693266246,0.6856350366472468,43862.64239292974,1.7513026622204082
104300,0.6306245935318393,0.6861256348251388,43900.365227862334,1.7518033507436128
104400,0.6311151592131052,0.686812663168565,43939.49702230228,1.7527670752467437
104500,0.6316898561565081,0.6875771779206347,43985.62608521012,1.7532323855151708
104600,0.6323905940607141,0.6882305949419205,44026.3225123641,1.7540278122800368
104700,0.6330149940140283,0.6889594112300274,44065.233599642306,1.7547170825062415
104800,0.6335253464028167,0.6894765764494526,44109.47494513049,1.7552219135046248
104900,0.6342117528798015,0.6899444297294378,44149.69276351316,1.7557678077369379
105000,0.6348958315302307,0.6906170231868421,44187.289646637924,1.7565563962635085
105100,0.635398027865861,0.69112164269065,44228.18111162374,1.7575028027473347
105200,0.6360578685464016,0.6918427181869521,44270.70838215886,1.7584191604966222
105300,0.6367180526951531,0.6925884788775682,44308.50349833661,1.7590053296710686
105400,0.6372523573877725,0.6932195948281641,44353.179282362864,1.759644408977428
105500,0.6379435574324626,0.6940033249420229,44398.92598136007,1.7601416523484565
105600,0.6385432580741237,0.694728623847106,44441.78887600191,1.7607256625533794
105700,0.6390467296925136,0.6953277067732428,44484.44923569915,1.761617884050857
105800,0.6395388995475382,0.6958553362290981,44521.88455765292,1.7620944916058023
105900,0.6402247387543701,0.6963183565885206,44567.68437736157,1.7630756069546811
106000,0.6407467973253442,0.6971253683493599,44608.41325712076,1.7639136067319814
106100,0.6413244169118569,0.6979788862901907,44649.30622291972,1.7648955461572318
106200,0.641985438802042,0.69855820841826,44688.68978718233,1.765667835036588
106300,0.642660594964023,0.6990106488952622,44729.70403507195,1.76659518543919
106400,0.6433518756666543,0.6996927021208086,44769.412157285034,1.7671772410068545
106500,0.6439671563628108,0.7001894563396718,44807.65351865098,1.7677930540191256
106600,0.6446129802995152,0.7007459042181796,44851.64368837528,1.7686831115651096
106700,0.6451029000873261,0.701272210377817,44888.75425106182,1.7693090716475008
106800,0.6457178673346033,0.702004221549901,44930.242457893975,1.770285683616157
106900,0.6462581036237579,0.7026037871159263,44968.61937863128,1.7708182054839854
107000,0.6468127129270764,0.703060298464783,45010.372812168804,1.771724003910297
107100,0.6473760711393092,0.7036591420721401,45054.220745001854,1.7723475958114991
107200,0.6480330133843863,0.7042406137733503,45096.09187091642,1.7730998351707872
107300,0.6485876634030785,0.7050588603938084,45142.15975063516,1.7740023327443892
107400,0.649075764701743,0.7055947044441321,45180.24213903251,1.7747646279235905
107500,0.649683532424029,0.706334714766459,45222.595850032376,1.77559606136631
107600,0.6502715675164307,0.7071181241003741,45261.75240080815,1.7764510579344752
107700,0.6509067015942454,0.7079469552303858,45303.17412082728,1.7772978514139057
107800,0.651582922446539,0.7085286487999728,45346.08318948195,1.7779118055847187
107900,0.6520739722653317,0.7091996400026085,45384.62134166003,1.7785703025714101
108000,0.6526389733636676,0.7098628018239309,45430.47057081771,1.7793149338968923
108100,0.6532446998096971,0.7103168201053714,45471.83929020851,1.7800009092900577
108200,0.6538270954124327,0.7108583337627302,45514.61029498897,1.7806467280774978
108300,0.6543492163558738,0.7113817681950243,45560.11936153596,1.7814242149936468
108400,0.6549478160006507,0.7119219167605758,45604.64116780234,1.7822890050641
108500,0.6555449759660064,0.7125183989035011,45643.96880920641,1.78323226153134
108600,0.6562016427514608,0.7132857871991378,45689.41713124531,1.7840858508317323
108700,0.6567068033437263,0.713877981214982,45728.944439148974,1.7849905858200652
108800,0.6572909684293015,0.7144080303576635,45767.709377545,1.7858105322043882
108900,0.6579009361049315,0.7150795963621646,45809.116295767024,1.7863729850082635
109000,0.6584469010556128,0.7157281196954073,45852.416882065634,1.7871743893686536
109100,0.6591180631683855,0.7164095122196357,45893.40021749942,1.7876233972649391
109200,0.6597250287130747,0.7168760391461164,45933.564869603,1.7883860098300826
109300,0.6603930282989847,0.7174495727373686,45971.90775638928,1.7892853412497955
109400,0.6609796060895807,0.7182898577212179,46012.92008247271,1.790069084855794
109500,0.6616227447026095,0.718926479545045,46057.45817982577,1.7910159330724469
109600,0.6621284361731737,0.7195891040405266,46096.53003991778,1.7919004534178455
109700,0.6626750601274609,0.7201937857821019,46137.8428677601,1.7926567913835363
109800,0.6633656537315681,0.7208960339330142,46181.531206309024,1.7932198678349822
109900,0.6638614320513614,0.7215183620656975,46221.30077436983,1.7940084651666397
110000,0.6644846516082463,0.721980634798661,46258.40561381057,1.794430668073717
110100,0.6650359501172495,0.7224744601766184,46295.58878234351,1.795084263238285
110200,0.6655410826328332,0.7229923074455624,46337.461260682496,1.7955600957528595
110300,0.6662222716617316,0.7234369460686224,46380.98273073127,1.7963723114004586
110400,0.6668804017141842,0.7240015070153406,46418.93900016362,1.7973128842242596
110500,0.6674281870367272,0.7248533986852155,46456.69784496819,1.7979692343318447
110600,0.6680931642809967,0.7255418439931289,46502.86740683371,1.798664765981265
110700,0.6685910530877106,0.726127569656353,46548.061803734345,1.7994839788933064
110800,0.6691301928470919,0.7267309671466491,46587.999831413836,1.8001625116586486
110900,0.669791549969767,0.7273363542704439,46631.65167898247,1.8010357346600336
111000,0.6704279722921235,0.7277934637811749,46674.153717756875,1.8015267795474001
111100,0.6711091213001278,0.7282445195297922,46717.48422993073,1.802288139398348
111200,0.6716347527357045,0.7288614012565128,46761.19925038426,1.8030710061399369
111300,0.672143034501646,0.7293610846495423,46806.21307456205,1.8039448042982433
111400,0.6728168075661486,0.7300292826291487,46846.719678877096,1.804882420812947
111500,0.6734596339688372,0.7308856718748264,46891.42590712728,1.8055576336341213
111600,0.6740728060947996,0.7313515903332656,46934.43422531863,1.8065174105119146
111700,0.6746865333350047,0.7317844176714153,46976.60194459872,1.8071640087562006
111800,0.6752185230406949,0.7325863385579511,47018.79516759437,1.8079934894031244
111900,0.67572361635972,0.7333053801277017,47059.708486516574,1.8089052002771184
112000,0.6763511289418185,0.7340311447013483,47103.717362303054,1.809449959241359
112100,0.6769760150289444,0.7344680441053414,47147.62687867454,1.8101769881058367
112200,0.6776773819626967,0.7349432931903792,47189.878368441314,1.810927032163658
112300,0.6781864616182658,0.7356745219188091,47229.62396089098,1.811443465847776
112400,0.6787773670760954,0.7361091329443644,47267.53524422427,1.812044095570878
112500,0.6794725765231874,0.7369250975527346,47305.616137582634,1.8127967423184872
112600,0.6801058372738399,0.7375661224838412,47347.888190051905,1.8135618392784896
112700,0.6806552547858865,0.738144516959753,47386.36040768045,1.8143233291231373
112800,0.6812327150583933,0.7389930556104337,47428.462498999404,1.8149635051043174
112900,0.6819146784831718,0.7396740198842007,47470.78121607926,1.8158643355629782
113000,0.6825973638545355,0.7401870871345017,47511.327608334934,1.816819422036745
113100,0.6831333339888911,0.7408933032038587,47548.40569673659,1.8176162450272892
113200,0.6837588697046277,0.7416992223146333,47586.62547896999,1.818439355127942
113300,0.6843039697166021,0.7421610489712197,47632.19082507013,1.8189528424383454
113400,0.6848423286553742,0.7428157184759694,47675.22466575446,1.8198646466537847
113500,0.6855012316519594,0.7433517458413753,47713.08301876272,1.8208406662270704
113600,0.6860192191800294,0.7440265190887301,47756.75428651739,1.82164489982923
113700,0.6867160376389594,0.7448206409194406,47795.1992770055,1.8226175139660215
113800,0.6873674785721163,0.7454361558543324,47836.64379992036,1.8233704291895991
113900,0.6879625310071897,0.7460254298569424,47882.182742852456,1.824245191179236
114000,0.6884858494160206,0.7468360047116744,47921.15130143974,1.8248706413708142
114100,0.6891765696413066,0.7475104009481714,47963.740268768146,1.8258537413280966
114200,0.6897671668595428,0.7481831385015305,48002.620793460155,1.8263940876838904
114300,0.6904088838543252,0.7488217280588433,48042.419074996666,1.8272159884098973
114400,0.6910922586599824,0.7496177754041625,48085.80716830002,1.827932069139617
114500,0.6917304264373345,0.7500572768064192,48123.2305549213,1.828683936848032
114600,0.6922592510088713,0.750817403404086,48164.3495263216,1.8291764485504118
114700,0.6927851271821079,0.7516733265623906,48209.19589297926,1.8300809413608972
114800,0.6933885373757971,0.7522390654506821,48252.01809130411,1.8305059988483974
114900,0.6940004422187352,0.7527230884495192,48291.675993018456,1.8311845300452807
115000,0.6945492544056523,0.7534519247336305,48336.07321305854,1.8317155930154265
115100,0.6951996524232165,0.7539859121717841,48376.250486947276,1.8321499176066682
115200,0.6958929779594935,0.7544870240857131,48419.448177651124,1.8325654873185975
115300,0.6965514123010272,0.7552896105456276,48463.868757113974,1.8330369253496899
115400,0.6971187641340747,0.7557567993743081,48502.559926991904,1.833569670599287
115500,0.6977948344637083,0.7564672272018905,48544.81390687973,1.834059092428269
115600,0.6983391925343214,0.7572374208919469,48585.25366875406,1.834980579497417
115700,0.6988712656812484,0.7577167592600839,48623.74870851431,1.8354143804958465
115800,0.6993622068879406,0.7582316826033249,48666.798503530445,1.8358666731685305
115900,0.6999334123838814,0.758988554004863,48710.900385662666,1.8365137183523805
116000,0.7005343258521508,0.7595674039417804,48755.739001545975,1.83698830953681
116100,0.7011759211815732,0.7601809521489616,48793.388950390225,1.8379329012100996
116200,0.7018164506203376,0.7608161179760069,48830.96384037165,1.8388890419688306
116300,0.7023850100895541,0.7615172594150207,48872.28373640203,1.8393111076766544
116400,0.7029354510433748,0.7622456406971138,48915.42974007638,1.8397901121844773
116500,0.703472198419378,0.7629616475844989,48953.70033228233,1.8407637509879822
116600,0.7040065354555066,0.7634474782411016,48998.16760754184,1.8413111119180505
116700,0.7046978038558925,0.763918327114958,49042.9160028161,1.8422426366025588
116800,0.7053824370437602,0.7643956821824314,49085.34538702746,1.8429677246668104
116900,0.7060164735567593,0.7652431782043453,49129.226188885805,1.8439536354470119
117000,0.7067021924582766,0.7658859732270995,49171.668342053454,1.8443947954243682
117100,0.7073171879549851,0.7667173938640974,49211.72512335093,1.8450674037600816
117200,0.7079223859599693,0.7674874920006638,49257.78207469247,1.8457290466015088
117300,0.7084958736330887,0.768270463585894,49303.78095322319,1.8466047148814526
117400,0.7090511258740319,0.7687221041500774,49343.51904598281,1.8474524560309915
117500,0.7095395189618524,0.7692022716281269,49384.40028009899,1.8478679593443879
117600,0.7101032008533507,0.7698750853751969,49422.373332828894,1.8488318516216764
117700,0.710747661678115,0.7705413535764035,49462.84104383004,1.8497801483618637
117800,0.7112565930307407,0.7713634473612294,49500.87451108201,1.8503961141123366
117900,0.7119318269677252,0.7718214189515734,49545.648253755746,1.8513789536051302
118000,0.7125769804800526,0.7723647263769378,49586.605828884676,1.8519725248662613
118100,0.7132605573432306,0.772797939369048,49626.823823901075,1.8529200807276753
118200,0.7139282883721824,0.7734310130184707,49667.92716440716,1.8538699492693471
118300,0.7146154822006245,0.7739727843612211,49709.483600806765,1.8548558179256096
118400,0.715240416288284,0.774659444281226,49753.96747452906,1.8553377541379876
118500,0.7158427075901398,0.7753375249588436,49796.76099365742,1.8560783825357403
118600,0.71638713801278,0.775955408534622,49842.869834840436,1.8569510727891425
118700,0.7169597626941523,0.7765078391854816,49886.258253733184,1.8576130011009684
118800,0.7175580313616656,0.7772896285589908,49925.45932604145,1.8581493728493896
118900,0.7181654315451372,0.777805839426416,49964.64207127881,1.8585809020665771
119000,0.7186623394740747,0.7783899252642583,50010.67341278894,1.859477951665715
119100,0.7192844555097305,0.7788509111586388,50056.72812389219,1.8602384068795645
119200,0.7199358428913161,0.7795482348991114,50102.25079093961,1.8608794014259924
119300,0.7205070022516976,0.7802012835229264,50142.083584878405,1.8615532648388635
119400,0.7211973660754805,0.7809626692415333,50183.51342618817,1.8621718341549083
119500,0.7217379899183824,0.781608887266361,50227.2397263725,1.8630895328838821
119600,0.7222295810681663,0.782340038108671,50264.736095907625,1.8636721677887682
119700,0.7228818310867015,0.7828455243604109,50309.6343871849,1.8646679675811457
119800,0.7234394088330994,0.7836410427444217,50346.657601451814,1.8655488047907265
119900,0.7240157003793682,0.7844649534938181,50391.38244223592,1.8661095684446642
120000,0.7246988208608924,0.7852875806963701,50434.150552267936,1.8667715454321894
120100,0.7253784923912497,0.7858909906110795,50473.36899379537,1.8674205674243713
120200,0.7260686237553813,0.7865737025867002,50519.04264882088,1.8680991931571074
120300,0.7266551654495248,0.7871721859710126,50556.462417078175,1.8687560852043479
120400,0.7272459474672271,0.7878577079603277,50596.14358953199,1.8693080761229168
120500,0.7277421945659421,0.7885956522372672,50638.7480680368,1.8697342083989916
120600,0.7282609908440685,0.7893584739140053,50683.38765574939,1.8707164034732842
120700,0.7289587054680845,0.7901221549642099,50721.817893899584,1.8715653963925625
120800,0.7295120751097521,0.7907047777834071,50764.062635857605,1.8721388177840712
120900,0.7300822809039286,0.791353876227352,50809.896425295556,1.8727832884309055
121000,0.7306019396065242,0.7918235835327072,50847.79223317631,1.8734213919951233
121100,0.7312809173777037,0.7922790804770461,50892.566938067794,1.8743425568647036
121200,0.7319577780437289,0.7930029342012667,50935.3583448774,1.875308902400309
121300,0.7325636145197192,0.7937531365477821,50975.16038764303,1.8757686947614294
121400,0.7330518355814627,0.7943145885637695,51013.143889313345,1.8763313919986873
121500,0.7335857209290524,0.7951633351803579,51050.69894537522,1.876903613098269
121600,0.7341600350612913,0.795774971786922,51089.2092067437,1.8774155853579169
121700,0.7347937312939979,0.7963500022563269,51133.02062609479,1.8779890886981878
121800,0.7352910373505924,0.7971559263126138,51172.252333088814,1.8788162407376234
121900,0.7358513038736993,0.7975969693749365,51210.556507220535,1.8792620106089644
122000,0.7365308207977926,0.7982916383881961,51252.83662932799,1.8800059179642057
122100,0.737082003767413,0.7987602470642231,51292.124165284906,1.880531261340541
122200,0.7377320980395538,0.7993066037900086,51332.64530948602,1.8815166263632916
122300,0.7383149523928496,0.7999061984764694,51369.91981616273,1.8821227355094192
122400,0.7388466738014248,0.800575414378911,51409.71605272008,1.882598078528819
122500,0.7393897656632153,0.8010257779402831,51453.48421253843,1.883563588135482
122600,0.7399027749765261,0.8016763425430411,51498.03297175343,1.8839939053566392
122700,0.7405483566822569,0.8021687761270568,51537.2679471135,1.8847149751348464
122800,0.7410420415099886,0.8027529608207563,51574.31036856457,1.88550497988906
122900,0.7415640127859789,0.8032567419929822,51614.0397791786,1.8863247379002885
123000,0.7421380103131177,0.8040133311111565,51653.92159754489,1.886865526359547
123100,0.7427330193304302,0.804720716880439,51693.022099418435,1.887308112423645
123200,0.743242719760152,0.805215267488223,51734.29336628473,1.8881179835461095
123300,0.7437327720449001,0.8056629427720998,51773.31325164357,1.8886992492342243
123400,0.7442354775832104,0.8062119485170157,51813.3553479344,1.8894624656734669
123500,0.7448835025078369,0.8068838897875658,51856.53399756859,1.8900301581789796
123600,0.7453824956072723,0.8075281888688854,51897.673423319364,1.8909336678343123
123700,0.7459448421720795,0.8079666443191543,51935.52230305916,1.8918488638258124
123800,0.7465318265537405,0.8087731773643732,51977.953848052464,1.8926788449943859
123900,0.7471419268024285,0.809280180456982,52015.439971167565,1.8931368216305497
124000,0.7477131241665351,0.8099654627189926,52056.22124700683,1.8936272796247462
124100,0.7482381394316813,0.8104709921146401,52094.77761260625,1.8943004712401026
124200,0.748821732200214,0.8112460490686533,52133.91069011527,1.8947330461782486
124300,0.7494938829928106,0.8118478024992113,52177.46835268541,1.8951737754927434
124400,0.7501561945631882,0.8125221859844444,52220.4569763341,1.8956131314722777
124500,0.7506896165065537,0.8132212002222258,52265.23805855485,1.8961889857373355
124600,0.7512364243514456,0.8137130679123652,52310.08045359873,1.8968422482124245
124700,0.7517249297113495,0.8142344055646287,52350.95581177922,1.8972516756576963
124800,0.7524136765290441,0.8146824235884581,52393.44470519359,1.89801167507884
124900,0.7531109580299007,0.8153080231858292,52432.301630291535,1.898586609294612
125000,0.7536405723513216,0.8159800166251088,52474.04241697539,1.899422021476906
125100,0.7542425822096529,0.8166816147689254,52518.72893478896,1.9003922054516815
125200,0.7548479147674155,0.8174154267325034,52556.177222436374,1.9012014833571422
125300,0.7555187731472065,0.817876011802357,52596.49882713641,1.901693346761664
125400,0.7561047976707059,0.8184222113398287,52642.39340756212,1.9025957295325826
125500,0.7567580660394206,0.8189929332236987,52688.43361162012,1.903531373681392
125600,0.7573340747218318,0.8197733971892224,52734.02313692287,1.9044585106203038
125700,0.7580199161622788,0.820442877252854,52778.9038208727,1.9053463487537332
125800,0.7585178601373161,0.8210833196305729,52822.09567567633,1.9058382405724084
125900,0.7591396277004756,0.821741156154748,52860.18177346115,1.9067175038041948
126000,0.7598226712941364,0.8222393192882249,52905.30464038317,1.9071681338897453
126100,0.7603712733017488,0.823031185570658,52946.955592107275,1.9080999725445686
126200,0.7609603686688261,0.8235272979587872,52992.464324258624,1.9087782348839866
126300,0.7614476640248238,0.8240067112084596,53030.19274056171,1.9095136077797563
126400,0.7619472807497712,0.8244610082920365,53070.09862193987,1.9100758402917877
126500,0.7625612977062753,0.8249371518192469,53111.79462600823,1.910920106542374
126600,0.763065356604413,0.8255268199200161,53153.305437828174,1.9118015724833703
126700,0.7636770171185522,0.8263294794992598,53191.35634946085,1.9124480566698094
126800,0.7642838308266757,0.8267699825688998,53229.28843352787,1.9132563652486463
126900,0.7648261315991528,0.8275098790018436,53267.275994005206,1.9139386389307758
127000,0.7654576263720971,0.8279500063710276,53308.40679085165,1.914639884603435
127100,0.7661020004741593,0.8284457480611637,53350.78905984986,1.91514323768668
127200,0.7667988808318931,0.8291713764845249,53388.20213646916,1.9157238585219167
127300,0.7674788133393106,0.8298797157724347,53432.15457436478,1.9164675636983237
127400,0.7679913596031219,0.8304079415960282,53472.91573598399,1.9173877778536474
127500,0.7685099917123641,0.8312540783335144,53514.584772332026,1.917896144291082
127600,0.7691360745232878,0.8318482049058201,53559.08518902965,1.9184079112180963
127700,0.7696371704991914,0.8325084674789021,53600.248570395976,1.9192681753199148
127800,0.7703157726835362,0.8331607767099891,53644.42919026512,1.9202110475371732
127900,0.7709572449360166,0.8338800132709528,53688.74255587585,1.920847109989228
128000,0.7715443823505042,0.8346444343074866,53727.48039908342,1.9215923697111725
128100,0.772143362544212,0.8353173304129451,53772.423465360895,1.922364103251241
128200,0.7727305337664101,0.8361182398064203,53812.7735037563,1.9233336675391823
128300,0.773422827553041,0.8369579359633051,53856.945165465026,1.9240171446274068
128400,0.7739556864167877,0.8377440807227962,53902.67593971197,1.924830155331778
128500,0.7745641822750345,0.8383868106884513,53941.75328656578,1.9254363749232386
128600,0.7750814133097069,0.8390993858708206,53980.7211399682,1.92602342736541
128700,0.7757762199419411,0.8398406638801383,54021.71335306347,1.926749987723691
128800,0.7763135279989136,0.8404080135092162,54062.774414141306,1.927711451149
128900,0.7768076797829168,0.8411509838060148,54102.40137886241,1.9284086788715284
129000,0.7774255505487242,0.841777622212271,54139.46811508249,1.9292570712996853
129100,0.7780701197097025,0.8426117537958873,54182.92298233739,1.929845411534901
129200,0.7786375512110578,0.8432615574542057,54221.04304396246,1.930666697666627
129300,0.7791496615479384,0.8437942467445664,54267.019806518394,1.9313699502319344
129400,0.7797901868021059,0.8446128063505579,54309.36643941513,1.9322464684951752
129500,0.7803473777944372,0.8451825554555608,54350.076199295225,1.9328169479913515
129600,0.7808836273483193,0.8458181854428499,54395.63961565358,1.9337984637316932
129700,0.7813901655300082,0.8463236570057275,54435.148233563574,1.9345017503322137
129800,0.781966915513065,0.8471773246441882,54475.28654373012,1.9350592960649071
129900,0.782493699600225,0.8479863597023747,54521.03797882264,1.9356501889619098
130000,0.7830181448677638,0.8487654115126375,54561.461665285526,1.9362145103005712
130100,0.7835522229429321,0.849503838076528,54607.03732758288,1.9366769644086879
130200,0.7841117967296054,0.8500732574891267,54645.99303881861,1.9375632083159233
130300,0.7846816750869565,0.8505579923703944,54688.56881640951,1.9385233620293092
130400,0.7852962149085505,0.8510528810216121,54730.75917037149,1.939157360128941
130500,0.785887446791659,0.8515519392893198,54771.4948527706,1.9400387133527108
130600,0.7864071902940631,0.8520793583101397,54809.61452799518,1.9408830286780212
130700,0.7869489248151726,0.8526325215016011,54849.06596998342,1.9417925147028623
130800,0.7876339131769755,0.8534137071734612,54889.077321851284,1.9427094091296055
130900,0.7882598798678734,0.8540258444585321,54931.80751553998,1.9436649290092
131000,0.7888242464540308,0.8547068355959989,54974.33143055544,1.9445247902162788
131100,0.7894005765260201,0.8554529645094391,55012.966482036434,1.9450750980642462
131200,0.7898871595028447,0.8560966806755025,55057.91426814979,1.9456794220954945
131300,0.7904813141596572,0.8567137379775673,55096.20915795632,1.9462613018892445
131400,0.7909753956992764,0.857218448785035,55136.453113159805,1.9468338980907873
131500,0.7916597953242498,0.8578094391645099,55177.78879701201,1.9477441640844992
131600,0.792212922459667,0.8584761120123625,55223.37115492239,1.9487346455094952
131700,0.7927315716670951,0.8592003686872872,55263.38687266621,1.949379821513265
131800,0.793403272183741,0.8596417900974418,55306.177610486004,1.94987328439462
131900,0.7939367680666669,0.8603826537889724,55343.37056990348,1.950341536326923
132000,0.7944821919309762,0.8609497302891955,55382.51247596927,1.950998005227438
132100,0.7949707725678197,0.8616673537359872,55420.020977414504,1.9515102312583414
132200,0.7954840907550907,0.8622196991884147,55462.381321572524,1.9522566756173478
132300,0.7960005508631436,0.8626538181337372,55505.664055627174,1.9527398653042354
132400,0.7965863333607582,0.8632542982620555,55549.97638908922,1.9533957553185395
132500,0.7971312306213413,0.8637570779026024,55594.22961906039,1.954116200577662
132600,0.7977120939223664,0.8645146521586905,55638.194723317014,1.9546131601563506
132700,0.7983400188906632,0.8650150757073977,55676.04550844797,1.955089510779271
132800,0.7988483864798888,0.8655985893650482,55714.5436172877,1.9557528107995952
132900,0.7995320255494138,0.8661285609537003,55753.9702306786,1.9566900804889602
133000,0.8000876155184585,0.8665954395380187,55794.0480986028,1.9575649549071312
133100,0.8007237418614593,0.8671621643241514,55838.37175374108,1.958091762448572
133200,0.8014137477421335,0.8678749190634715,55882.3207978115,1.9586002765912711
133300,0.8021073659148357,0.8684678231316161,55923.26309114625,1.9592533742418485
133400,0.8026284499926957,0.8692690098506709,55961.9930551669,1.9597863357275098
133500,0.8031844421864422,0.8697640116308597,55999.6931917343,1.960698142028307
133600,0.803823643185801,0.8703322897317303,56044.25299313492,1.9614853535514922
133700,0.8043486951456305,0.8708352203928328,56081.7142531072,1.9618954940464886
133800,0.8050414097254619,0.8713740393851662,56119.36183697306,1.9623428104744425
133900,0.8057350187435276,0.8720015906343035,56157.07914963716,1.9628800537218218
134000,0.8062522736802734,0.8725260654521395,56201.35537214287,1.9637850736513682
134100,0.8068843588866101,0.8732506373282051,56247.00244676939,1.9642804708428625
134200,0.807462532486181,0.8740248471120678,56291.97308557496,1.9652074248070095
134300,0.807969087786715,0.8747255947259571,56335.51594772166,1.965950382591252
134400,0.8084860967722561,0.8753906838524572,56374.584938031105,1.9668223346090559
134500,0.8091622882453882,0.8761977689340233,56418.17824251698,1.967739900076872
134600,0.8098475563271361,0.876661853101054,56461.014273151704,1.9683822799079407
134700,0.810362187702599,0.8772944336904436,56498.05088786923,1.968844779736294
134800,0.8109247549350446,0.8781358815300335,56542.45917870031,1.969646725776184
134900,0.811571879093368,0.8787597614066844,56583.126790123686,1.9703389634251547
135000,0.8121797943606928,0.879382821348264,56623.58878342537,1.9711376272406747
135100,0.8127995595484723,0.880034324243571,56662.510051766025,1.972084382793068
135200,0.8133944967159028,0.8806563533434044,56699.421339802364,1.972893287167838
135300,0.8139854611671281,0.8811921027076687,56736.48727185681,1.9736589182350828
135400,0.8145738485478495,0.8816371900016742,56777.35633439935,1.9745442555392398
135500,0.8151055040896493,0.8821445213237044,56820.97163016,1.9751875951061006
135600,0.815743936037453,0.8827311765425692,56863.40077827516,1.9756517349956677
135700,0.8162594127845285,0.8834336296194234,56908.272418603236,1.9764933089461463
135800,0.8167654288389434,0.8841263002377667,56951.733321034444,1.9773763211636455
135900,0.8174564712824107,0.8847576605108125,56989.59365837521,1.9781218142181762
136000,0.8179932355627596,0.8854355103363483,57035.51507900707,1.978763349665707
136100,0.8185975822606719,0.8861842366076615,57081.00963762089,1.9797097057238215
136200,0.8192342344880038,0.8866983046135702,57122.78386648561,1.9804934659182059
136300,0.8198215566755472,0.8873471110758586,57166.31746028456,1.981210191503275
136400,0.8204416408165083,0.8877813174813194,57207.30544489,1.982173498043938
136500,0.8211149759825905,0.8883913289721334,57249.15792829902,1.983115430879789
136600,0.8216233100735638,0.8891064651063436,57291.469267555716,1.9839949807279442
136700,0.8222734693575285,0.8897475622976634,57330.22933573922,1.9849486131671366
136800,0.8229315303789339,0.8905975371831489,57368.78296474073,1.985877490995683
136900,0.8234821911038952,0.8912483945104018,57410.11676400928,1.9863155952273783
137000,0.8240404384769194,0.8919292549119983,57455.77868653129,1.9868040929206787
137100,0.8246075349351478,0.8927174134540289,57497.243576646935,1.9873987447901127
137200,0.8251945386035013,0.8933096553626569,57541.025218268405,1.9878186727261848
137300,0.8258628830861231,0.8940212277580509,57581.37931560942,1.9882388390810846
137400,0.8264480282897856,0.8944793640902272,57618.91127079992,1.9890622577937225
137500,0.8271412687829982,0.895262197297042,57657.68679951043,1.9897125370595932
137600,0.827833797666545,0.89584865894218,57697.78725811163,1.9905549563022997
137700,0.82836677867421,0.8964169525573432,57743.052924061216,1.9912870647763607
137800,0.8288998513006798,0.8968526401903175,57787.466416225085,1.991818107165592
137900,0.8294882858400799,0.897689172412655,57833.03332569455,1.99251029231074
138000,0.8300829413277597,0.8982054058462257,57875.42098778585,1.9929364680191448
138100,0.8307783433570178,0.8986493015118684,57914.71770944672,1.9939075122537524
138200,0.8314559964727002,0.8991036111515425,57955.335663076155,1.99470421367573
138300,0.832034429673228,0.8996628898299595,57994.83463958907,1.995200656233286
138400,0.8325819396287955,0.9002778418393765,58033.42238408942,1.9957752286128005
138500,0.8331894782024283,0.9008368220619932,58076.44452304855,1.9966560912170228
138600,0.8338097486938798,0.9015332210673102,58119.12137341613,1.9974776410360675
138700,0.834342524374518,0.9022405768195865,58159.40252518529,1.9983583471156643
138800,0.8349679629171307,0.9027771408103044,58205.16014519749,1.99882410802859
138900,0.8355302560728962,0.9036126726691294,58249.22748586357,1.9992452330638149
139000,0.836215488369938,0.9044142938762059,58287.110211587904,1.9998836987455668
139100,0.836905734842023,0.9050768223532331,58331.40909385594,2.0004526020899958
139200,0.8374921717244583,0.9058242038959902,58372.53553904316,2.0012117776327547
139300,0.8381535496755111,0.9065127554611307,58415.325296265284,2.0019226340713114
139400,0.8388412686704793,0.9073303574505603,58458.59084037851,2.002422649544032
139500,0.8393389878389568,0.9081003132503446,58495.727730399965,2.0032119376372677
139600,0.8398448982344384,0.9088006633289749,58533.60368271715,2.0040537836362318
139700,0.8403607380507474,0.9093866723785536,58572.972873888495,2.0048741275296944
139800,0.8408556823803118,0.9099268859464317,58617.49111511897,2.0052913826967727
139900,0.8415490971746767,0.9104700663093724,58660.78394591057,2.0059886138697407
140000,0.8421975811355619,0.9109905374219865,58700.227551527496,2.006466122088715
140100,0.8428647929964324,0.9118256071451153,58741.82729083402,2.0069343070571692
140200,0.8434964962001654,0.912586322414297,58781.98803667826,2.007885451535748
140300,0.8440936467222854,0.9132592620964571,58820.0812987776,2.0088162122465967
140400,0.844715550824028,0.9138264953608924,58859.85129858451,2.0094698832815725
140500,0.8454083895964716,0.9146669978870126,58900.26847283664,2.0100870646702838
140600,0.8459479384590881,0.9152918820820424,58938.44944271838,2.0110640177971475
140700,0.8465106629089666,0.9161249804670758,58978.00673245878,2.011662737927271
140800,0.8471102878297844,0.9167616979831791,59017.315849271276,2.0122010362283964
140900,0.8477519509210598,0.9173907888390479,59056.449944556625,2.0131488972198097
141000,0.8483547353608063,0.917872809844166,59098.80261555858,2.0140501391032672
141100,0.848985976351263,0.9184941949595274,59136.50702524693,2.0144777420935767
141200,0.8495376138885622,0.9190553884386005,59180.579114878514,2.0151128584706304
141300,0.8501127920533741,0.9196524517637193,59223.897358705944,2.016089359858672
141400,0.8507233686298616,0.9203497311022298,59268.92143495293,2.0170487786397957
141500,0.8514026954288961,0.9209368108813417,59313.43041153052,2.0174569743534922
141600,0.8519232553483533,0.921707479804481,59358.36658347915,2.0178902221625794
141700,0.8524668502788548,0.9224170598268093,59403.42146382267,2.018738098387043
141800,0.8529683378377285,0.9229866146736831,59446.8733152443,2.019449104429659
141900,0.8536398729858174,0.9235637855636425,59489.8322625252,2.0201296149409944
142000,0.8543082784185235,0.9244147624737915,59532.258616393425,2.020605937733912
142100,0.8549861022186226,0.9250320590831324,59577.46056416501,2.0212920345159366
142200,0.8556161797379237,0.9257321708774883,59623.352761227296,2.0221829949421677
142300,0.8562422100806903,0.9265048913109458,59665.12514819909,2.023084861275059
142400,0.8568530824826766,0.9269466998462185,59707.47691941136,2.0238169235939574
142500,0.8574296476711466,0.9276707441462061,59745.92418623957,2.024350725643032
142600,0.8579437306066218,0.9281680773791182,59791.04470948465,2.0249679175518898
142700,0.85857598319899,0.9286481582551298,59835.0765858419,2.0253942254491912
142800,0.8592021662349935,0.9290865920914231,59877.58757687171,2.026067439612932
142900,0.8598645594970588,0.9296428480850266,59917.4080091855,2.0269523134090366
143000,0.8604025542763155,0.9304032268737288,59959.93620234416,2.0278266306526547
143100,0.8610460444528079,0.9311449364588871,60003.29352577057,2.028620836323635
143200,0.8615501956667025,0.9316664194784112,60046.333530300086,2.0295100410799662
143300,0.8620756811048479,0.9322314851960513,60091.89884072744,2.029979729820213
143400,0.8626241843215507,0.9328435331842391,60133.31960413669,2.0306658006615024
143500,0.8632111619915551,0.9335068656604965,60170.99830793113,2.0314709833887963
143600,0.8637899663454004,0.9339429506192419,60211.29900373488,2.032282891540245
143700,0.8644625287927832,0.9345255835607134,60255.42847709534,2.032746928390112
143800,0.8651382853237797,0.935319576946229,60298.59371196583,2.033660285829494
143900,0.8656738277050673,0.9361606017431741,60338.93793348627,2.0344376868960654
144000,0.8662678815759643,0.9370059769538661,60381.37026842171,2.0348765504694013
144100,0.8668711393121469,0.9374535182785084,60422.20356662038,2.035850416322962
144200,0.8674299969538943,0.938251840028011,60461.59630958316,2.03633450348353
144300,0.8680281763226722,0.9390630508213851,60502.04851643917,2.037073973338195
144400,0.8686805148385368,0.9398628181772686,60547.61116974687,2.038005429863256
144500,0.8691785685528555,0.9404219796708977,60584.49899877711,2.0388733472426406
144600,0.8697517588551014,0.940945167420954,60621.33902291098,2.039756319521652
144700,0.8702571285914967,0.9417180966882888,60663.997321861265,2.0405070453433427
144800,0.8707469924272744,0.9425125159080524,60705.20644756758,2.0409423461696385
144900,0.8713815481286935,0.9432316493092876,60742.25979588626,2.041837169964696
145000,0.8720372178867888,0.943766765613144,60780.61477942995,2.0423840976578966
145100,0.8726897297314952,0.944500467808188,60821.07113238183,2.0430817417471694
145200,0.8733085885121864,0.9451613037849633,60866.91523953987,2.043696560756799
145300,0.8739103622537574,0.9456726424852068,60905.00542206685,2.0441539032877807
145400,0.8744624421217126,0.9462649408012274,60947.89845387555,2.0450449419363497
145500,0.8749551678793585,0.9469441112423113,60992.27666030591,2.046007116786791
145600,0.8756503032089444,0.9475523778321803,61029.14002096518,2.0466207915073125
145700,0.8762907305485115,0.9482386448534825,61071.63002605037,2.0471855437657256
145800,0.8769798457072779,0.9490081261722073,61110.584889100086,2.047707437708046
145900,0.877603280043522,0.9497026477006831,61153.2697073685,2.0485693924961623
146000,0.8781432217821913,0.9504060423222509,61191.38902043479,2.0492794617239465
146100,0.8787902517811172,0.950973828988729,61233.176130838976,2.050070150255834
146200,0.8794494968346448,0.9515828282048336,61277.024537578036,2.0508843911600185
146300,0.8799717925319377,0.9521158739958199,61322.35628791052,2.0514560676016895
146400,0.8804700544605032,0.9527852435479496,61364.29830258607,2.051983382336903
146500,0.8810414095349994,0.9532198253706297,61407.05666736966,2.0528679312520604
146600,0.881584030646632,0.9538070748964099,61446.90680879743,2.0536261433474574
146700,0.8821764459781544,0.9544312946756364,61492.50841904021,2.054052222198229
146800,0.882717239960081,0.9551691228710857,61530.75327751914,2.054914803890287
146900,0.8833374030928455,0.9558526229469694,61569.50040182496,2.0554907152329642
147000,0.8838521901881135,0.9563058097466571,61607.84478383894,2.0563328241546053
147100,0.8845035037254956,0.9568000483371821,61647.578969203234,2.0569778041177167
147200,0.8851765705712616,0.9572809631838988,61688.4563695733,2.0574041020798566
147300,0.8858295577857053,0.9580810512270005,61730.91459216531,2.058009769759118
147400,0.8864583777648487,0.9588801838887213,61772.577724780334,2.0587367061573607
147500,0.8871453367591366,0.9593156385855522,61816.24564476418,2.059395941445625
147600,0.8878403797696959,0.9599754995932028,61860.769609077215,2.060155832785113
147700,0.8883623202963781,0.960578237961898,61898.51702749464,2.060572153276047
147800,0.8890354689114972,0.9613304544616729,61937.83439151801,2.061140306099007
147900,0.8897203857675199,0.9619568989948809,61982.79507265208,2.061756513639828
148000,0.8903738826828611,0.9624243225000655,62025.932487306025,2.0624013186476504
148100,0.8909321679831045,0.9632608614630588,62068.13982480644,2.06313485850346
148200,0.8915531219977947,0.9638946959475831,62108.696799691264,2.0637389247866578
148300,0.8921345993832392,0.9645465019142295,62149.80618305154,2.064610284364362
148400,0.8927310027775474,0.9651202061965104,62195.00155468872,2.0650439098663513
148500,0.8933320417612487,0.9659580735634099,62234.33692641988,2.0658037119694104
148600,0.8939568052554335,0.9665754816866184,62276.64232675394,2.0667102399376627
148700,0.8944486233283561,0.9673842769170199,62316.02505521022,2.067649633616587
148800,0.8949435916339442,0.9682015247719997,62357.733279292144,2.0684943539629668
148900,0.8956202820362865,0.96896431124116,62402.10180165904,2.0693577335892335
149000,0.8962779953144671,0.9695987787718949,62447.15643260682,2.0700893683674337
149100,0.896911457063915,0.9700703466448859,62484.10047993529,2.07091742252907
149200,0.8975730296676445,0.9707265687466926,62529.61043049478,2.0714193613748306
149300,0.8981587538541704,0.9715531521764706,62573.576811002764,2.0719750009135414
149400,0.898703700264476,0.9722195426417988,62616.894563168,2.0729230533333816
149500,0.8993418125015415,0.9729519066221708,62656.39524771427,2.0738502714071645
149600,0.8998884626511139,0.9737562358271461,62700.31156748908,2.074692491980684
149700,0.9004638309527294,0.9743899104805009,62737.354566198694,2.075448303872038
149800,0.9010958137595529,0.9750255066032048,62778.52986334674,2.0758718570453616
149900,0.901650475416825,0.975853083459014,62819.6620222543,2.0763466416374423
150000,0.9022707655320559,0.9763944548582932,62864.97000776821,2.0770996617476287
150100,0.9029224051697512,0.9772276521111999,62910.47830384348,2.0778471914478165
150200,0.9036098949749853,0.9777700434435797,62950.80906078888,2.0787086630419664
150300,0.9042988255722885,0.9785443980757016,62992.2186016108,2.079369299949989
150400,0.9049704697808187,0.9793458113928305,63030.60255378505,2.0799121619956833
150500,0.9056497873013876,0.9797869692089959,63069.37906064664,2.080797626909193
150600,0.9063207955017785,0.9802817098160319,63107.22053567148,2.0816624851098258
150700,0.9068857372136115,0.980835153345051,63151.69918910745,2.0825270316699265
150800,0.9074053705892416,0.9816088817661985,63195.55157378724,2.0833817011185083
150900,0.9080988505580813,0.9824423529211996,63238.0171684985,2.083986284795407
151000,0.908770302688808,0.982908920726331,63283.198331933265,2.0846280415080165
151100,0.9093631111129045,0.9836104651712597,63325.27202496269,2.0850408103455647
151200,0.9100287894729844,0.9841106908757937,63362.39038134428,2.085868879683452
151300,0.9106779913293368,0.984782963534431,63406.40576086936,2.086442190201915
151400,0.9112602988366638,0.9854604899149297,63449.907781382426,2.087108876776318
151500,0.9119459323642055,0.9861418070562753,63487.337908915106,2.0880417028284706
151600,0.9126249075827483,0.9865973317190223,63526.57526319872,2.088678231639994
151700,0.9133022206008093,0.9873691359617341,63571.928529255376,2.0893805376764774
151800,0.913796507602269,0.9879988661091104,63610.304165658665,2.0901342778422904
151900,0.9144636288694987,0.9884387055309617,63650.73612178684,2.090933292188153
152000,0.9151491578826213,0.9892743072994887,63688.02866351361,2.09168180697142
152100,0.9158410559107407,0.9897118203899128,63727.29440658042,2.0923216764071904
152200,0.9164115092180581,0.9902987701087871,63770.39982050933,2.093259915507429
152300,0.9170743965266184,0.9909897346310644,63811.48999867959,2.094228982887987
152400,0.9176835624665092,0.991779583995244,63854.34219514843,2.0950555757595226
152500,0.9181784913426844,0.9926062895819194,63898.27434383922,2.095610683888114
152600,0.9187339319234273,0.9932426024379463,63939.76955248623,2.0965453406786465
152700,0.9193337726764789,0.9940301102375563,63979.14272032874,2.097009777166065
152800,0.9200107553368518,0.994829323846627,64024.286585751244,2.0979716532956982
152900,0.9206119349649264,0.9952907092703722,64063.92443285066,2.098694943455399
153000,0.9212794235515002,0.9958215224361957,64108.65898985829,2.0992981786057623
153100,0.9218303498064612,0.9964576556631446,64147.18255817526,2.1002630823108435
153200,0.9224467577663308,0.9970691391186566,64192.87049331687,2.1009796745116427
153300,0.922974880955113,0.997517402500949,64237.892918011254,2.1014205376139086
153400,0.9236600268488664,0.9980925461732735,64278.47145173051,2.102172763146423
153500,0.9243550243491093,0.9985260503280129,64317.592079479386,2.1029851078367185
153600,0.9249697813268807,0.9993639472781466,64361.91364369328,2.103961790363095
153700,0.9255659464717343,1.0000199645273322,64403.11133646895,2.104920936840345
153800,0.9261769692815647,1.0008421022445257,64444.52565186533,2.1056625097109305
153900,0.9267719341586874,1.0013174602777735,64488.46568870328,2.1064766401314095
154000,0.9273390501813643,1.0017682178799037,64533.876583707715,2.1070996775973123
154100,0.9279893617917765,1.0022228599418876,64572.22685760384,2.1080162937181224
154200,0.9285411504078158,1.0030495795867596,64609.43937709227,2.1089541576231023
154300,0.9290776840203526,1.0036541949769446,64650.1007495726,2.109704240093534
154400,0.9295922361586861,1.0041448584076171,64690.64572316975,2.110468470970805
154500,0.930165614877015,1.004818414600852,64731.24133484283,2.1111488247774886
154600,0.9307201101822924,1.0056154185944999,64775.599062708505,2.1116374588725035
154700,0.9313713124579823,1.0064053727255415,64817.29637509188,2.112379606683806
154800,0.9319525137406839,1.0071283714003814,64855.245505419014,2.112852657745026
154900,0.9324931252249619,1.0076089199627494,64897.83776054071,2.113564755934845
155000,0.933021378157639,1.0083727806113492,64942.312857050754,2.114121482888022
155100,0.9336730285369547,1.0091647812906284,64980.450975888285,2.1148694870149165
155200,0.9343464253426508,1.0099398466307394,65018.29907835994,2.115704916602108
155300,0.9349411583462472,1.0105375629324702,65055.62028483993,2.1161209879533
155400,0.9354532358819103,1.011260763588042,65094.266804439176,2.1166142140345428
155500,0.935994768188635,1.011986324834335,65134.66552745493,2.1171505083872395
155600,0.9366392211768797,1.0126024291912852,65178.20480813198,2.11792417558078
155700,0.9371486409890741,1.0130759373879652,65221.34963457666,2.1187061410528716
155800,0.9377361329328017,1.013516307200586,65258.30906866833,2.11954251719678
155900,0.9383102535515996,1.0140018105341306,65298.231193914384,2.1201185143392394
156000,0.9388635877860485,1.0145126229645105,65339.757957086076,2.1209057798519693
156100,0.9393674559655567,1.0151856964590131,65382.569168096576,2.1213703826280095
156200,0.9400211713890012,1.0157680983383306,65421.49349550231,2.121931396767011
156300,0.9405156609773028,1.0164158599155564,65462.36563845065,2.1224752679874146
156400,0.9410575825076758,1.0170649688882256,65506.65956275195,2.1229998591851795
156500,0.9415645816523014,1.017673456506138,65545.62468850915,2.123862379149098
156600,0.9421916481806107,1.0184136552099716,65584.4301800935,2.1244895169092883
156700,0.9426753296735698,1.018878831789274,65628.26182768219,2.1252944483993397
156800,0.9433198044234568,1.0195506027631778,65667.24397401465,2.1262638101925786
156900,0.9439724398741087,1.0200324046725036,65709.62003416952,2.1270961860787003
157000,0.9445000235424487,1.0206285703605924,65751.09720720569,2.12802760773548
157100,0.945156050620843,1.0213763597659637,65793.22550617918,2.1287971867789057
157200,0.9457101633658438,1.021885173214396,65830.03799961618,2.1297086938818586
157300,0.9463193456597199,1.0223604629637106,65874.64044907271,2.1306653079982683
157400,0.9470082515040097,1.0231130495409007,65916.87594076055,2.13153893416094
157500,0.9476123630463036,1.0236610170069018,65960.40328277231,2.1319732954813655
157600,0.948140977424853,1.0241369010940669,65998.97880174498,2.1329568064732105
157700,0.9486377915033567,1.0246767646381045,66041.91946773743,2.133817336070742
157800,0.9493092835432143,1.02525312925403,66081.06461465315,2.1345280522575605
157900,0.9499242247703851,1.0260965911060895,66118.56597416772,2.135344946148313
158000,0.9505560154797565,1.0269196999493537,66160.73608147106,2.1363112095785675
158100,0.9511176601786924,1.027620316529916,66201.40953477648,2.137151597792889
158200,0.9517685845404756,1.028203319175774,66241.98124227165,2.137795982973115
158300,0.9524235949789162,1.028845863705307,66283.45415068923,2.1382601468354947
158400,0.9529381595822428,1.0296756718768614,66321.43884869371,2.138951691945679
158500,0.9534449210107063,1.0304167391353154,66362.7212356238,2.1395421920282884
158600,0.9540305724513203,1.031194962511125,66407.97983851042,2.1401306125045365
158700,0.9545418369327597,1.0319536406921226,66449.85405793933,2.1410287277656304
158800,0.9550653926642078,1.032509187121987,66487.50395363654,2.1415542369402867
158900,0.955569299297451,1.0332871738480685,66530.61744926962,2.141962075526479
159000,0.9560870726228754,1.033890323305924,66575.49814170013,2.142767692219982
159100,0.9567587152698874,1.0346051461755477,66620.90638398888,2.1431942881667037
159200,0.9573971074943927,1.035207293910754,66663.90872753492,2.1438850540449934
159300,0.9580439270598624,1.0356538992376925,66703.1720536231,2.1446258253397774
159400,0.9586431397818812,1.0363351168253627,66748.53776752662,2.1453591536063463
159500,0.959315879135699,1.0371774575683028,66793.82142833555,2.1458082784017956
159600,0.9599451996560362,1.0380201784687262,66835.92802169595,2.146432040696021
159700,0.9605720245718073,1.0387420020024836,66874.71723808016,2.1468448097583233
159800,0.9611386556875875,1.0394271450686232,66915.98998175949,2.1473602004974217
159900,0.9616270684672349,1.040095018137962,66959.69988766505,2.1478819752699274
160000,0.9621294462865717,1.040810908367929,66998.0950270763,2.14869017619016
160100,0.9627546392544337,1.0415546663473343,67038.2192947461,2.1493499263926665
160200,0.9633333157749921,1.042342897231152,67076.15294681367,2.149944776014414
160300,0.9638737774688996,1.0428903643912093,67116.67943057808,2.150390287680336
160400,0.9645347430032032,1.0434967955036725,67157.08432150735,2.1508757708605213
160500,0.9652180936867325,1.044291941833967,67199.694057513,2.1515282354054106
160600,0.9657462409574326,1.044891049039659,67245.12528207421,2.1520664136017977
160700,0.9663534974040866,1.0456087264165879,67282.02110105235,2.152592348605762
160800,0.9668572284510815,1.046132933342009,67321.88263978713,2.1533839196536912
160900,0.9674835161969302,1.0469009168913395,67366.76893582965,2.1542521645536206
161000,0.9680661769390378,1.0475062978276612,67404.88595006682,2.1552155931549417
161100,0.9686884868918744,1.0481588694416268,67449.79787863477,2.156034514952847
161200,0.9693317784656885,1.0487487684475902,67488.62833680677,2.1566075362809056
161300,0.9699931620823081,1.049307876155851,67530.10443657353,2.1573624290841633
161400,0.9705074748474372,1.0498319774438394,67567.20024290693,2.157792902503446
161500,0.971139852984408,1.0505444788913254,67605.08691440221,2.1584002116819585
161600,0.9717703071770816,1.0513681500871093,67649.07648151618,2.158910069027409
161700,0.9722683175958272,1.0521080035054857,67687.23167316364,2.1598800332974952
161800,0.9729539734802426,1.0528068899976526,67728.79797781867,2.160651562474151
161900,0.9734992926366005,1.053355121699482,67772.11465341966,2.1615929333003683
162000,0.9741034050123737,1.0540155443257828,67817.10466868094,2.1623198593188415
162100,0.974754398107302,1.0544565335594889,67861.66842836153,2.162969655073745
162200,0.9753532319558046,1.0551772012835068,67902.43395960573,2.1638713879419913
162300,0.975861646315391,1.0559061574600224,67940.82946088836,2.164375444056336
162400,0.9764207652905683,1.056378604738036,67983.71056160145,2.164814981974394
162500,0.9770091023749,1.0568608903961445,68028.28402627193,2.1656097913513244
162600,0.9776651726447215,1.0575642680641704,68071.46005898928,2.1665956382986566
162700,0.9783464819719877,1.0583591328462796,68109.87068693305,2.1670567357366344
162800,0.9788915233071268,1.0589971092384396,68149.05985630404,2.1674836978130605
162900,0.9794229435399388,1.0595953642839755,68193.43432039801,2.168326549578075
163000,0.9799175768805453,1.0602118736720532,68235.21507259834,2.1689953322721496
163100,0.9804178882154292,1.0607218387435176,68280.43146229749,2.1697537415993833
163200,0.980995146867836,1.0613725850775504,68325.16130006535,2.1707193417619544
163300,0.9815755768087225,1.0619772058068926,68369.76570687599,2.1716202149393506
163400,0.9821047059104283,1.0627682600406234,68408.43773609548,2.172496361752927
163500,0.9827030245183151,1.0633276622277341,68454.11392559088,2.1734663154385543
163600,0.9832558510125725,1.0638706809009415,68493.06200705936,2.1739772585671218
163700,0.983770972826827,1.064435758767293,68538.2624275219,2.174536366910635
163800,0.9843458181534414,1.0651756083331883,68579.25964961099,2.1752760184910627
163900,0.9849800503675709,1.0659760844331454,68622.90865583783,2.175911264666147
164000,0.9855134181587714,1.0664941083479993,68664.5919430641,2.1766477627170455
164100,0.986145497086527,1.0673083070900167,68709.50094574036,2.177540821737932
164200,0.986636595610385,1.067977045726061,68746.87869613619,2.1780586122191345
164300,0.9872538279425509,1.068625006254876,68786.76149143282,2.1784762035933856
164400,0.9879002163982602,1.0691019407820808,68831.67208084631,2.1791271132481613
164500,0.988547646026375,1.0697087510083636,68874.59835306548,2.180093924628098
164600,0.9890711116294586,1.0703113407976514,68911.33072708307,2.1805516833601133
164700,0.9897218030954751,1.0710693709210384,68956.84869000064,2.181262748485613
164800,0.9904096958573303,1.07176404415585,68998.00403821845,2.1819128900665388
164900,0.9910460927845669,1.0725574951829115,69041.90144336455,2.182878967561909
165000,0.9917033824728667,1.0731606632544772,69086.3073796145,2.183586524063108
165100,0.9922718392218111,1.073841216507281,69126.22067477781,2.1843226758982817
165200,0.9928294340571954,1.0744156607458173,69163.71548819162,2.1848002394464627
165300,0.9934864543215536,1.0749578394957013,69204.04152485916,2.18533269740607
165400,0.9939960251851162,1.075479310887198,69245.46103665327,2.186160019446668
165500,0.9945117382245404,1.0760272300865352,69284.0778812557,2.1870880188999746
165600,0.9951483331996733,1.0766667299249946,69327.91598590295,2.1875699292284767
165700,0.9957262720215602,1.0771972605731055,69371.41039302743,2.1880048734493416
165800,0.9963146289798228,1.0777356136682403,69416.3122200307,2.188522409480668
165900,0.9969176102386063,1.0782146056693107,69460.05397786928,2.1893138532745087
166000,0.9975637368470408,1.0786594155819231,69502.8769616847,2.1900371358452944
166100,0.9980749667584433,1.0792953040263322,69540.2369375792,2.1906332670475543
166200,0.9986290702107222,1.0799780215454957,69585.90527970735,2.1912439936659838
166300,0.9992139826941199,1.0807119774332394,69626.70303860433,2.191647792778058
166400,0.9997949978106581,1.0814155483670553,69663.34238710187,2.1924977220491426
166500,1.0003385018210138,1.0819070323457252,69701.13960049523,2.1932186075176
166600,1.0009269879434994,1.0827187282485409,69742.94618485936,2.193660951908252
166700,1.0015051195076976,1.0834526423144393,69781.15012197907,2.1944675880610864
166800,1.0021617152728002,1.0842615273089677,69819.19630447714,2.194883274356201
166900,1.0027868607042085,1.085016578969393,69860.15148075832,2.1953521920040777
167000,1.0033254131884195,1.085626203016647,69903.78232829539,2.1963235538697115
167100,1.0038485384965201,1.0862109780730094,69943.00853458783,2.1968083116209978
167200,1.0043567079382372,1.086948358547334,69986.07601202675,2.19731559225448
167300,1.0050154831825453,1.0875310482841296,70026.49978605972,2.1982864699758324
167400,1.005683087533748,1.0880776070800495,70064.0088200146,2.198761694054637
167500,1.0063173838706563,1.088557411215072,70107.60066431324,2.1995301581841837
167600,1.0069000434322417,1.0891094904309002,70145.52014313957,2.2001515885298315
167700,1.0075863558839875,1.0897070207117283,70186.76551486386,2.200947770690025
167800,1.0081335359645807,1.090517545754016,70223.52056970376,2.2016625836842754
167900,1.00866670341443,1.091009273076089,70268.09077912287,2.2025088096989225
168000,1.0093009408173945,1.0915397319424098,70309.46274337947,2.2034306161086255
168100,1.0099704199510915,1.0923619325264267,70353.76310644038,2.204242810468504
168200,1.0106008326958893,1.0930266517020741,70393.82671139984,2.2047235800353704
168300,1.0111642821024562,1.093733020204849,70431.62633014242,2.2055491939999876
168400,1.0118162063939267,1.0944627134278617,70468.50529392256,2.206410828570034
168500,1.0123860874633235,1.0950980202436125,70509.47089087046,2.2070632984311054
168600,1.012949520511209,1.0958990506883528,70552.64017605447,2.207851128097549
168700,1.0136017158320174,1.0966151016939492,70591.61529176746,2.2084236464185065
168800,1.0142138753009942,1.0970425781491613,70631.01113550864,2.208966263544089
168900,1.0147106287132925,1.0976045342578757,70673.49868180769,2.2097339029651293
169000,1.0152311943759036,1.0982180622236914,70717.95275619597,2.2102396083710953
169100,1.0157131628595977,1.098953633769562,70758.88681194876,2.211113681458843
169200,1.016382691565108,1.0997559942768371,70795.92650016992,2.212096309106949
169300,1.0170681762472145,1.1004597695516207,70833.00982260726,2.212640244636604
169400,1.0176390236506596,1.101000560329042,70875.64277178301,2.2136015187154046
169500,1.0181685054799188,1.1016207211830857,70912.70700696131,2.2144395636417027
169600,1.018856781680961,1.1024016061371003,70956.99540158475,2.215270752375507
169700,1.0194568646560462,1.1028514643963256,70996.16811600502,2.2160814753466878
169800,1.0201040376812869,1.1033972019542104,71041.08443585817,2.216730659745966
169900,1.0206630908011527,1.1042177136418374,71085.74567233621,2.2173424866480036
170000,1.0211541942601832,1.1048568679872184,71131.08032800406,2.218217109457302
170100,1.0218350155241571,1.1056409915805943,71173.90096882415,2.219197630617117
170200,1.0225238865872086,1.106169957824927,71218.79061899793,2.2200991927206917
170300,1.0231336233121378,1.106764449589875,71259.52902594143,2.220921555977968
170400,1.0236777766879215,1.1073695748797567,71298.63610706393,2.221401080358973
170500,1.024169980630899,1.107822191958357,71341.76627788955,2.22232293728959
170600,1.0247819520116084,1.108426192841659,71380.18457563179,2.222851015612104
170700,1.0252657364190532,1.1091405015616478,71419.57262589497,2.2236709193020405
170800,1.02595726863126,1.1096866513261365,71457.92160871717,2.2243125016060943
170900,1.0266089221325763,1.1101949644527358,71498.87618181987,2.225095205439736
171000,1.0271997020833998,1.1106677203947595,71535.50943112416,2.2255701648522908
171100,1.0278871691342375,1.1112167592623021,71572.61563344451,2.226058361281176
171200,1.0284320007028755,1.1118856644464776,71617.13715580833,2.2265406387186735
171300,1.0290069647765396,1.1124624693134122,71659.25875527463,2.2274638362898145
171400,1.0295846631202041,1.1133078177902602,71697.80439328676,2.2280793563577705
171500,1.0300837634454159,1.1137758230557098,71735.80804977208,2.22904541459497
171600,1.0307466634985027,1.1145356017133026,71780.5059677863,2.2295606696544534
171700,1.031355067534208,1.1149926303986786,71820.36794996202,2.2304737083476156
171800,1.0318782109038653,1.1155278632579237,71860.85069503578,2.230922212327121
171900,1.0324712044417577,1.116253883475005,71903.48345820936,2.231787474560212
172000,1.0329921655384278,1.1170223274337854,71947.65996835243,2.2322788232037514
172100,1.0336098318682505,1.1177802061488065,71986.42664550798,2.232955454432568
172200,1.034212828803968,1.1185527919923148,72029.71701960836,2.233822771936386
172300,1.034774402268857,1.1191648842168602,72070.31057149357,2.2347977844420477
172400,1.035375529667263,1.119917258430284,72107.10927918427,2.2352265684507904
172500,1.03591974328125,1.1206483144966544,72145.45194064376,2.2358251769763715
172600,1.03640124422295,1.1211452824577122,72184.81968252703,2.236789004718773
172700,1.037037720393818,1.1218918997666163,72227.75324545648,2.2372905951568316
172800,1.0375945124404513,1.122501926876809,72265.55465089908,2.237848876198337
172900,1.0382245679690143,1.1229313046665141,72302.2549271921,2.2384891469027806
173000,1.0387791258133914,1.1236678404051215,72347.12591888597,2.2394623026477958
173100,1.0392630227292556,1.1244819421583379,72392.08153039982,2.240194864654327
173200,1.0398422623444317,1.125318196038752,72433.86564511004,2.2410938965958795
173300,1.0404888223383888,1.12607092362892,72476.06161565904,2.2419905567579876
173400,1.0411542638339808,1.1267245475163323,72520.11542086338,2.242875745122343
173500,1.0417498534719196,1.1272388759904521,72557.42412859663,2.243518579311053
173600,1.0424328257937476,1.1279996030619663,72598.62313208204,2.2442695270702533
173700,1.0430421472039497,1.1288412529169316,72640.15160802925,2.2452257634634543
173800,1.043707604157025,1.129622368008858,72685.4550121851,2.245987175651405
173900,1.0443684625602472,1.130171650494528,72727.45549187882,2.24667387494936
174000,1.0450569320208887,1.1307732624171936,72768.2884391926,2.247611169053191
174100,1.0456438399582966,1.131461637299434,72807.13331491486,2.248596021520007
174200,1.0461364755876275,1.1322510206027248,72851.46796194908,2.2494724889955817
174300,1.04672155552734,1.1327114498555826,72889.82761952141,2.250169474248092
174400,1.0473597545422448,1.133219869895533,72933.36213675534,2.250764746893117
174500,1.048048898606134,1.1338717162552148,72978.78813083563,2.251265475722113
174600,1.0487350336209527,1.1345947472233966,73016.08282315917,2.2517034989184763
174700,1.0492614625344872,1.1352952515939925,73054.03611425978,2.2524059665505978
174800,1.0498431862932058,1.1358706176987885,73091.68751768657,2.252870854615912
174900,1.0503837599942607,1.13651065640002,73130.18449225137,2.253825321175659
175000,1.0510539687221914,1.136947969374606,73172.4033828709,2.254230711496665
175100,1.0516402005871417,1.1375030965037545,73210.08372420623,2.2548490787042046
175200,1.0522090236591413,1.1379842266321667,73250.75032286858,2.2555440858571103
175300,1.0527768498535262,1.1387880352828301,73290.92004924748,2.256523937771512
175400,1.0533470169556551,1.1394035114751644,73336.11866688907,2.2574954850809066
175500,1.0538417107790745,1.1401070780133946,73373.30634508512,2.2582382185941863
175600,1.0544140630033891,1.1408666397646001,73412.8172994846,2.259073564119781
175700,1.0550097732866546,1.1413316024324356,73450.64204119019,2.2597093245440596
175800,1.0555138391725847,1.1417599373060634,73490.32570651869,2.2603109976921956
175900,1.0561602119267635,1.1425816940303186,73532.83193387915,2.2611646434923323
176000,1.0568013710102382,1.143352024926665,73571.77222918955,2.2617598831151833
176100,1.057348651257048,1.143947038611402,73615.87391239272,2.262645732244643
176200,1.0579277169561625,1.1447309161867407,73655.36622271728,2.2633684891102845
176300,1.0584251534843439,1.1453828923215825,73697.5738224783,2.263919897163699
176400,1.059053257828811,1.1462104578509333,73740.9138257079,2.2646828068695686
176500,1.059709006566611,1.1468081884849946,73785.64594191394,2.2651354623329554
176600,1.060270575418148,1.147330612030813,73825.61185499826,2.265949870330744
176700,1.0608473716932687,1.1478724438984782,73870.37644064493,2.266404349987705
176800,1.0614889509061112,1.1486176130074675,73910.49451558616,2.2671279379920297
176900,1.0621527195909384,1.1490861032712159,73954.46474158068,2.267903542436162
177000,1.0627510835886946,1.149651407411011,73994.4056171191,2.268521746035279
177100,1.0633167104314873,1.1502594201656198,74031.13034758808,2.269345863606699
177200,1.0638435928308994,1.1507647922065334,74073.21607577661,2.2702546958922625
177300,1.0643630077007196,1.1516074927839848,74112.82560196586,2.271195376070369
177400,1.0649318517148902,1.152435442813746,74149.65864597018,2.2718081482341854
177500,1.0654639466116482,1.1529138978155724,74190.68157836501,2.2727798110583146
177600,1.0660928866759682,1.153387793574891,74234.64063195979,2.273451866630063
177700,1.0667005749165528,1.154118080630507,74274.10871634429,2.274187663306245
177800,1.067350712070127,1.154602373117376,74311.67981704272,2.274951030023291
177900,1.0680187360407167,1.1553338156539692,74356.32619752016,2.2756010577349355
178000,1.068531712550636,1.1557920959079844,74398.34530156579,2.276169464526016
178100,1.069197157795206,1.1564223610864592,74439.70072240476,2.276944691037405
178200,1.0698392270353063,1.1570651100001192,74483.91838797354,2.277490671733674
178300,1.0703461583681246,1.1577544298631466,74521.76283852753,2.2783304160459004
178400,1.0709545833248026,1.1583660227888917,74559.40804441848,2.2790273717290663
178500,1.0715118436025661,1.1588247566087087,74596.25878192704,2.279596063823081
178600,1.0721283888877728,1.159460743809431,74633.04509674748,2.2805364633401224
178700,1.072618539295624,1.1602690945587322,74675.99106815697,2.2813603281013886
178800,1.0731619061711861,1.1607090472451884,74716.92507489726,2.282071667769065
178900,1.0737571070781222,1.1612861801442045,74762.37264561965,2.2827563867609846
179000,1.0742839150593968,1.1617773452612121,74800.34961813071,2.283559458389655
179100,1.0748296727989926,1.1624120442191777,74839.21321541468,2.284393555887212
179200,1.0753571150592034,1.1629041327677851,74878.53177676727,2.2852948243443936
179300,1.0759052485349994,1.1636822295921854,74918.00849602219,2.285786180623004
179400,1.076387995716576,1.1642081680109493,74960.38429875144,2.286477103514357
179500,1.0769678158020521,1.1647298683512515,75005.78394446218,2.2869355889545386
179600,1.0775411659741652,1.1655140814327205,75051.297363207,2.287544075490333
179700,1.0780764602360913,1.1661056972937092,75095.0838274064,2.2883740832633714
179800,1.0787007319960502,1.1665963187555715,75134.07795553432,2.289079756741753
179900,1.0793663741701454,1.167156472812721,75172.83528700232,2.289963084811815
180000,1.0800354125091391,1.1678714138728035,75211.29624219,2.2907798396369916
180100,1.0806506785372507,1.168435424771583,75255.02169841218,2.291274833551478
180200,1.0811628913584028,1.1689212723590112,75298.81110801037,2.2921077750274232
180300,1.0816923380017065,1.169606799303673,75341.51999247143,2.2926624365628676
180400,1.0823718388346049,1.1702868191192097,75382.18435485406,2.293521013451205
180500,1.082869813948887,1.1710146925054075,75422.62689289334,2.294346711666378
180600,1.0834832442227427,1.1716851982981058,75463.55384056443,2.2947942999010937
180700,1.0840794472061608,1.1722595517790693,75501.37589617928,2.2956011195230563
180800,1.0845983127279082,1.172827736253899,75539.65836048465,2.2961026623747243
180900,1.085154572676553,1.1734766890388204,75580.29116867323,2.296731128270677
181000,1.0857108286799924,1.1742855837102617,75619.2329288378,2.2973070625756025
181100,1.0863903647908206,1.1748276674577156,75661.53277360047,2.298247775855718
181200,1.086984252882925,1.1753574340698414,75701.37023351052,2.2987385788201884
181300,1.087490693293073,1.1758170953932052,75744.02999846716,2.2995325925404924
181400,1.0880992339120685,1.1765497866805803,75784.63168889486,2.3000370183501815
181500,1.0886917963592129,1.1773717154848855,75829.66406658111,2.3007401591429693
181600,1.0892022064243578,1.178004830400015,75874.55839721966,2.301601128188467
181700,1.0898050991533925,1.1787314937991664,75911.40265980936,2.3024600284342034
181800,1.0904504174301406,1.1792726096420696,75954.80981375615,2.303104618556034
181900,1.091121551497364,1.1800888919548596,75995.85659521726,2.30403003797081
182000,1.091723637580106,1.1808781717589127,76037.29144552199,2.3046329710410394
182100,1.0923793253438459,1.1816059306269746,76076.91497715712,2.3053877611233857
182200,1.0928873621247253,1.182251034594931,76118.23053316382,2.306018168412882
182300,1.0935169570330863,1.1829712600850717,76163.01607196679,2.306420591001215
182400,1.0940171605131037,1.1835891113605346,76203.91158277035,2.3071182650019164
182500,1.09466411661681,1.1842572210845008,76248.80206883211,2.307903328731568
182600,1.095207674801663,1.1847824894188208,76288.1903082099,2.308613433422511
182700,1.0958671094120633,1.1855947725797296,76331.76405070792,2.3094235985139075
182800,1.0965218205897587,1.1863503664182566,76368.70003135537,2.3102419906361455
182900,1.0970305736132255,1.1868821283432143,76412.82115329242,2.3108833058887495
183000,1.0976719557096553,1.187721191494759,76450.4863070978,2.311541348428949
183100,1.0981633124208283,1.1882710859993522,76494.83105364203,2.3121711946003103
183200,1.0987676614166688,1.1888995828486149,76536.36515228562,2.3126201448667936
183300,1.0992612979976113,1.1895955701810226,76579.28444793045,2.313221419959085
183400,1.0999418272623875,1.190437147509769,76623.4099859138,2.3141762589355563
183500,1.100453406688617,1.1911159054664324,76668.54739382848,2.315045153088883
183600,1.1010611884389618,1.1918874296175501,76709.32711916594,2.315500522997559
183700,1.1017188960256266,1.192602026057358,76746.44527539932,2.316102241498774
183800,1.102337737947788,1.1934310668264292,76790.25506298427,2.3166574026373463
183900,1.102959604715276,1.193934537549505,76831.7759116932,2.3173722374270027
184000,1.1036329351929284,1.1947033542972798,76875.8702725476,2.318230037458207
184100,1.1041801345101256,1.1952861086032203,76920.3384042034,2.319067612156687
184200,1.1047164266898375,1.1958939703132125,76957.34138208453,2.3196413521964314
184300,1.1052004775974564,1.1964599451506202,77001.14387067904,2.3200746171338507
184400,1.1058815739781676,1.1972056332042917,77039.69825959616,2.320653821305868
184500,1.1064941014848197,1.197966834898552,77077.90434777444,2.3216144497002693
184600,1.1071558677051228,1.198553922048915,77115.07427550277,2.3225239969260514
184700,1.1077937583376478,1.1989847189431582,77155.9361237297,2.323042711022232
184800,1.108307997708185,1.1997546264051566,77200.01031667128,2.323513343901927
184900,1.1088984998402038,1.20038516342062,77243.48664755047,2.324187581925528
185000,1.1095674022153539,1.2011303385845866,77279.97520994625,2.324988716918642
185100,1.1101429471936393,1.2016072931008188,77323.63198640502,2.3254412885827644
185200,1.1106697501764229,1.2020372652337155,77361.86864543174,2.3260862817282715
185300,1.1113590488601055,1.202711535615057,77399.52123459402,2.326726899404407
185400,1.111864219084367,1.2032591413505624,77438.69361487492,2.327683647864725
185500,1.1125335493474162,1.2039243214296507,77484.03785255562,2.3283163396880777
185600,1.1130606958911917,1.2045193496673716,77528.86986431458,2.3290829274371516
185700,1.1136745841232694,1.2051926791043932,77568.64795149583,2.3294977770871803
185800,1.1142586410781,1.2057963026548746,77609.79159471647,2.330221681832728
185900,1.1149120246156392,1.2063433709743865,77655.16893172362,2.3307307606157344
186000,1.1155781478247109,1.207179284329198,77696.4045084314,2.3311875431027786
186100,1.1161056244790786,1.20778499006465,77737.94207738097,2.3321219805851903
186200,1.1167061102012716,1.2082874238974195,77781.57165126865,2.3330368543159303
186300,1.1173000290901338,1.209052773383645,77821.31368525336,2.3339551444988107
186400,1.1178558388916322,1.2095503744600897,77858.29605122961,2.3347778942920203
186500,1.1184508904861157,1.210340066020155,77898.63216785509,2.3356240600416647
186600,1.1190489363819556,1.2108107390340992,77938.73944659461,2.3361132713946398
186700,1.1196126288321786,1.211321542486182,77983.80266511285,2.3369134342926308
186800,1.1200990215919588,1.2120308073882455,78021.84290304719,2.3375152574303826
186900,1.1207501716183776,1.2124662766580991,78062.28318272228,2.3383868284447815
187000,1.121427807008102,1.2130733176025712,78100.86280815338,2.3390424147655984
187100,1.1220314200757626,1.2136694217243207,78145.40097359705,2.3398291338876636
187200,1.1225345841660659,1.2144887814880214,78185.97653535697,2.3402523303897924
187300,1.123022643179588,1.2149254113009653,78228.10564679866,2.340785523509683
187400,1.1237097705020127,1.2153641622223548,78264.75608272769,2.341340367756921
187500,1.1243726791826145,1.2161915930160714,78307.44202587889,2.341854320886834
187600,1.1250260428777408,1.2168179571710402,78348.36930697819,2.3422599229760728
187700,1.1255772240564934,1.2175996131400413,78390.714189469,2.3426926159198005
187800,1.1261501491163601,1.2183236426820572,78433.18215726486,2.3436132111288606
187900,1.126732492098034,1.2189811109928939,78476.59526325374,2.344195658462739
188000,1.1272193852218821,1.2197379622186855,78521.09313015811,2.3447648547466073
188100,1.1277299332646995,1.220229369577928,78563.94031308751,2.3452741876195833
188200,1.1282530625751175,1.2206837409262783,78601.76671486697,2.345910118317627
188300,1.1288036094446736,1.2214720218247737,78646.86215688667,2.346461100210507
188400,1.1293321819456665,1.2220097759205593,78691.70690107769,2.3472929761710617
188500,1.1299579487873794,1.222621427929554,78735.01149465582,2.3478718784463917
188600,1.130438111180564,1.2232324871409879,78773.1906641756,2.3486440523594023
188700,1.1310327688051713,1.2236842470227756,78817.61613174062,2.349528280022599
188800,1.131582142098137,1.2244403414924372,78856.41466633102,2.3501517518695496
188900,1.1321093917143832,1.2251371172914127,78898.97976822879,2.350828043327527
189000,1.1326438128367347,1.2255939617411853,78939.97686372392,2.351333907766668
189100,1.133169089352642,1.226224184855468,78977.16111893336,2.3517682623922584
189200,1.1336634436768012,1.2267257566531244,79018.23304992258,2.3523720683702436
189300,1.1342906602705265,1.2274789495883354,79054.99479809045,2.3531906756133116
189400,1.134873486319178,1.2281582689835515,79092.445355167,2.353801979783392
189500,1.1355008809592892,1.2288723813998002,79130.31867418466,2.3543961174223225
189600,1.1361583615222826,1.229478546512926,79173.12750730093,2.355053677732629
189700,1.1367697739513596,1.2300028917184924,79218.15375153163,2.355616531702619
189800,1.1374537010661303,1.2307972359945474,79259.6611018596,2.3564291852252093
189900,1.1380731644285684,1.2315875739439837,79297.86962925446,2.357056298226658
190000,1.1386158252990464,1.2321206637459274,79334.9691860162,2.357551654523929
190100,1.1391415049402476,1.2326797264928944,79374.36366720551,2.358257374253646
190200,1.1397375517197257,1.2333521393611186,79415.79935726526,2.358957653844484
190300,1.1403624784524846,1.2339060379059088,79452.67056759182,2.359910041535978
190400,1.1409890698186462,1.2346354341498926,79495.97346074198,2.3603589402263423
190500,1.1416104658859552,1.2351391558001783,79534.31722849321,2.3610394057272326
190600,1.142277299994577,1.2358113135576327,79573.3534599243,2.3618707008583537
190700,1.142881935390689,1.2362605473749495,79612.8233615522,2.3624148395308584
190800,1.1434816035490776,1.2368974229169447,79653.6564193184,2.362934005561481
190900,1.1441461241034796,1.2377322429468087,79695.77464288578,2.363630967164079
191000,1.1447686832700665,1.2382787599346288,79732.20561322826,2.364490745083977
191100,1.1453452861920996,1.2387152911709878,79769.99881619819,2.3649960493412996
191200,1.1458916026767931,1.2394838514678252,79811.86052518748,2.3657791610616594
191300,1.1464931215545138,1.240150689340612,79851.41968395587,2.3666857935695553
191400,1.1470925806920407,1.240729583246009,79889.50307329482,2.367595058040001
191500,1.147572966797009,1.241230768184662,79929.2212207855,2.368308651604021
191600,1.1482350669018335,1.2416682366661285,79967.48465155528,2.3692804588143344
191700,1.148861370346479,1.2423023367867883,80008.04618265858,2.369953847376185
191800,1.1494525953213435,1.2429591627237453,80045.53954524249,2.3705166938100786
191900,1.1500749031639113,1.2436903348141009,80082.29241949737,2.371177227991236
192000,1.1506857682750735,1.244435395953512,80123.68952463167,2.371837369529211
192100,1.1512298844210467,1.2450911203292527,80166.45387797094,2.372747345398751
192200,1.151898749284314,1.2456434206097666,80202.84089839262,2.373649470101553
192300,1.1524679023141275,1.2460814013237973,80245.56321306065,2.3743214648294564
192400,1.1530301622308206,1.2465565262696927,80283.70834897517,2.374749015353196
192500,1.1535631035381546,1.2471473666533144,80326.82503986426,2.3756440568683552
192600,1.1541522518256386,1.2479551087017886,80370.41352631233,2.3761856080165473
192700,1.1547474575823633,1.2485250476675172,80411.54925899673,2.376645054123201
192800,1.1552377615691614,1.24918222468787,80451.8468407609,2.3770606684909836
192900,1.1557782370952803,1.2498220676123506,80494.25618895356,2.377834823797402
193000,1.1564306098299422,1.2503837597758212,80535.14938804698,2.3784528717890048
193100,1.1570580462820321,1.2511051951363938,80579.90716451993,2.3791917464008234
193200,1.1576270161811968,1.2516431423354597,80619.61983353917,2.379595260412265
193300,1.158150781412932,1.2520836436482905,80659.04507078345,2.380519051220615
193400,1.1587784287162914,1.252551551286538,80697.78707741004,2.38143249040529
193500,1.1593854399852763,1.2531473189744864,80738.6068450056,2.382271644829944
193600,1.15993055369707,1.2539462546767979,80779.92725253646,2.3829910357521182
193700,1.160550343797456,1.2544339626346834,80819.93277445524,2.3838185561099436
193800,1.1612379757747329,1.25526879464813,80861.61638457925,2.384386780433049
193900,1.1617393853990314,1.2558952124047353,80905.87853544019,2.385250956826191
194000,1.1622180991665307,1.2564283850955609,80943.80564690506,2.386074590629263
194100,1.1628177508851305,1.2568926589939666,80985.94443628553,2.38671780539977
194200,1.1634388745229813,1.2576307558827118,81023.34347050288,2.38753673693277
194300,1.1641111857858673,1.2582205024023396,81060.2355968424,2.388143508978973
194400,1.164651090759693,1.2589415414630298,81102.10183559626,2.388591068096277
194500,1.1653088185668528,1.2595156413659983,81143.81975956084,2.3891705325712915
194600,1.165925197446061,1.2599658655684107,81184.60094210015,2.389758547739513
194700,1.1665379463776473,1.2604335242081153,81224.0038813773,2.3903736962720363
194800,1.167081701480443,1.2609255116039402,81263.20980960217,2.3909299821603924
194900,1.1676306034006838,1.2617009959621497,81301.9122188733,2.39163446503841
195000,1.1683112861843599,1.2623389244838548,81345.20390071126,2.392372170693009
195100,1.1689240227508104,1.2628715138699926,81388.87808128998,2.3931026362954273
195200,1.169536280796899,1.2633616567853703,81431.88196856099,2.393700507185994
195300,1.1701858848471287,1.2641443602440423,81472.54322419286,2.3944822835034474
195400,1.1708233268727355,1.2645913582296742,81511.76615783207,2.39488703783947
195500,1.1714904998646158,1.2651080036019624,81556.26897477904,2.395454358895161
195600,1.1720563673856097,1.2656189468974601,81596.20185893994,2.396183748709511
195700,1.1727367187790145,1.2663176650831953,81634.61719082641,2.396970107559229
195800,1.1732400192614019,1.2668228280155802,81674.0778398423,2.397716528430753
195900,1.1737501873773,1.267306744476085,81712.30781030766,2.3984170404460032
196000,1.1744323819362823,1.2678906739503657,81753.59074921603,2.3992841725755354
196100,1.1749760348520613,1.2685508338729574,81797.95162675278,2.3999397973374896
196200,1.1755766357586344,1.2689879598576557,81835.41142892721,2.400649641677962
196300,1.1762350577777458,1.2695569844186048,81874.67786571226,2.4012021365359244
196400,1.1767172424495123,1.2702992457403297,81916.61655110928,2.4018986979446977
196500,1.1773413124702161,1.2710954645731916,81958.2616562159,2.4028535007723457
196600,1.1779502018852308,1.2717051715931376,81997.28900177291,2.403577922085997
196700,1.178580609544927,1.2721471329618794,82033.90315925675,2.4042249096670045
196800,1.179108656478163,1.2727591789160213,82077.66874493378,2.4050991710516367
196900,1.1797897759219007,1.273385996187723,82118.9586886876,2.4057944988300854
197000,1.180469091269397,1.2741583535170227,82156.13165276618,2.4066778016561616
197100,1.181067786540375,1.2746936611026862,82198.67598523236,2.4075871470437256
197200,1.181753684194341,1.2754771766711337,82236.95349964066,2.4082939212579575
197300,1.1824218937455138,1.2760879797179072,82275.98620717732,2.408960812844287
197400,1.1829990577081129,1.276871208915243,82315.52153602341,2.4099145532953483
197500,1.1835651742271258,1.2773689960416479,82355.08158981566,2.41088701936176
197600,1.18407912491415,1.2782029463469449,82394.18158028842,2.411314543954298
197700,1.1846363753676827,1.2789524673297772,82436.17171193329,2.412277678395243
197800,1.1851924160589054,1.2797178394530742,82477.32410088033,2.4131762140390967
197900,1.1857843611191974,1.28036789305553,82518.54448499173,2.4140073825890167
198000,1.1864584706898151,1.2810092073819974,82563.55745751726,2.414860242522436
198100,1.1869937547983738,1.281695244057839,82602.14436463063,2.4154530217235433
198200,1.1876165955240898,1.282478806582837,82644.58302290023,2.416257917261075
198300,1.1881985749943218,1.2829532421220073,82685.10868171469,2.416666205214402
198400,1.1888182772329867,1.2834569229042998,82729.45057715189,2.4171654738962185
198500,1.1893925276135269,1.284021791364377,82772.93736776437,2.4179862547554505
198600,1.1900732498774516,1.28476310505145,82810.58463391269,2.4187676003054612
198700,1.1906931993733993,1.2852056502215046,82853.82745900206,2.4192328444155664
198800,1.1913112170571016,1.285779198229813,82891.55712794121,2.419752886090144
198900,1.1918579455723113,1.2865432893632998,82927.87119572106,2.420678903315568
199000,1.1924843706200132,1.2873352713353365,82969.20454484524,2.4211754206799294
199100,1.193123490006936,1.287940369600186,83008.25389717837,2.4218073071040416
199200,1.193765931889051,1.2887246141507027,83049.02118034234,2.422435637876364
199300,1.194351827707342,1.2893474252912849,83089.01985064073,2.423263576376852
199400,1.1948717383175549,1.2900908381700817,83132.08450631176,2.423762793885619
199500,1.1953824634729393,1.290522802858761,83170.95647045951,2.4243328838640665
199600,1.1958999388953861,1.2910474240919139,83211.18730188569,2.425301052987904
199700,1.1964313345391544,1.2916102477166047,83254.49803401636,2.4258392596381335
199800,1.1970406780272815,1.292372833670454,83295.13314238997,2.4264004584892604
199900,1.1976327193929228,1.2930475534344326,83335.38320183005,2.426874662677909
200000,1.1981425773533403,1.2937713056051232,83378.16085170816,2.427365553954942
200100,1.198666213283644,1.2945677772881043,83421.49152205327,2.428250533572392
200200,1.1992987007954745,1.2950935441298899,83459.73676832604,2.428780680857106
200300,1.199785163611854,1.2957958894101322,83502.57208971924,2.429479338246823
200400,1.20030075156686,1.2962362893411425,83543.82545933683,2.4299258103695127
200500,1.2009707637131952,1.2970392772604529,83581.75688240562,2.430544869228547
200600,1.2015593982509551,1.2975535446975401,83621.22153454053,2.431363501973819
200700,1.202067312032085,1.2980228409733232,83663.91016282859,2.4323100274656917
200800,1.2026065292231816,1.298678276936321,83708.90344648769,2.432977490781397
200900,1.2031579449762604,1.2991512571460384,83747.76729639687,2.4336605456475815
201000,1.2037500616242336,1.299817674132988,83788.54366996685,2.4346024110052262
201100,1.2043733985233367,1.3003903059907158,83831.83356854755,2.4355471216115037
201200,1.2049151693010374,1.3009639868360086,83876.25458293084,2.436409178211509
201300,1.2055975135613612,1.3015546242113236,83918.47635930798,2.4369932574414794
201400,1.2062190845870993,1.3020454404221882,83955.85988081155,2.4377636095703137
201500,1.206759319639259,1.3026037738342713,83996.35578954464,2.4386947422478293
201600,1.207332349120143,1.3031596082188297,84040.47073784492,2.439503914458127
201700,1.2078753011315408,1.3039338808061804,84081.44676529255,2.4401418824471754
201800,1.2085559968926427,1.3046135006798354,84122.09677815609,2.440929621710891
201900,1.2090611074903506,1.305194332961219,84162.12047794751,2.441741518683684
202000,1.2095687466530727,1.3059667877919532,84201.96589254215,2.4425181958028346
202100,1.2101092284203774,1.3067359733842199,84244.91283270436,2.442998474266847
202200,1.2106872920590455,1.3071889467620506,84286.38825191958,2.4438993620114635
202300,1.2113150473758838,1.3079545476964698,84325.72719556512,2.4443546526685718
202400,1.211932582298939,1.3083848623630652,84364.43346121421,2.4447677322678594
202500,1.21256940624241,1.3091533657843186,84401.85174216825,2.445342717130488
202600,1.2130993872198144,1.3099360171754864,84446.31206243449,2.446274075944617
202700,1.2136757396163267,1.3103683814992881,84485.24315430832,2.4469337664545243
202800,1.2142875988402881,1.3110259338360624,84524.25108551304,2.44740165217041
202900,1.2149223527112865,1.3115676238833363,84568.02327179098,2.448041136848503
203000,1.2155475228407975,1.3122168988228506,84612.94053880007,2.4484488693502806
203100,1.2161191744819648,1.3128349566839375,84650.10926480748,2.4490048877412613
203200,1.2166771871864133,1.3132988267304404,84690.89587778361,2.4496479013940715
203300,1.2171605974919397,1.3137388843503308,84729.93914739843,2.4504166862599717
203400,1.2176879159549971,1.3141730091507606,84771.64123838952,2.4511364897726144
203500,1.218276795615189,1.314906013219742,84814.75961745836,2.451620675668371
203600,1.2189493534657012,1.315626834352024,84853.1912348657,2.452445720023472
203700,1.219448919809438,1.3161582719756104,84894.7529737316,2.4532037225086203
203800,1.2199580070656848,1.3169924658936307,84938.47711368276,2.454001976357595
203900,1.2205507341890323,1.317735161856603,84976.67910637971,2.4549325557645574
204000,1.221182165638215,1.3183680229563501,85020.1401659173,2.4554465058375996
204100,1.2216978702829475,1.3188775005282256,85062.24930478532,2.4562351553070987
204200,1.2221974247393086,1.3197040439366299,85099.56769130068,2.4568518134873263
204300,1.2228595104606788,1.3204128749699837,85139.0620278364,2.457329217894225
204400,1.2235269162364806,1.3209371207535459,85177.76930023915,2.4579599631681046
204500,1.224020535772831,1.3215054607303343,85214.2868257965,2.458657880874003
204600,1.2246545344526527,1.322318848318525,85256.30149957401,2.459116701913572
204700,1.225280516520324,1.3231014802515,85298.77114717686,2.459652775198102
204800,1.2257815845079527,1.3237365302886752,85335.84459643801,2.460399219316856
204900,1.2263612018590058,1.3242481396123476,85375.59290996875,2.4609411777536985
205000,1.226911317478615,1.3247774960223964,85419.33186547902,2.4618169855924177
205100,1.2275111015409024,1.3253237004850293,85457.48618035662,2.462456339118819
205200,1.228079347881501,1.3259975877431684,85498.5953624048,2.463356371470042
205300,1.228669761865323,1.3267008642399134,85535.85134638728,2.464060844574693
205400,1.2291609776085746,1.3271382913887673,85580.48961532458,2.464699808803719
205500,1.2298324317383373,1.3277270578129197,85624.08476497687,2.465435862754677
205600,1.2304976301074106,1.3284531634038743,85668.98728051891,2.4658512204377763
205700,1.2310950897642043,1.3290389118093282,85713.53567956817,2.4664333113830166
205800,1.2316165904191945,1.3295290864939966,85754.84507803134,2.4670078846784715
205900,1.2322235268786272,1.3302139775575557,85792.00890584178,2.467872908537251
206000,1.2327486121525726,1.3307750788856025,85835.02454717406,2.468774911797832
206100,1.2332431499134366,1.3313268108337772,85872.88973996155,2.469613664355245
206200,1.2339080075641897,1.3319513520650086,85914.37666873974,2.4700669842359995
206300,1.2345737941754167,1.3324384546782453,85955.32297793927,2.4706053543232223
206400,1.2351254047855633,1.3330224222992082,85995.39314739096,2.471126116862776
206500,1.2358053186994014,1.333762534992054,86039.21836143975,2.471981931160372
206600,1.236360574779631,1.3342409349783935,86079.6569746508,2.4725014926123503
206700,1.2369853369612318,1.3349741764801863,86120.16964329824,2.4733176451864707
206800,1.237477356841576,1.3357285606285316,86158.21251971209,2.473855008124446
206900,1.2379865192927537,1.3365149733074069,86198.79269636085,2.4748144919614425
207000,1.2385886272763162,1.3372524527725236,86239.39148456251,2.475214856008042
207100,1.2390784969749804,1.3378039891390423,86278.89255278361,2.4758673772942714
207200,1.2396542344926256,1.3386178976131242,86319.88885329763,2.476427501619034
207300,1.2402648224991104,1.3390527648984254,86361.02747449193,2.476972901753537
207400,1.240889561283322,1.3395707086289643,86405.6471212735,2.4779005794527578
207500,1.241451012277612,1.340129941642127,86448.21232252984,2.478820424983905
207600,1.2421356521155207,1.3408706389644867,86486.75177785114,2.4794892362120526
207700,1.2426816286822855,1.3414265630712614,86528.32019401656,2.480073555930122
207800,1.2432301635557066,1.342068440205329,86572.69648615044,2.4806812963856353
207900,1.2439133143784893,1.3425505018172257,86616.65191664686,2.4812645728921265
208000,1.2444134490959424,1.343316586210325,86653.96816522753,2.4819875060697782
208100,1.2449039520273792,1.34375787547458,86695.4520360601,2.482648266561001
208200,1.24545034777736,1.3442727038814626,86733.44625217204,2.4830754211171424
208300,1.2459308653826706,1.3449838236397713,86770.19080262259,2.483914101379499
208400,1.246414530344787,1.3455433801993673,86809.21477196796,2.484364058785115
208500,1.2469875862906346,1.3460817005745065,86850.78642386108,2.4853083810657717
208600,1.247542732262609,1.3468544036892052,86889.58244010089,2.4859387015683416
208700,1.24822373009295,1.3474121550286384,86933.0532333752,2.486500079254394
208800,1.2489050345635164,1.3479864255858727,86976.45971506691,2.4874254241683746
208900,1.2494381894468074,1.348709460952516,87014.93408669536,2.487943419446805
209000,1.2499563712869421,1.3492774108024157,87053.03434946269,2.4889124953457245
209100,1.2506009438960175,1.3497445079790946,87096.92240919468,2.489370618017206
209200,1.2511865126892112,1.350195476008025,87139.21302465671,2.490280586678035
209300,1.2517660974451454,1.3506511589700594,87175.5139734693,2.4910984610831557
209400,1.2524326712364064,1.3513738162713074,87215.86876916855,2.491820569771129
209500,1.252994003569553,1.3519638842258972,87254.43172194726,2.492483930176091
209600,1.2535692856795777,1.3525425077539412,87295.75019856326,2.4932866527657693
209700,1.2541970857714566,1.353039814279657,87335.55886506395,2.494089451560371
209800,1.2547901417057366,1.353800911612647,87376.4375421576,2.4949028602027647
209900,1.2554223588158648,1.3544301404361268,87413.13228645123,2.4957629091688087
210000,1.2559459249298075,1.3549029900486158,87452.35860431367,2.496314338250671
210100,1.2565604041556224,1.3556166751400263,87493.16618268615,2.4972436978234733
210200,1.2571720732703071,1.3562982229414977,87537.83714483469,2.497757670477465
210300,1.25777301651294,1.3569036849113598,87575.3788159047,2.4985644859713654
210400,1.2584214338380633,1.3575358219944813,87617.34397845619,2.4992344377278615
210500,1.2589616410672686,1.358325908735949,87661.49013486673,2.500152294255539
210600,1.2596297655907687,1.3591456043019357,87703.79624518748,2.5005582365824255
210700,1.2602880786647954,1.3596463600921287,87741.53464462231,2.5012225817330145
210800,1.2608616601631661,1.3602681696531018,87783.26175482853,2.501743781764667
210900,1.2613966077983108,1.360823483124476,87821.9027504519,2.5022528243832607
211000,1.2620425416622714,1.3616360485543801,87860.54929787377,2.5028202006761564
211100,1.2626480232390633,1.3621301564790702,87898.59976815771,2.503583945561539
211200,1.2632465238187736,1.3627330369704365,87942.1945700384,2.504210847957217
211300,1.263779545922709,1.3631902740023842,87983.17186345156,2.5050042270561304
211400,1.264419703878369,1.3640185805607636,88019.88319832979,2.505509908121072
211500,1.264938359606631,1.3646715960411628,88063.05475033287,2.5059869623762525
211600,1.2656096588617556,1.3652067227881521,88101.65525601075,2.506912949737793
211700,1.2661563655399792,1.365759312656199,88138.66169738545,2.507505230415413
211800,1.2667884130742153,1.3662057152987959,88178.3658481817,2.5082110116516003
211900,1.267438395492926,1.3668999894153802,88222.29300031105,2.5089152371314634
212000,1.268009780283086,1.3677230091513783,88265.95373769302,2.5094386017994554
212100,1.2684973933011643,1.3682166476473652,88304.39729315104,2.509981822026556
212200,1.2691779458232093,1.3687142068601883,88346.73066562852,2.510833455881551
212300,1.2697689443351323,1.3692704034497463,88390.61022815855,2.511636165042663
212400,1.270326845322294,1.3699226550702066,88431.85320438894,2.512534635973404
212500,1.2709192483128946,1.370378385371854,88473.14597338087,2.513380197474217
212600,1.2715702878023378,1.3709887446887408,88514.75625658537,2.5141162073746757
212700,1.272198149831185,1.3715844761742173,88554.60557763696,2.51504361011209
212800,1.272819153544854,1.3720077346953679,88597.41058969458,2.5159984293538953
212900,1.2733060097268485,1.372444211640799,88641.91617115709,2.51671810503122
213000,1.273905849689276,1.3732064413363239,88681.48657683894,2.5172737849647002
213100,1.2745631226558465,1.373718258635746,88725.71220786286,2.517696087889966
213200,1.275245400280834,1.3741628763908387,88764.0349071907,2.518594414139495
213300,1.2759252977270266,1.3749932076774862,88802.83428470898,2.5194250350632634
213400,1.276580581036951,1.3756472815604541,88845.9359750526,2.5200871724865617
213500,1.2771481578948511,1.3764403397391867,88885.1376027734,2.520750685357763
213600,1.2776907539250006,1.377043680851472,88923.54945839521,2.5212986517507634
213700,1.2782141544698415,1.37780645881111,88961.62056225969,2.521907813368522
213800,1.2788653675601909,1.3784095914131371,89001.97127523684,2.5226880060347696
213900,1.279351844917817,1.3791330650916607,89045.05324045419,2.5231134096288756
214000,1.2798417649005978,1.3798783783904518,89084.92747974297,2.523803696326529
214100,1.2805234428479442,1.380548055241788,89125.63383849397,2.524221746352452
214200,1.2811607669864375,1.3812531500518557,89162.62925323553,2.5250684985425997
214300,1.2817156944859611,1.3818753625917324,89207.1146428827,2.5254694919544427
214400,1.2822901378942748,1.3823734478973508,89246.66752746433,2.5259588837476974
214500,1.2829469186960443,1.3827945868701257,89288.21936286367,2.526549097926939
214600,1.2834398852311455,1.383550153756356,89326.38964261857,2.526974999977535
214700,1.2840173590608253,1.3842000619144739,89365.26391708881,2.5277669546860073
214800,1.2846659160404819,1.3849130271497725,89407.0515362648,2.5282442665446854
214900,1.285274622395021,1.3854617916637133,89445.71527544394,2.5290616850263183
215000,1.285823454694867,1.386020471462369,89485.80032778213,2.5296151921403043
215100,1.2863322569717968,1.386537592076285,89521.9255017515,2.530484908094244
215200,1.2869701986520306,1.3872815770916291,89558.09238033734,2.531441121204479
215300,1.2876026854472613,1.3879426223635993,89599.131219185,2.531945114938218
215400,1.2881538734685065,1.3885427139847983,89637.4785550804,2.5325737654014997
215500,1.2887541520976793,1.3890014981689667,89679.89412294982,2.5334032109737676
215600,1.2894009563107793,1.3897026953311709,89717.60994647068,2.5342689893757417
215700,1.290004438354089,1.390519251113244,89762.0626109581,2.5348386586622693
215800,1.290602073148198,1.390943207115233,89804.97322514307,2.535271675278462
215900,1.2912448238543055,1.391378712299646,89849.13842429571,2.5358932078375815
216000,1.2917350704246149,1.391867969038011,89886.988557696,2.53672089317726
216100,1.2922353257902066,1.3923786455956304,89931.36247431989,2.537599505627325
216200,1.2928546578965954,1.3931557741299714,89972.26753842119,2.538519668059817
216300,1.2934796977503749,1.3936499882273332,90015.27132821637,2.5394703363699165
216400,1.2939687105194748,1.394384716050857,90059.05003842154,2.540368105662794
216500,1.294629972094928,1.3950113766883647,90100.15307308573,2.5407860791088135
216600,1.2951729820736435,1.3957737884402246,90140.74733540825,2.54119972728618
216700,1.2958122091616013,1.396469036436838,90184.59124139481,2.5421555561025326
216800,1.2963030742014259,1.3972360371048267,90222.66514019184,2.542618140621731
216900,1.2968927064865317,1.3980432490437917,90262.51213094432,2.5431738498781584
217000,1.2975133531758487,1.398511414927558,90305.30399407081,2.5437346679105732
217100,1.2981534122516547,1.398996901310805,90342.0833162009,2.5443616403597096
217200,1.2986558801916417,1.3994541844355721,90382.91966365506,2.5450597470714174
217300,1.299334617813244,1.4002138280089313,90423.63545723687,2.5457008905152088
217400,1.2998832528993949,1.4009704163650067,90462.41899565236,2.5465484592597294
217500,1.3005404189890197,1.4017044055655008,90504.91403198265,2.5472334439104807
217600,1.3011899654297157,1.4022648789379693,90548.19421373712,2.5477650400731306
217700,1.3018341925258392,1.403006925659982,90586.86052718901,2.548469641686049
217800,1.3024595447043905,1.4036638051247612,90626.94817973772,2.5490496669883926
217900,1.3030184798974,1.404384842481671,90669.14309857671,2.54945016914887
218000,1.303514225877084,1.4052077404878625,90708.24862742232,2.550211141204528
218100,1.3041623936190263,1.405943028497198,90745.28658610102,2.550801843121865
218200,1.3047593523325884,1.4066195328870663,90786.97235072531,2.5512511797186
218300,1.305409122757412,1.4073031324680239,90825.59163745883,2.5520571394042815
218400,1.3059335825685219,1.4080252724100932,90862.74092109827,2.5526910819244932
218500,1.306574974410162,1.408683749242335,90906.28216898342,2.5531316389697687
218600,1.3070656478873006,1.4091710455714763,90951.18157193396,2.554009599446665
218700,1.3075673838906277,1.4099264563587484,90991.83634215493,2.554700932030894
218800,1.3081517408643824,1.4105985277087096,91036.47811755736,2.5552632461899036
218900,1.308725118064044,1.411421418820767,91080.93356733855,2.5557800494043184
219000,1.3092296345269177,1.4119990535178322,91117.20376755735,2.556314672602047
219100,1.309903573694543,1.412784288695842,91154.93324663801,2.557265428893065
219200,1.3105120320109482,1.4133269397630848,91197.34235182266,2.557687598025115
219300,1.3110976470679405,1.413822214994223,91241.35592338721,2.558217547195333
219400,1.3116403441554914,1.4143716196748488,91286.01645575993,2.559120115133922
219500,1.3122375854549284,1.41508031222354,91326.08540802814,2.55974743487503
219600,1.312825477680875,1.41576677161129,91369.82137277575,2.56017961076588
219700,1.3133194892432103,1.4163054209333996,91406.44717800862,2.560995086317836
219800,1.3138763832740046,1.4167272869602794,91450.0282236429,2.561960175565089
219900,1.31444052370047,1.4173097048571115,91493.00535238862,2.5626958967796374
220000,1.314989316466057,1.417837839038816,91537.19671885698,2.563548074017464
220100,1.3155712939700868,1.4183506484017843,91576.62766623164,2.564511983367824
220200,1.3160714681007437,1.4190886116604666,91614.5609865988,2.56500838354531
220300,1.3165570607940342,1.419755661980312,91653.83157563103,2.565446673760609
220400,1.3172080371026553,1.4204815806210986,91698.74567543567,2.5659739998702977
220500,1.317705793326038,1.4209945269617685,91742.81936951986,2.5666476294496787
220600,1.3181878973104721,1.4217383350656192,91785.1713998818,2.5672076405856807
220700,1.3187165779180012,1.4223985346523877,91826.03078626853,2.5678925388107765
220800,1.3192001563886968,1.4231443852423722,91866.64177817482,2.568340198757461
220900,1.319755698158341,1.4236885690838512,91907.54830631326,2.56891328112348
221000,1.3202950215657139,1.4241520577801847,91946.24224303843,2.5696088189451705
221100,1.3208187139344927,1.4247118414181665,91988.14571986237,2.5705622982572858
221200,1.3212963036696672,1.4254090886046615,92032.80006039483,2.571159881667967
221300,1.3218371939869848,1.4259444966941843,92076.10712405016,2.5716221884517467
221400,1.3223479957076498,1.426599030034479,92120.94507450443,2.572076269425111
221500,1.322842195387988,1.4270552566369574,92162.33715045349,2.5725462183520746
221600,1.323432515365296,1.4277996092501755,92205.08641399456,2.573027974266377
221700,1.3239424468608678,1.4282582837895144,92249.70825558201,2.5736496409678637
221800,1.3245519304776128,1.4288653345437858,92292.24430307634,2.574551576971602
221900,1.3250458410302135,1.4294429327894207,92332.02079001741,2.575165480401173
222000,1.3256786080011804,1.4299856242919193,92370.67918034868,2.575763857395843
222100,1.326343305889459,1.4305990448098433,92413.17807869363,2.576662783710844
222200,1.3268890576946648,1.431297717123928,92450.53571378243,2.577620703224619
222300,1.3274389983529422,1.4317727034952035,92491.52206242732,2.5783013197534568
222400,1.3280828138245626,1.4325747771451989,92530.98620185208,2.5788448172621323
222500,1.3287626625716245,1.4333943709137007,92567.17451832113,2.5797831929554156
222600,1.3294388964665207,1.433903295205582,92605.50772381738,2.5805872925791453
222700,1.3301017381434899,1.4347214677190663,92647.9146409626,2.5812362317930853
222800,1.330638450740971,1.4354941796721827,92691.70039647285,2.5819234087694016
222900,1.3311765184924738,1.4360733969698025,92729.46292688759,2.5828772664658173
223000,1.331791613140391,1.4365036288369686,92769.84903525957,2.583538646421818
223100,1.332281907255099,1.4370683668221365,92812.2614881957,2.5840660954799075
223200,1.3327986934975007,1.4376444462886218,92850.71032234852,2.584508498419134
223300,1.3333521672649729,1.43809543362347,92890.05368568354,2.5850191681905526
223400,1.3340147516829821,1.4388111946957896,92929.40538058421,2.5857772107259143
223500,1.3344956398214016,1.4395603021406034,92971.90877230655,2.586614237762914
223600,1.3351707368286916,1.440318891495041,93008.48295330336,2.5874222070435557
223700,1.33578810242862,1.4409161108560737,93048.96796782114,2.5881648372417168
223800,1.3364017193359419,1.4417018925878864,93087.48473514187,2.5885682645357964
223900,1.3369859086134301,1.4423753070650291,93125.66808121289,2.58897895340223
224000,1.3375028628084202,1.4432048102138006,93169.31392386605,2.5896622591372442
224100,1.3380403609284761,1.443827296080058,93209.14135585097,2.5904294276933912
224200,1.3385276449226093,1.4445384591218564,93253.11682321702,2.591365854609131
224300,1.339112591175118,1.4449624977821578,93290.27015565346,2.5918082552676287
224400,1.3397772638397316,1.4456733885998916,93334.03336952739,2.5927265751567554
224500,1.3402887263810914,1.44637632516434,93372.56716447497,2.5936333904537148
224600,1.3408874948891483,1.4470816677003842,93415.80636466679,2.5941435932233268
224700,1.341452822795992,1.4478074569871948,93460.4601728681,2.5947349716499533
224800,1.3419491912907058,1.4484029677964985,93502.0429343259,2.595674989317106
224900,1.342504580528888,1.4491911623532838,93540.34465324,2.596606883928012
225000,1.3430962606723917,1.4499417565365216,93576.41914048401,2.5974436879618588
225100,1.3436371264044134,1.4506373364541838,93618.15836709303,2.598094043747353
225200,1.3442056427878326,1.4514290666064464,93659.49291767308,2.5988219067965277
225300,1.344860292768707,1.4520037968470867,93700.96003312443,2.5992881035154647
225400,1.3454216272233313,1.4525931250408697,93738.13180005235,2.5997168164913336
225500,1.3460406622464804,1.453042524844127,93778.33175886587,2.6004923915002065
225600,1.3467188602335194,1.453526926428913,93821.09018195489,2.601044534573843
225700,1.3473430425574222,1.4543421504945337,93864.70292693686,2.601568511531924
225800,1.3479040602251546,1.4550265736358392,93905.67012287918,2.6021489928032313
225900,1.34842484287706,1.4557826760528383,93943.44755606969,2.6030794980220326
226000,1.3490014930642453,1.4564234109249288,93984.90942449197,2.6040177259764072
226100,1.3495973227513232,1.4571545115778488,94021.88452152956,2.6044252720243026
226200,1.350142170880201,1.4576562333328797,94064.72816255077,2.6051049097030203
226300,1.3508022193341414,1.4582288175579654,94103.58424767217,2.6057034903202525
226400,1.3513850152312383,1.4587396054752997,94142.48910963534,2.606542961130161
226500,1.3520057480327703,1.459538931003585,94185.27517549023,2.60741929340803
226600,1.3525229499770424,1.4600792044598991,94223.25628588616,2.6080811371937647
226700,1.3531302109327734,1.4608901792935354,94263.13223930962,2.6084931816531336
226800,1.3536874090272886,1.4614695386475343,94303.1168330739,2.6089216185185364
226900,1.354317384268297,1.4622259512134719,94346.14190155553,2.6094715814751552
227000,1.3548189701582334,1.462896193220105,94389.1514414875,2.6101973435021426
227100,1.3554467262271117,1.4633574665166014,94433.5690763129,2.6106245559564893
227200,1.3561243169751511,1.4638529721290907,94470.11824337461,2.6111618374240586
227300,1.3565985926293003,1.4646432343351503,94509.85094546498,2.611600480930256
227400,1.3571888186264587,1.4651566650269883,94552.27649587765,2.6121921156696932
227500,1.357689779161881,1.465898008742694,94593.65947674247,2.61295736511292
227600,1.3582924407164403,1.4663950999704798,94633.12691254579,2.6138338807788415
227700,1.3588241066622466,1.4670957411644228,94673.99573308958,2.6142597283174593
227800,1.3594812581768814,1.4675405888954776,94712.52225211765,2.614989359279457
227900,1.3600335437483224,1.4680272582070222,94755.26247840289,2.6156637011833856
228000,1.3607137116153323,1.4684735410639316,94792.08878966737,2.6160906109844837
228100,1.361345706390594,1.4689895210344512,94835.13360290477,2.6167751783925284
228200,1.3619292209394287,1.4696112282403713,94874.72318989513,2.6171916571792098
228300,1.362433008721968,1.470327763704195,94915.98927625794,2.6176941680121124
228400,1.3629071341017753,1.4711319963216656,94953.39983210071,2.6183307379542193
228500,1.3635727661141852,1.4715741054560318,94990.69514497314,2.6192121385983316
228600,1.3640586723409702,1.4720340463584485,95028.6081119009,2.6201495289556136
228700,1.3646057511240506,1.472598466739411,95070.79997097627,2.6205653844669525
228800,1.365132208177229,1.4734129134560239,95111.35224304111,2.621232949398757
228900,1.3656933884728537,1.4741940546589756,95152.3052050646,2.6217220740345684
229000,1.3663077629955447,1.4746800308130459,95196.74222851018,2.622208992645945
229100,1.36685217348317,1.47524066380384,95235.5389577202,2.622612308314419
229200,1.3673823226586364,1.4759571475016973,95275.42248032519,2.623149898420156
229300,1.3680225676184614,1.476768937317651,95319.13362130782,2.6240996651071495
229400,1.3685821316347528,1.4773390660296293,95361.36987742025,2.6245233836104274
229500,1.3691004080180516,1.4780918232371831,95403.10602764999,2.6252903656422877
229600,1.3696563077371702,1.4788002739934056,95443.9576304225,2.625845422124165
229700,1.3702740250819592,1.4792997235432428,95485.06186285053,2.6267353203580255
229800,1.3707612235489361,1.4798876886245427,95529.39066131462,2.627241181082308
229900,1.371365247302906,1.4803263067060528,95573.3665128594,2.6278761605800125
230000,1.3718848497390086,1.481124947213207,95616.04488594297,2.6284120449824733
230100,1.3725396668316059,1.4818470213414772,95657.14165327666,2.629065453833091
230200,1.3730570152959471,1.4823595728570031,95699.25005832869,2.62973799638121
230300,1.373562784910484,1.4830826920949354,95735.959265063,2.6301522024991253
230400,1.37410516004606,1.4836437455074982,95772.23818131172,2.6305938393342574
230500,1.3747848717398974,1.4843366449155027,95809.74567304316,2.6309894707271297
230600,1.3753306082161478,1.4848140734067734,95845.87475456178,2.6319046262382226
230700,1.3759627394065035,1.4855488846619718,95882.15462832576,2.632569373890096
230800,1.3765453233654619,1.4859893047811876,95925.1003765535,2.6334591951716058
230900,1.3771556127089553,1.4867999135904857,95966.41114185363,2.6341602809009474
231000,1.377817637098894,1.4872417500385697,96007.3256664227,2.634855063328374
231100,1.3782915273368868,1.487989757172994,96045.55615234227,2.635618517133126
231200,1.3788475445603787,1.488636624586967,96089.62200446347,2.6361616625308706
231300,1.3795065360460022,1.4894617549664257,96129.25837267723,2.63685933780353
231400,1.3800282439027216,1.490116672506283,96170.69249294307,2.6377585748998524
231500,1.3805505882279427,1.4907894885091248,96211.39725250744,2.6384013014762706
231600,1.381067189785266,1.4912529214757706,96249.0712184773,2.6391251886172884
231700,1.3816986434544825,1.4918992371946014,96286.49164100313,2.640029203144567
231800,1.3822070257660408,1.4926564380194463,96324.18681966922,2.6408360484207942
231900,1.382811994574883,1.4931579491080929,96366.76605863855,2.641616163624973
232000,1.3833377930294852,1.4938643774528988,96403.58705788535,2.6421710330581294
232100,1.3839078038674344,1.4943102905446324,96444.3884112996,2.6430549704551516
232200,1.3845818650061659,1.4947755017102653,96487.57480081114,2.643836958196875
232300,1.385166212003871,1.49540034960912,96524.12957081616,2.6442396408089293
232400,1.385699052185817,1.4958631476914326,96567.01651773383,2.6451869719695904
232500,1.3862850980642847,1.4966391962691692,96604.66059421124,2.6456682053448985
232600,1.3867640502831948,1.4971274072928926,96648.44631898109,2.646101212731086
232700,1.3874079632892629,1.4976004315945126,96692.13670865833,2.6468728055241266
232800,1.387992334597887,1.4982311748332269,96731.8735926638,2.647707710054595
232900,1.3884792063513767,1.4989228635495704,96772.15082338337,2.648240548028773
233000,1.389106153960685,1.4994524216609628,96808.51711903333,2.6490223920743365
233100,1.3897010399024117,1.5001587107316268,96849.03324099585,2.649900848472661
233200,1.3902188235872688,1.5008098585962046,96890.32024368734,2.6507351160226924
233300,1.3907837947997375,1.5016387965899534,96934.16946597326,2.651621975010769
233400,1.391289528836552,1.5021931112012985,96971.61077287086,2.6520330922699644
233500,1.3917689186516746,1.502706297170856,97012.66203838703,2.6524920308008553
233600,1.3922545105472366,1.5033781244973496,97057.32355833439,2.6532081589587566
233700,1.3928766358643032,1.5038345586495043,97095.39988935164,2.653924770118586
233800,1.393507953861956,1.5046223572405861,97134.8501892658,2.6544231228811737
233900,1.393997672027648,1.5050414132153855,97177.61199244681,2.6550019976826333
234000,1.3944949259382347,1.5055818463819326,97216.4033543875,2.655869274241213
234100,1.3950751269783426,1.5060327662264592,97254.82394924294,2.6567621888446475
234200,1.3957110021862706,1.506760193298336,97291.74335888814,2.657224314232937
234300,1.3962640961431756,1.5073269962588565,97333.42201195213,2.6579007149761344
234400,1.396793146396348,1.5078621556593026,97376.60896139166,2.658396196418561
234500,1.3974117859561441,1.5083850337632334,97415.68176637717,2.659128331474861
234600,1.3979829813292726,1.5091529866906095,97455.36542333828,2.6600099649328333
234700,1.3985594247488895,1.5095795547022002,97494.68718699875,2.6609022166475254
234800,1.39908688769594,1.5103334730809097,97539.3730469752,2.661518928281738
234900,1.3995869993360963,1.511015259157811,97583.32885895386,2.661956135349368
235000,1.4001230367486455,1.5114461534349883,97627.07862396384,2.6628696703591275
235100,1.400799338786823,1.5122606778387455,97664.39126568135,2.6634231418312053
235200,1.401318853029865,1.5127444832465096,97705.0390855606,2.6643384763485476
235300,1.4019149884701527,1.5135410726480607,97741.21048658792,2.6647823880117407
235400,1.402390854259686,1.5140651682016177,97778.77742374301,2.665683007516487
235500,1.40297246183423,1.514868751264077,97815.16290414617,2.6661620682965754
235600,1.4034759283210672,1.5153297147741458,97852.2201551555,2.6668921372552212
235700,1.4040716667820792,1.5160373708979882,97894.28504673151,2.6676108203218662
235800,1.4046664628823244,1.516781102896493,97930.22704722617,2.6684649225496964
235900,1.4052023978982784,1.517215953359339,97970.36279300875,2.6691926949935576
236000,1.4056912853431245,1.5179420619059505,98006.97047198133,2.6698647000374023
236100,1.406239489548333,1.518555922942713,98048.82494656883,2.670725419222959
236200,1.406855065691719,1.5192278246780908,98089.8171874482,2.671328887326173
236300,1.4074810230649915,1.5197550404187483,98130.70800477461,2.6721965627721196
236400,1.4079536013682832,1.5202008615068061,98173.76287306979,2.6729920976516928
236500,1.4084474457499618,1.5206671073558307,98213.24382386982,2.673957296139686
236600,1.4090196340168448,1.5213769233265317,98252.01700712895,2.674831351866075
236700,1.4094993255179793,1.5220301765529285,98293.54783313145,2.6754785702660127
236800,1.4100546261841969,1.5227637431439887,98333.57532193353,2.6763207452068856
236900,1.4105983041531305,1.5232133827305865,98375.7372376443,2.677134632608863
237000,1.4111911575198606,1.5237547051319968,98414.74109373068,2.677656202085799
237100,1.411736586321244,1.524288400687028,98453.15332498489,2.678568164562454
237200,1.4123894084625308,1.5249684168576356,98495.25796231018,2.67905988465752
237300,1.4130624466253703,1.5256448214106326,98534.53070028317,2.679562467898594
237400,1.413581439152429,1.5264070540591776,98571.3485499369,2.6802108514063097
237500,1.4142399161207588,1.527085668639332,98608.81015256041,2.6807093507562367
237600,1.4148120319208566,1.5275905435845645,98645.09197639838,2.6813780327806476
237700,1.415424140228443,1.5280518232344757,98681.01979470676,2.682327145937544
237800,1.4160881101760385,1.5284938790951375,98721.62671965726,2.682821731842437
237900,1.4167413952649675,1.5292000118790139,98757.71428292418,2.683365826224162
238000,1.4172265696967732,1.529812399916219,98798.6572317558,2.684043417319823
238100,1.4178093739674018,1.5304229800131235,98838.98741533271,2.684897648856614
238200,1.4184302620145057,1.5309452795762752,98880.09693800488,2.6858457417922
238300,1.4190414150645645,1.5315529390626619,98919.52436879721,2.686291495501248
238400,1.4195396246657055,1.5320481988660803,98963.69730072477,2.686852294722882
238500,1.4200884917309224,1.5325678585082698,99000.4320367878,2.687573675608695
238600,1.4206862626522476,1.5332518497027972,99039.24470474877,2.688369623709042
238700,1.421323658659538,1.5337049942630634,99080.99782345355,2.6891659564642767
238800,1.421989889337671,1.5342554442432905,99118.74356254083,2.6901225645626794
238900,1.4225706115148207,1.5346895726032947,99154.84460690622,2.690779266281335
239000,1.423236731067922,1.5354749026894488,99198.4126957419,2.6915157371833116
239100,1.4238807070833257,1.5361561826879924,99236.10782440487,2.6922902284953976
239200,1.424425595170775,1.5366524211389134,99272.90804902643,2.6932107276382697
239300,1.4250400451934497,1.537270758446208,99314.79286589794,2.6937138041040476
239400,1.425651911934082,1.5378125522245596,99358.54114827649,2.6944427149376553
239500,1.4262314622277912,1.5386051405606003,99394.90654606755,2.6948798416800743
239600,1.4268473778408672,1.5391440672527845,99433.70462129996,2.695540979824089
239700,1.4273327660756847,1.5399356306567955,99471.1843876023,2.6961964427830565
239800,1.427888300506371,1.540671382837183,99511.89524805517,2.697141766420245
239900,1.4284972184220865,1.5414300382565729,99549.94620448627,2.6977439693965306
240000,1.4291746241449073,1.5421276638316774,99591.5518109529,2.6982436187055674
240100,1.4297807223887902,1.5426556865986552,99629.02813669831,2.6987931420760427
240200,1.4302584001810028,1.5430863082849244,99670.21816028736,2.699353566265588
240300,1.4307906016478285,1.543703442565357,99708.30812022842,2.70004300482103
240400,1.431385140724352,1.544255032017536,99749.90959343531,2.700471508155568
240500,1.4319900770980456,1.5449598267069948,99791.88782454324,2.701377827788737
240600,1.4324814832256691,1.5456302606583812,99829.33618513659,2.7018793069659597
240700,1.433043701930718,1.5461996506991942,99865.55873219339,2.702766135534905
240800,1.43364567233956,1.546665942961482,99904.5049576032,2.70368809563581
240900,1.434139498085477,1.5473954330669106,99948.73543537015,2.704378370049984
241000,1.4346603419830697,1.5478490784952335,99988.39527650886,2.7049048955517057
241100,1.4351771315858657,1.5485504764889573,100026.82333086275,2.705314201637503
241200,1.4357789991390966,1.5493318096553905,100070.16193064144,2.7058634610066883
241300,1.4363151228391582,1.5498101923777796,100109.38122082561,2.706500350105816
241400,1.436852793565869,1.5502458808322885,100146.02721259871,2.7073931535593965
241500,1.4375053545454772,1.550703710766639,100185.99207733164,2.707887659252703
241600,1.4379840030954236,1.551292626301135,100228.5981174579,2.7082974649258853
241700,1.4385016679870453,1.5520127372289187,100264.9409190654,2.708908238831162
241800,1.439073181477226,1.5527000729800078,100307.18080540541,2.7096585112944767
241900,1.4395870690285093,1.553279087113352,100347.06121646377,2.710125179083186
242000,1.4402272746562805,1.5538514711531775,100391.61695558405,2.711087272691976
242100,1.4407440404852352,1.5544652620115988,100430.34580334072,2.711883923473016
242200,1.4414122602599322,1.555217385943147,100469.34188581732,2.7125069730604667
242300,1.4420460604391654,1.5557574601962447,100509.58190779621,2.7131529487581387
242400,1.442633096002792,1.5562245960544754,100547.48629731318,2.7139162038195943
242500,1.4431736871175755,1.5567929984595752,100590.30101428482,2.7145683519171717
242600,1.443682706041357,1.5572294512479024,100629.81821715688,2.7152749665539226
242700,1.444317795858848,1.557903904477526,100668.62895988145,2.7158248871488815
242800,1.4448136930202997,1.5583740066260703,100706.98133008192,2.7164584895986787
242900,1.4454318230520855,1.558831524059973,100746.54250949365,2.7171190367655176
243000,1.4460276164437194,1.5593107264528199,100787.8273661066,2.717579244665364
243100,1.4466334962734464,1.5598001309928173,100827.5927495833,2.7180895173520168
243200,1.4471162054116757,1.5605130307058566,100867.77174375181,2.719021971535774
243300,1.4477281340505193,1.5609805153018241,100910.51237621816,2.719707833999987
243400,1.4483275287583228,1.5615310940996388,100949.17269435534,2.7204616981536764
243500,1.4488023529080702,1.5622069279214743,100993.18779288408,2.720933781995509
243600,1.4493355684859135,1.5629308395896968,101029.3982289621,2.7215771147354086
243700,1.4498670423226037,1.5637303823039235,101065.21963872884,2.72205096450205
243800,1.4503516008234452,1.5641554422049389,101106.67948438082,2.7226885155058174
243900,1.450976807482822,1.564804766354371,101150.0889843451,2.7232221156003176
244000,1.4515025368857697,1.5652944652194445,101186.25930936997,2.724090783792948
244100,1.452007628824771,1.565867421040376,101230.50790023587,2.7248795354075517
244200,1.4525791231844656,1.5666189143590394,101267.23833233642,2.725563281374144
244300,1.4531794831832021,1.5672834378924598,101305.849533702,2.726069371520125
244400,1.4537562144062113,1.5677789460310092,101343.16653781685,2.726524062102189
244500,1.4544138751164013,1.5685610308854734,101383.15937630819,2.7269216572901684
244600,1.4549177629719106,1.5693088740101035,101419.19219382622,2.7277388244261855
244700,1.4555401184122339,1.5699403657382027,101463.63368175068,2.728673499683774
244800,1.45608313039071,1.5707197158074317,101500.57146020446,2.729582291953855
244900,1.4566543056334735,1.5715256351171834,101540.35287141512,2.730019345710612
245000,1.457253494977622,1.5720839677120584,101580.91795849318,2.730976674982626
245100,1.4577572149194495,1.5727742375768086,101620.49919920602,2.7317618712462024
245200,1.4583843556942944,1.5734376075697083,101658.77356912472,2.7322411980555903
245300,1.4589875400421397,1.5738980249495895,101696.26280991684,2.7327087058323887
245400,1.45956931616311,1.5743832937609903,101737.60762761916,2.7336514049860563
245500,1.4601913843919379,1.575064903400083,101774.35269404767,2.734442559584836
245600,1.4608350222178854,1.575698056156995,101817.43091368784,2.7351029740811397
245700,1.4614175574492692,1.5761339488611834,101854.25102289878,2.735799481819625
245800,1.4620223885444392,1.5766104073789864,101894.49996249446,2.7364870624186723
245900,1.4625158821402917,1.5771478161609285,101933.36750099009,2.7373416598442355
246000,1.4631263621655581,1.5776292782256267,101969.85576737323,2.737755625361779
246100,1.4636065801427303,1.5780889274837995,102007.0889595906,2.7385302606379245
246200,1.4641372133026234,1.5786970881910023,102051.44391750597,2.7391213751902543
246300,1.464616790352275,1.5792878225488622,102094.50562324906,2.740073831734317
246400,1.4650905883939882,1.580068675657935,102133.14512510998,2.740757891517017
246500,1.4657159419903991,1.580758018754608,102171.38169350488,2.741554104243924
246600,1.4662370281019872,1.5814550389492479,102210.14045408566,2.7424630444306213
246700,1.466877432905089,1.5821162487064422,102246.5329219371,2.7430030929947247
246800,1.4674371858536361,1.5826906942631902,102286.73077049639,2.743721175718094
246900,1.4680658233559134,1.5833015321995592,102325.86322344097,2.744407598224483
247000,1.4686379487611108,1.5838991315901978,102368.95463305168,2.7450968764393258
247100,1.469246979211894,1.584496521314256,102407.1339492631,2.745983324618171
247200,1.4698333836279667,1.5850308190765052,102445.86487739153,2.7464316760138066
247300,1.4703528421137593,1.5854983076437483,102481.80575565455,2.7470703343989094
247400,1.4709434858297614,1.5860039906277392,102522.48426987097,2.7479757147962953
247500,1.4715063284172194,1.5866329760461972,102563.92636419815,2.748537829135917
247600,1.4721476914354343,1.5871586331389353,102605.2312287998,2.7492892678075807
247700,1.4726283010714023,1.587612236392242,102643.38198190744,2.750055219647321
247800,1.4731311111186614,1.5882455447619541,102684.73124188509,2.7504937829285137
247900,1.4737029170885168,1.588749686158221,102721.07547093958,2.7511521928139846
248000,1.4742465106065794,1.5894409517077255,102757.47472329286,2.75210466383279
248100,1.4748675602381212,1.5898762375705937,102796.5370335124,2.7526656430573784
248200,1.475535981725993,1.59040307117246,102834.14670277327,2.7533083263548197
248300,1.4760173108596082,1.590904617795959,102872.26910290313,2.7538766463058955
248400,1.4766220133172543,1.5917224075784295,102911.78898686315,2.754707570017591
248500,1.4772131118196525,1.5921824487986926,102950.99137839959,2.7551496914653155
248600,1.4776875184655693,1.5928781137246366,102993.20046061039,2.755608217769767
248700,1.478358245356591,1.5936106806954091,103034.51161852833,2.7562915107291897
248800,1.4789897504023979,1.5944102086156853,103072.63242369854,2.7567710000578693
248900,1.4794768727510685,1.595001173315056,103116.0312345987,2.7571678513125972
249000,1.4800213667320246,1.5955946389987994,103158.2781120832,2.757844652734207
249100,1.4805674275820169,1.5963088882681462,103197.0826184848,2.7583795824603214
249200,1.481092211746017,1.5969014773152468,103234.505084008,2.75921140555803
249300,1.48161585008142,1.5977088980632324,103277.83824554365,2.760030694919325
249400,1.482181991798898,1.5983060660828086,103322.15532264327,2.7609752444796967
249500,1.4827977468794904,1.599014770589182,103361.5618180013,2.7615433247871453
249600,1.4833614925805299,1.5995583810374496,103403.88143950152,2.7621433906944537
249700,1.483920800947332,1.6001679654050005,103446.30401204107,2.7630421736711517
249800,1.4844589136525828,1.6008255194069245,103482.7177549078,2.7635233076056807
249900,1.4850060946406793,1.6014398217260966,103522.70663775419,2.7643313176729025
250000,1.4855698943595992,1.6020393050925525,103560.00064970911,2.7650399607353324
250100,1.486216988717672,1.6028630669714155,103598.81058472396,2.7656076720946436
250200,1.4868404321086661,1.603614801863461,103641.47118026303,2.766228569354833
250300,1.4873965336797987,1.6041601969078154,103678.52279496186,2.7668837363171708
250400,1.488064704371736,1.604840571962098,103720.86112498598,2.767824185538163
250500,1.4885958738393936,1.605506460138256,103764.71439249518,2.768378940709417
250600,1.4892538355750062,1.6061592333112247,103806.47127698133,2.769256228058723
250700,1.4898482304952785,1.6067461806971362,103843.5597528785,2.7700824517514344
250800,1.4904855597239828,1.607432586309537,103880.86328653467,2.770949183263376
250900,1.4910349641551266,1.6079372486398182,103921.08401879606,2.7718950374175706
251000,1.4916472062461092,1.608422744508506,103958.19798283574,2.7724790304216596
251100,1.492277882317785,1.6089232209037088,103994.3981567763,2.773401061614574
251200,1.4929372152994012,1.6095883311005852,104032.3974935042,2.7743148170350014
251300,1.4935034396470517,1.6102180460200084,104070.12785301729,2.7749064375612806
251400,1.4940169452991556,1.6106787932633742,104113.46926357882,2.7758250164030476
251500,1.4946036566204917,1.6112877108463706,104153.20188943729,2.776530036027487
251600,1.4951573051168678,1.6120811813633322,104192.75009556666,2.7770661424103844
251700,1.495781673084738,1.6125545708478461,104234.0363577842,2.777943779647279
251800,1.4963382347320524,1.6133531111756916,104278.26696346856,2.778901885181999
251900,1.4968084892617954,1.6139392373633938,104320.04869562463,2.7793711249152606
252000,1.4972809407669434,1.6145372183541538,104357.81860201087,2.780272244111394
252100,1.4978865020336416,1.6153060480990877,104396.8003544321,2.7806836480351396
252200,1.4984877508689056,1.6159567703509008,104436.87029116471,2.7814661346975478
252300,1.4990800277417822,1.6165883370670846,104472.7710066492,2.7819211918459303
252400,1.4996424849206527,1.6173338802200847,104508.4580649661,2.7826365528485764
252500,1.5001366128464904,1.6179253941405087,104544.58626855195,2.78356474611119
252600,1.5006081766881931,1.618565798515454,104583.77781150024,2.78451930781498
252700,1.5010887209262023,1.6190433980513166,104626.33691813971,2.7850626644088616
252800,1.5017057296169192,1.6197564423713244,104664.70020450868,2.7855600676148704
252900,1.5023122333883991,1.6203957199939376,104705.75693054245,2.7860179972834653
253000,1.5028315211350451,1.621059343009229,104745.06612378503,2.7867325240448833
253100,1.5034203225404728,1.6214823410297672,104782.97229092356,2.7876659192936413
253200,1.5039186045397235,1.6221938195982424,104822.47127085649,2.788523348863252
253300,1.5044016823247133,1.6227344047388765,104859.52851363072,2.7894068664860296
253400,1.5050197464993857,1.6233218481007248,104900.31073978482,2.790194697025435
253500,1.5055963117393696,1.6238281086019082,104939.57360690678,2.7907364209090924
253600,1.5061230703526338,1.6244780265078764,104983.70273354225,2.791582426217168
253700,1.5067871037777487,1.6250483170970427,105027.97285198986,2.7923592864722395
253800,1.5074501217729537,1.625790594194181,105069.10029525391,2.792768107461568
253900,1.5079760076478625,1.6265111556496747,105111.03746119919,2.793722597479471
254000,1.508601796951336,1.627175269249026,105147.8495702285,2.794284638357571
254100,1.5091181542307424,1.6277567273398446,105183.8787808374,2.7947494624122315
254200,1.5097529578730027,1.6283465528388854,105225.65324520561,2.7954070053978075
254300,1.5103018520640688,1.6291562816758454,105267.91302711614,2.7962733439974254
254400,1.51078864311818,1.6299360566960261,105304.51999187029,2.7967875055241906
254500,1.511438130794827,1.6305430257103593,105343.24659742444,2.7972914646194273
254600,1.5120318640040373,1.6310960075815943,105385.65229790143,2.797970728655182
254700,1.5125912308052956,1.6317445143792566,105426.64497933633,2.7985809906520482
254800,1.5132574545947484,1.6322989426793468,105469.6571722485,2.7993848181253163
254900,1.513887965908997,1.6330646878092445,105507.08933266056,2.8000249889039406
255000,1.514494390390171,1.633565299479894,105546.98666242654,2.80051435182932
255100,1.515153291678909,1.6341500667078217,105583.78031413621,2.8011290628956056
255200,1.5157358021187652,1.6349625645842818,105627.279163471,2.8015975484568516
255300,1.5163992799427024,1.6354819519574026,105667.96014793968,2.8024621352497645
255400,1.5170313539557763,1.6362477561949216,105705.29711212232,2.803061975296628
255500,1.5176146714342758,1.636981119701772,105741.05329257523,2.804013216351317
255600,1.5182462909070455,1.637471393847124,105780.62166173586,2.804615304957878
255700,1.5188608344883872,1.6379228765400888,105820.466281992,2.8053859115469457
255800,1.519466465635078,1.6386621280472469,105863.86995989646,2.8058900974168575
255900,1.520053045971805,1.6393015665866708,105901.96762207289,2.806498231373523
256000,1.520707683142591,1.6400314126643487,105938.41811311357,2.8073507925704186
256100,1.5213125939542844,1.640508915641932,105977.20862835758,2.807979614009621
256200,1.5218496382038331,1.6409973851429234,106016.46864944525,2.8089307151492853
256300,1.5224589373909172,1.6416080116414697,106054.27060571694,2.8093473664114486
256400,1.5230149619122915,1.6423340814936118,106093.04949073163,2.8101902880477425
256500,1.523603528504776,1.642943893004368,106128.74354864898,2.810700301620809
256600,1.5240728462199458,1.6435148115917886,106166.3139783905,2.811291050059621
256700,1.524698162024064,1.6442939455365162,106206.87733167739,2.8121291007190705
256800,1.5252124001130254,1.6450011033113496,106249.77472431236,2.812964458752003
256900,1.5257139194976812,1.6454421450756944,106290.9037229845,2.813842958024582
257000,1.5262147322390507,1.6462531571557741,106329.08398924943,2.814678411808414
257100,1.526699308579404,1.6468903560106636,106367.52041133962,2.815402638970449
257200,1.527198336163892,1.6473117888530728,106406.89441172848,2.816244937733161
257300,1.5277938024017246,1.6480398886530607,106448.81767130601,2.8170600501841845
257400,1.5283636444250068,1.6487789883535127,106487.0118718735,2.8179750942282036
257500,1.5289609367438288,1.64921510300198,106525.912582716,2.8184652933970775
257600,1.5295577946500387,1.6499746196108223,106567.66839820275,2.8193439454526614
257700,1.5301274446983437,1.650749964786082,106605.89733008474,2.820294915060231
257800,1.530633749096173,1.6514658563133546,106642.711785467,2.8209578361415377
257900,1.5311686244993978,1.651924323557153,106678.85840492095,2.821525356816268
258000,1.5318301424122578,1.6525739842559737,106719.7325715865,2.8223076519569323
258100,1.5323773743070297,1.6533591069728113,106755.41753600711,2.822798292493477
258200,1.5329353806130246,1.654135842278319,106792.28880919896,2.823589346852772
258300,1.5334178651589592,1.654679847072269,106828.46778881668,2.82446278322346
258400,1.5340582706805979,1.6551702543651725,106864.68073595142,2.825194298785201
258500,1.5346322372982961,1.6555862617269232,106903.67539041428,2.826007420034865
258600,1.5352123317052575,1.6563950134120125,106944.18801900462,2.826883212136439
258700,1.5358528424876798,1.6571360082083897,106982.26893435058,2.827769103163926
258800,1.536436849280688,1.657569032431522,107018.19208122363,2.8285349356569602
258900,1.537088394851293,1.6582638398824336,107061.08334754259,2.8294216996224906
259000,1.5375861367814427,1.6589564675562884,107105.28193218532,2.8301614199901
259100,1.5382257935521908,1.659748271707666,107141.7673015424,2.830695808176679
259200,1.538854293244106,1.6604390439844818,107185.70950123573,2.8314183617386597
259300,1.5393964604746364,1.6609403909857272,107226.19396503556,2.832030772503799
259400,1.5400460260673172,1.6616824711708909,107265.01832531445,2.8326068265566358
259500,1.5406993438728618,1.6624460924891455,107300.88322138217,2.833258573828141
259600,1.5413153252282457,1.6630919645226945,107337.35445574619,2.8338499438696685
259700,1.5418775939891098,1.663539575716303,107380.43243187651,2.8342995721549546
259800,1.5424577487242603,1.664271580903933,107424.46992325372,2.834735621869989
259900,1.5430788558847999,1.6647064018697684,107468.72109148481,2.83566069562916
260000,1.543657578617322,1.6653214493095205,107506.12415923821,2.8365711422762128
260100,1.5442781841863447,1.6660735285196924,107544.87283340338,2.8370162636479055
260200,1.54479967800537,1.666815914848169,107582.63794963103,2.8375696682011706
260300,1.5453415270298063,1.6675399351057243,107624.70621802125,2.8382879097981975
260400,1.545935752500761,1.6682534122070358,107661.1285562627,2.838967532126216
260500,1.5464344583310279,1.6686757199033055,107705.11249727149,2.8395731526002703
260600,1.5469283978221169,1.66945024245323,107748.23670760055,2.840124469803177
260700,1.547579379244665,1.6701181715987592,107792.41800603109,2.840982573853809
260800,1.5481828712452324,1.670683196186092,107830.76842795781,2.8418562455505754
260900,1.5487510764512187,1.6713169366402814,107870.65220272282,2.842271508735111
261000,1.5494031341219667,1.6718960355723567,107906.52897922778,2.8431756388760414
261100,1.5499558858817253,1.6725516108889555,107947.6240282649,2.8438988146433997
261200,1.5505853899384223,1.6732210031169044,107991.90490215733,2.8448513528844104
261300,1.5510797492817399,1.6740116244950907,108034.66417938846,2.845736444866024
261400,1.5517465076385286,1.6745330934607352,108075.67929016498,2.8466483859386043
261500,1.5523868463677504,1.6749997981881268,108111.62070247016,2.847273362157788
261600,1.5530414339447445,1.6757223931699263,108153.08107103019,2.847681832070256
261700,1.5535304516288282,1.6764677512418793,108191.66425003177,2.8483936280852027
261800,1.5540761309290416,1.6770633427206993,108231.786582382,2.849203253375346
261900,1.5547101878966876,1.6777701029086154,108274.3442292744,2.850097775845394
262000,1.5552282356073122,1.6784761401530868,108317.44785189109,2.850639386681705
262100,1.5558572338397196,1.6789684216543066,108359.94030588042,2.8511195552356257
262200,1.5565073377456957,1.679679929219229,108401.14606779529,2.8518243116485054
262300,1.5570567303745646,1.680178567742941,108439.86142079666,2.8524550363399084
262400,1.55752976589504,1.6807281754005605,108475.56297237352,2.852881360908243
262500,1.5581369042315811,1.6815057668280853,108518.7472136372,2.8537080141673314
262600,1.5587359556283693,1.6822976457251115,108562.68270445502,2.8544386268239337
262700,1.5592413782847827,1.6830125537709626,108598.6685910309,2.855357687146062
262800,1.559736180091745,1.6836046365747648,108641.59967524793,2.8562409937623983
262900,1.5603002850275247,1.6843665957060034,108678.24349390827,2.8566423511370687
263000,1.560929488167606,1.6849173880326052,108722.53021896121,2.857120526719354
263100,1.5615115653055303,1.6853440856596535,108760.62972698013,2.8576335547158664
263200,1.5621359708100635,1.6861569049828204,108796.29171799938,2.8581480265493675
263300,1.562639731539338,1.6867680149744422,108838.96637180005,2.859046029044383
263400,1.5632151886043537,1.6872523327360114,108877.63645803543,2.8597469900022245
263500,1.563788518070723,1.6877182709080938,108913.67650809158,2.860413047743613
263600,1.5643755967719413,1.6885225256657326,108950.92498658915,2.8610645600686753
263700,1.5650303099329261,1.688943288041391,108988.08680975004,2.86174723512615
263800,1.565621147312843,1.6896983100369365,109027.59060026013,2.8623409885322717
263900,1.566176350067212,1.6901376124309129,109069.95608405,2.8627865883831674
264000,1.5667111038741435,1.6907867655661752,109107.95289464593,2.8634631291147623
264100,1.567290676835897,1.6915651595204702,109147.9764037813,2.8639645984685016
264200,1.5677998792950767,1.6921923163420154,109191.11479544837,2.8647179911368092
264300,1.5684462694887913,1.692874590689093,109230.87537972267,2.8653590077401776
264400,1.5689593078145128,1.693516979479314,109268.20615514451,2.8661248430353092
264500,1.569443602308871,1.693944864712614,109306.83498822893,2.8669609920601116
264600,1.5700875995824006,1.6947459520162989,109342.55039195981,2.8677845827263844
264700,1.5706596839786873,1.6954940452866623,109382.76878475344,2.868729567110697
264800,1.5711591091139054,1.6962091762013638,109422.60116349418,2.8691430447704773
264900,1.5717594624483542,1.6969475140671726,109462.67645379419,2.869672089082681
265000,1.5723259288190365,1.6975107267795468,109501.55774443848,2.8704660113422937
265100,1.5729903604137454,1.6982915655072952,109540.16099039055,2.8711880954618025
265200,1.5736294309118204,1.6987214215798552,109580.85341199936,2.871860981201693
265300,1.5742071441467025,1.699490701035786,109624.23288503135,2.8726322113237273
265400,1.574773480809571,1.7001342459160003,109660.87136679889,2.8733368778778607
265500,1.5752577604161186,1.7008484157482213,109702.08298062538,2.8740921372696904
265600,1.5757350351393486,1.7015397833254322,109739.72672645909,2.8748958681870054
265700,1.576354606725103,1.7022521885897939,109778.54779382555,2.875470952635118
265800,1.5769184869626296,1.7029349913348153,109815.77938169696,2.876126278722901
265900,1.577409593852535,1.7034451867872067,109859.62056567609,2.8765327123829114
266000,1.5780169568494111,1.7039981326801918,109901.6780241839,2.8774750386057315
266100,1.5786764028744473,1.7045864320640933,109942.40050989413,2.878355245569483
266200,1.579214583919442,1.7053603455925759,109984.74565532166,2.878926970188048
266300,1.579884318034898,1.7059225787799805,110026.49266595511,2.8794959849237527
266400,1.5804566503377768,1.706709263393806,110063.44417509263,2.880148976884538
266500,1.5811089071505573,1.7074717307387322,110101.60892473698,2.8810293381110914
266600,1.5816656952312858,1.7079856078299014,110143.3155022791,2.8817985881626096
266700,1.5822919580503885,1.708579650795903,110183.14844969446,2.882629508615374
266800,1.5829456953743033,1.7090938378466758,110225.34105973608,2.883484936676278
266900,1.583604597271766,1.709647861684561,110263.02924320928,2.8839402661100597
267000,1.5841877355841392,1.710297941494528,110298.6364178773,2.8844423227161653
267100,1.5847084093876884,1.7108694201022785,110341.27075901415,2.8852498706127943
267200,1.5852937807254384,1.7114693710115014,110382.80143832217,2.885884314119912
267300,1.5857711762634326,1.7119318804940364,110422.57178416141,2.886373519633667
267400,1.586307891685392,1.7126869627691457,110465.1814977284,2.8873005151084605
267500,1.5868010200827527,1.7133262795298585,110504.7017261802,2.8881892608150785
267600,1.587361367137964,1.7138986277244266,110547.64600256167,2.888729236974264
267700,1.587849464195702,1.7143700868470193,110583.5193771642,2.8891251817707677
267800,1.5883468852432845,1.715052704967705,110623.27164349878,2.890073334886762
267900,1.5888581571250613,1.71567671802409,110664.33218650156,2.8907394389701313
268000,1.589526610155325,1.7164193612152332,110708.4230958976,2.891514573210376
268100,1.590151467917194,1.7168336256869723,110750.3428020497,2.89199558312084
268200,1.5907540445731865,1.7173958080150273,110786.41014647855,2.8927430806171097
268300,1.5913346641568764,1.7180370274891512,110829.28539836092,2.8933492551952487
268400,1.5918686485604157,1.718558170796614,110870.28287956695,2.89421941211634
268500,1.592341475262394,1.719345895498395,110911.19799437725,2.8947028781407247
268600,1.5928189856460984,1.7200074849791773,110953.0206808349,2.895145692617669
268700,1.593374156262273,1.720445546165873,110990.10876118139,2.895548203931506
268800,1.5940110545144772,1.7210261171687782,111033.40699662225,2.896423138860986
268900,1.5945875422234124,1.7216619946447054,111070.61504588551,2.89700330322946
269000,1.5950699209214179,1.72232279082984,111113.82530665556,2.897912704373416
269100,1.5955668993726109,1.722888364276192,111152.0157639097,2.8985861281425667
269200,1.5960849398119725,1.723499883340196,111190.43286760259,2.8990742083161436
269300,1.5965742978710133,1.7239682561097338,111234.12850651654,2.89984285907203
269400,1.5971839588112116,1.7246360366824305,111275.68718087321,2.9003103701101103
269500,1.5978146744203903,1.7251987016175898,111316.47245076188,2.9009654780750616
269600,1.5983127522802538,1.7256714022065747,111357.71235110011,2.9017212842742106
269700,1.5988871296245677,1.7261052003635673,111401.43366405924,2.9024867024582823
269800,1.5994845449968453,1.726817861543241,111438.84243084573,2.9033338739474726
269900,1.5999673065175009,1.7275436077134967,111477.70762071562,2.9042491981530634
270000,1.6004882151152737,1.7282630106034549,111513.8433559488,2.9049785019031056
270100,1.6010705450428524,1.7287574232705938,111550.60196850507,2.9058276114801416
270200,1.6015992685734,1.729489771338494,111588.67525190773,2.9066115639729224
270300,1.6022019799959235,1.7299110375251687,111629.83573923454,2.907470938874993
270400,1.6027829806184375,1.7306317556151762,111673.55187411928,2.908031421398043
270500,1.6034458958965123,1.7310507635313166,111716.97882813776,2.908965616024186
270600,1.6040867260324723,1.7314861208586774,111756.47762107942,2.9096802527981334
270700,1.604589853062291,1.732135444062132,111797.97843043762,2.910084792835673
270800,1.605136248365603,1.7327230619946472,111837.48561993407,2.9109278281711366
270900,1.6058022564218346,1.7331995119944226,111878.85599124321,2.9116403263679933
271000,1.6064719737336557,1.7337874063724545,111920.21435554809,2.9122543697233403
271100,1.6071157601813115,1.73427985338521,111960.03224667095,2.9128806794664
271200,1.607767954811863,1.7350033698001353,112002.24843559352,2.9135546033568764
271300,1.6084036319293022,1.73550641485398,112039.78269956396,2.91402916607187
271400,1.6090075905127272,1.7359328572724655,112082.48545871742,2.9148522060074695
271500,1.6095219124065727,1.7364513210055137,112123.8599886442,2.9154219279018445
271600,1.6101078902812518,1.736965769132492,112162.34759396742,2.9162279500071033
271700,1.6106410412608334,1.7374127186040473,112198.54520792057,2.917056385953989
271800,1.6111459410139906,1.7382251467233332,112236.29366709296,2.9177650272938846
271900,1.611708800190909,1.7388826255285985,112273.7934482844,2.9186746768878
272000,1.6122768763787911,1.7396292649148708,112317.49526287838,2.9194512022216443
272100,1.6128397967522474,1.7401064553182217,112352.93330097018,2.92003895739631
272200,1.6135045622114126,1.740580030102075,112394.54551562265,2.9208381978698426
272300,1.6140588200663986,1.7410572923613232,112430.11449116723,2.921691041623071
272400,1.614545672471704,1.7418328411545305,112466.7877033431,2.9221577633584426
272500,1.6150160572505514,1.742626891241423,112502.7251961465,2.9227226474400916
272600,1.6155379480101848,1.7433790083394338,112541.34204953347,2.923418914027377
272700,1.6161605702840887,1.7439441448217945,112583.35472820343,2.923874776088216
272800,1.6167192940378081,1.744654206445881,112622.61264957541,2.9244905992457286
272900,1.6172696758770122,1.7453881189921276,112663.93062497095,2.9254046748606957
273000,1.617861113241646,1.7460695703245996,112699.58165546098,2.9260423611893236
273100,1.6184817950934112,1.7466040104546101,112738.43574857681,2.9265235618921697
273200,1.6190784509824288,1.7473704227361653,112778.57086955175,2.927196277201336
273300,1.6195671024280884,1.7480791293436062,112821.4370039417,2.927861227252727
273400,1.6201050695261372,1.7485242112827775,112860.3334684417,2.928576860258736
273500,1.6206545769842895,1.7491651690819856,112896.59770542296,2.9292441391914004
273600,1.6212436287876335,1.749703632876433,112934.83558756344,2.9301303804972223
273700,1.6218962397098042,1.7503812912438683,112977.05857311578,2.930601602749183
273800,1.6224906568446098,1.7509021602983759,113019.43193821302,2.9314625041948728
273900,1.6229962518921077,1.7513819580277163,113055.44024871587,2.9321809864141732
274000,1.6234907723862857,1.7520284532903532,113096.77898862606,2.93279118118775
274100,1.6239887379878002,1.7528396691378652,113138.90821338086,2.9334258277525063
274200,1.6244891195980964,1.7534938686207138,113181.33322041755,2.933860259264869
274300,1.6250102153146657,1.7540642500266528,113224.93528540713,2.9343162444363555
274400,1.625616853748949,1.754719317418473,113261.33877245132,2.935211053409588
274500,1.6261026212021983,1.755148374841812,113303.3201249557,2.935890236433853
274600,1.6266812465506322,1.7556775617627687,113341.41498251619,2.9367744254864645
274700,1.627316071906711,1.7564313302665873,113378.25225271982,2.9373557905017433
274800,1.627975562714773,1.7572451681420642,113420.53027744048,2.938292793224197
274900,1.6285585077290838,1.7577310371954844,113459.61931706512,2.939237436361389
275000,1.6290471056745262,1.7585030940036175,113495.84812535631,2.940011297097279
275100,1.6295231066134566,1.7590545905162815,113532.89788530933,2.940889019237285
275200,1.63004067522421,1.7596662208475822,113571.83351853344,2.9413403790231043
275300,1.6305748214153792,1.7604286157596172,113609.22561526042,2.9418016440105794
275400,1.6311005254855253,1.7611985882657186,113649.77870344311,2.942735466202735
275500,1.6316301388988979,1.7616791038269353,113693.6086059416,2.943299663605406
275600,1.6322588155069448,1.7624472026474087,113735.84433869565,2.943935846478566
275700,1.6329249278808033,1.7632279998951255,113776.06426934476,2.9446009693749615
275800,1.633465192399527,1.7639381951206483,113816.91162790879,2.945389618308493
275900,1.6340509033591541,1.7646709904152984,113852.90422457302,2.9458009233745512
276000,1.6347178918990668,1.7651890533840506,113896.16542039292,2.9465628951021126
276100,1.6353752333230185,1.765765556968774,113938.59295848351,2.9472357182259987
276200,1.6359710952843523,1.7663091897364782,113976.57299613948,2.9479380498446104
276300,1.6365899478263108,1.7671004269001815,114017.01546895728,2.9485124116006856
276400,1.6371693324017211,1.7678888740109808,114060.41797693277,2.948991663198707
276500,1.6377239091786782,1.7683723309306776,114097.78647631696,2.9498474220487783
276600,1.6382281775956349,1.7690806198352123,114138.48798999088,2.950534125289775
276700,1.638831566240683,1.7698366818180873,114179.55373522169,2.951470106586521
276800,1.639366287362642,1.770635911591211,114214.89791489448,2.9522817576179734
276900,1.639944280863421,1.7711493104984959,114257.8541159178,2.9530419067472327
277000,1.6405561250968754,1.7716404922750084,114296.07590332179,2.953793501238444
277100,1.6411932396148585,1.772157655153267,114332.3947877481,2.9545833298001023
277200,1.6417772169362135,1.7726229902404613,114374.77482153235,2.95536934375477
277300,1.6423982171297793,1.7732539864552312,114411.5138426315,2.9563144002467148
277400,1.6428748892050256,1.773943561062632,114447.19844735473,2.956958449709295
277500,1.643443656401795,1.7747019335670335,114489.90941918068,2.957433513905702
277600,1.6440496322750022,1.7753884030423825,114527.27654803259,2.957979975857408
277700,1.6446967194846476,1.7759867644485687,114569.46257943774,2.9589204769911706
277800,1.645235262406584,1.7766091419330832,114610.47637815474,2.959720483654308
277900,1.6457379272731305,1.7774218138438662,114649.85803755575,2.960241935971722
278000,1.64634498889484,1.7781774709292069,114690.74424642314,2.961042654010098
278100,1.6468910828474244,1.7787279654650068,114734.19963912742,2.9619263835480583
278200,1.6475080864889944,1.7794890868776994,114776.97880779409,2.9627339157905204
278300,1.6481047943589406,1.780158108655511,114813.67794018656,2.963372645033346
278400,1.6487330368847586,1.7809203328392875,114856.84036259065,2.9639565948336526
278500,1.6493702350278874,1.7815424215622477,114896.28644867259,2.964808861791803
278600,1.6500152729202544,1.782067925953764,114938.27462344001,2.965722629211058
278700,1.6506247051272451,1.7825584971093538,114974.83311866116,2.9663288662600498
278800,1.6512696463690564,1.7832117848409628,115017.89986227459,2.966924888851483
278900,1.651735040926969,1.7839923471602088,115056.85716200122,2.967373261894262
279000,1.65228975103877,1.78456315216537,115093.70675593089,2.9682388737673366
279100,1.6527895218292372,1.7851045230175426,115129.83983694472,2.9690136081139302
279200,1.6533436453013306,1.7855719634114398,115166.64795000336,2.9698097188334738
279300,1.653870353331179,1.7863121928175574,115202.27013830906,2.9705007992719463
279400,1.6544928648341541,1.786813518862146,115242.83597585578,2.9712449881005565
279500,1.655083505674812,1.7874802007183201,115281.98258162737,2.972004413681007
279600,1.6555722407087043,1.7879751647516207,115319.74420566208,2.9725701109527805
279700,1.6561080901891903,1.7884531498388836,115357.2144363177,2.973488869412445
279800,1.6567278850660685,1.7890631889805035,115394.31106137008,2.9743790342083614
279900,1.6572376625549334,1.7895225171224398,115432.48623007048,2.975080646910871
280000,1.657888490174308,1.7902433007134717,115472.77709292379,2.9756191206686617
280100,1.6585181228002852,1.7909303028090744,115510.0207701609,2.9762124810072943
280200,1.659063824227644,1.7915995811774894,115548.96263670697,2.976840971117044
280300,1.6595407739919827,1.7923740284328218,115586.80443237782,2.977476429347581
280400,1.660154152199848,1.7930130886108333,115622.74201125118,2.9783390526971965
280500,1.6607378072666417,1.7935766144632255,115660.77397812788,2.9792616606210016
280600,1.661297835171726,1.7942096365695697,115700.22206199013,2.9797267340177167
280700,1.6618266377891,1.7946581034919504,115738.94470074128,2.980462936228199
280800,1.6623972221552685,1.7951051260256978,115782.52438466612,2.9808740728955883
280900,1.6629319576501098,1.7958150724406363,115821.41156941203,2.981520835450859
281000,1.6635916113651767,1.7963541658884095,115864.17231338927,2.982372963852644
281100,1.6640882980671152,1.7971342155717838,115906.72472126622,2.9831330348414884
281200,1.664683948201908,1.7976858079108546,115948.40635435788,2.9838127298264494
281300,1.6653482859360316,1.798456622545686,115989.6025701151,2.9844319771608903
281400,1.6659492151059148,1.798933942631782,116028.79908507918,2.9852846121216294
281500,1.6665911192823004,1.799427138280087,116066.89588237228,2.9861104218309005
281600,1.667131728896219,1.8001867268489657,116109.33907617725,2.986684699043767
281700,1.6676577620781228,1.8008698069655071,116151.01386619532,2.9872778806251943
281800,1.6682431010014507,1.8012898287996588,116187.08560600274,2.987709491579371
281900,1.6687748401275286,1.8017694293041358,116228.3815262791,2.988652625457034
282000,1.669254018771068,1.8023453267979477,116264.3368309993,2.989252801555215
282100,1.669768084237466,1.802830236069247,116303.7164465765,2.9901286197886385
282200,1.670380798713403,1.8033815357101124,116339.25570526528,2.9907770185397426
282300,1.670987073601226,1.8038153642469479,116379.49773933631,2.9916302644827506
282400,1.6716013008237183,1.8043162109999331,116419.91018658748,2.992142280253938
282500,1.6720845737668548,1.8050851777795751,116461.78336767401,2.9926367082738397
282600,1.6725762588920423,1.8056780549006837,116503.88940225408,2.993429373536916
282700,1.6730588751020412,1.8061960033597824,116541.93701055874,2.993867264337146
282800,1.6737259038766885,1.8069089832474727,116583.43830277378,2.9944995676860344
282900,1.6742772595383084,1.8076779349867351,116623.39699189988,2.9953788735261337
283000,1.674768490390059,1.8081921156076084,116666.52240846232,2.995800619191389
283100,1.675364916874935,1.808973512109819,116702.75044819101,2.9965809907458727
283200,1.675835298326903,1.8096604818813176,116740.89257899026,2.997507910660309
283300,1.6764598342250698,1.8103952585113485,116777.77007166053,2.9981346426356525
283400,1.6770146881879089,1.810839268577183,116815.94401674393,2.998864592656017
283500,1.6776090370811019,1.8116525844699722,116855.30867239823,2.9995167841592862
283600,1.678186452321645,1.8123649432512134,116898.57581602458,3.000417779774658
283700,1.6787740403129896,1.8130628764986036,116936.72940117391,3.001304505869862
283800,1.6792599309929597,1.8135140631357463,116974.6033806502,3.0017733750717484
283900,1.6799197485456152,1.8140568296033057,117016.2299783024,3.0023738045845234
284000,1.680405417109496,1.8145842376691887,117055.727146116,3.003226194545123
284100,1.6809241357556455,1.8153504488616687,117094.08656976071,3.004124535984782
284200,1.6814631496679682,1.8159369781173866,117135.19831900806,3.0050061949392948
284300,1.6820552351248101,1.8164657434702411,117177.56462768426,3.0055970959381053
284400,1.6825362699055433,1.8171230865016297,117220.33236698686,3.006429460350344
284500,1.6831711388552064,1.8179018532844473,117256.70719467629,3.0070448632040985
284600,1.6836613865586083,1.8185800436884476,117296.98049819349,3.007507534649889
284700,1.6841576701577223,1.81937857940865,117336.21300829377,3.00790997719175
284800,1.6848133021565022,1.8201060479300062,117373.25711678008,3.0088584246274803
284900,1.6854556334194974,1.8207154537217312,117411.36206037558,3.0097478395895045
285000,1.6861212643771026,1.821125568696147,117451.71052985168,3.01047203293727
285100,1.6866100964147464,1.8215895199196286,117493.32217132136,3.010951270520662
285200,1.6871060985806225,1.8222515240502088,117529.98953814234,3.011850544424966
285300,1.6877534517043802,1.8230053358582592,117569.9276930721,3.0122379474642083
285400,1.6882173939768528,1.8235585017422842,117605.91247570801,3.013083335435886
285500,1.688714999811575,1.8240994697644746,117645.97946764721,3.013741857804777
285600,1.6893737126108168,1.8246220454554278,117684.28631056084,3.0145927227404674
285700,1.689863016306511,1.8251298861922514,117724.40051687723,3.0153714737591564
285800,1.6905252027982713,1.8256657516426829,117762.6357754674,3.0160776674483283
285900,1.6909919673107354,1.8263317392098388,117798.28131308137,3.0166031904926855
286000,1.6915765406233907,1.8267846852143057,117837.12581768532,3.0172908240549186
286100,1.6921419595102127,1.8275236927748322,117874.98761560257,3.0179242961728505
286200,1.692735262496652,1.828217759979221,117916.4718921422,3.018814889653715
286300,1.693368911261392,1.8287439554815321,117952.7754025744,3.019695618192757
286400,1.6939760748151917,1.8291688066710738,117994.11483235047,3.0203306320821732
286500,1.6945478536100462,1.8299618309736563,118037.14052894094,3.0207522940940317
286600,1.6951544566155827,1.8304520672990459,118079.07114029884,3.021284364519222
286700,1.6957103935456117,1.8311768189790538,118118.17724328428,3.0221371904255827
286800,1.6962097684257083,1.8316967533797153,118158.53330318403,3.022742055430036
286900,1.6967229016398289,1.8324448831741442,118202.36803754065,3.0236855131079277
287000,1.697340165627725,1.833104475994357,118239.94085332647,3.0241018183723583
287100,1.697910626145122,1.8337335729500932,118282.54645661468,3.0250091114362077
287200,1.6983991817680895,1.8344975726404884,118320.9787419577,3.0257262333974797
287300,1.6990026278037893,1.8349706134141195,118361.89655721988,3.0264812736135185
287400,1.6996538133852168,1.8354259409210472,118405.23701616933,3.0272631244639263
287500,1.700250498232791,1.8360004299771036,118445.50972775467,3.02773586225118
287600,1.7007872640794852,1.8365112361852174,118483.66870971558,3.028352152646624
287700,1.7013043557335108,1.8372012091553815,118526.53017970106,3.029129539237719
287800,1.7018904049808332,1.8377097704753411,118563.99301995918,3.029707077644383
287900,1.7024698487182974,1.8384573904609878,118605.01487112793,3.0304613181687237
288000,1.7029392753017316,1.839170088842285,118641.44514445587,3.031133461375979
288100,1.703482362521435,1.8397553522675598,118684.30689677346,3.031697971904286
288200,1.7039679342025493,1.8401668541742382,118722.93203202063,3.032327161278377
288300,1.7044925755329785,1.8406312249947234,118760.11560323916,3.0331509585141814
288400,1.7051576750444095,1.841135797232686,118802.78847688968,3.033897408514715
288500,1.705735752199918,1.8418576226389682,118846.32250459267,3.034599033109141
288600,1.7062059385817354,1.8424696909825247,118889.5763964928,3.035449300739662
288700,1.7066925453950077,1.843191707348113,118933.22022087661,3.0361044919154843
288800,1.7073150658347034,1.8439551339386802,118975.74269112156,3.0368277926626437
288900,1.7077988793616348,1.8443922126502905,119012.15207245783,3.037247627496037
289000,1.708331345580483,1.8451620377294873,119049.99009255708,3.03778471007774
289100,1.7089444381164152,1.8458119537144229,119085.26242214089,3.0386084549324766
289200,1.7095079328327154,1.8465626215396247,119122.13539103775,3.0392661470755185
289300,1.7101108346552976,1.847057070665374,119161.97952159666,3.040202421958087
289400,1.7107754602494536,1.8478443298843472,119198.02598424761,3.0408859590293873
289500,1.7112721997610965,1.8483272366550612,119239.64858135617,3.0417275741084535
289600,1.711845833055755,1.8487538935801553,119281.90127937807,3.0426524241310826
289700,1.712410156869742,1.8493050355064473,119318.37760503685,3.04346673168224
289800,1.7129981352000014,1.849817857074637,119359.65335767597,3.0442938676830207
289900,1.7135166322578153,1.8503341254587902,119398.52825634315,3.045121027056238
290000,1.7141744233087561,1.8509696738735133,119439.86381754017,3.045782438808885
290100,1.7147072526091698,1.8515607583102702,119480.36964019896,3.046511087055458
290200,1.715239589834922,1.8520816310577712,119518.4452037015,3.047157207917519
290300,1.7157245114480106,1.8524984425557902,119556.62170702485,3.0477888402139186
290400,1.7162207324736556,1.853122386116304,119593.35036803393,3.048458143212931
290500,1.7167131650281948,1.853699244636408,119631.79585330236,3.049338783801343
290600,1.7173466121318053,1.8541217472370606,119672.79149765926,3.0497362881852728
290700,1.717824080988247,1.8546837895069554,119714.69116654657,3.0505360162390085
290800,1.7183792277945993,1.8554329527167737,119755.29724426614,3.051457240811838
290900,1.718842952963779,1.8558799965637054,119796.48718045324,3.052336167142561
291000,1.7193716489390178,1.8563175448942608,119839.30751491524,3.053255172372386
291100,1.7199864510958394,1.8570371630854339,119877.27395307971,3.0539087084835757
291200,1.7205458012810937,1.8575122580609078,119918.20369543726,3.05467595296392
291300,1.7211101885507503,1.8582055217771445,119956.52488727082,3.055227143605384
291400,1.721758358407873,1.8587349330079417,119997.98091688011,3.0560199094300113
291500,1.7222650630651732,1.8594335115023595,120034.56885744925,3.056841135182978
291600,1.7228169597269025,1.8599727300895816,120077.00589693892,3.0572971111050653
291700,1.7234044386316245,1.8605091973172247,120118.79482998425,3.058213690505523
291800,1.72406724787248,1.8612907635857843,120154.6127281204,3.0588564705854644
291900,1.7247292372155356,1.8619301390049072,120192.78336227237,3.059660658094113
292000,1.7252950708594639,1.8626764680666215,120235.50540850969,3.0603948946484385
292100,1.725782979217143,1.8632510941912448,120271.50213303916,3.0608732537888774
292200,1.726277644188994,1.863994682730556,120313.88354577738,3.0614800388854935
292300,1.726866526937536,1.8646697802124432,120356.08555088117,3.0622710066447474
292400,1.727368738559952,1.8651711633232095,120398.56908296024,3.062668041021177
292500,1.7279593740937376,1.8657345742314662,120439.52679514643,3.0634953216608656
292600,1.7284265711836437,1.8663331099040708,120480.04970450149,3.064201722459479
292700,1.7289386364420385,1.8668857037206275,120515.89572581724,3.064729184111158
292800,1.7295827976475873,1.867404783687543,120551.00168995632,3.0655567718756505
292900,1.7302037419803014,1.8682113189225331,120592.16623781694,3.066000213099419
293000,1.7307126362198686,1.8688397308337277,120629.22261019773,3.0668976326605675
293100,1.7312427622167033,1.8693184692767186,120664.35482431857,3.067453699248002
293200,1.7317474604664391,1.8701016729919204,120707.36363257436,3.0682523002364928
293300,1.7323716763229544,1.8705173383580571,120749.89387190666,3.069136617138398
293400,1.7329031829645316,1.8710775484734934,120789.54292004848,3.0695711067282447
293500,1.7335667910858026,1.871544833305222,120830.11155163543,3.0704047910054704
293600,1.7341848628528027,1.8720067835013412,120871.61848564817,3.0709135217191466
293700,1.7347929031038094,1.8727621085741688,120911.03008395257,3.0713112722598486
293800,1.7354305417737446,1.873296284886954,120954.75538232228,3.0720449713887517
293900,1.7360845230320985,1.8737709405743217,120992.23875801342,3.0728751169584485
294000,1.7365992292001204,1.874251035019104,121031.44451381809,3.073431590800424
294100,1.7371347493658538,1.8747709718477634,121067.54971204804,3.0740691604856827
294200,1.7376553387860152,1.8753768220792026,121109.43333524553,3.075010276798686
294300,1.7381687113914313,1.8761523868871475,121149.25087510861,3.075791868486521
294400,1.7386403585287717,1.8769053562762645,121192.49627757022,3.0767279067897855
294500,1.7391637355582938,1.8774667875877036,121235.42466726435,3.0772463061578614
294600,1.7396283015844043,1.8781896533451274,121278.21399928984,3.077735243449193
294700,1.740122114932163,1.878795896374086,121314.40659577542,3.078392474127381
294800,1.7407704102372192,1.8795714813006954,121356.00143553808,3.0789135311736406
294900,1.7412985559597545,1.880071144520551,121394.12408510123,3.079763539560725
295000,1.741919797836944,1.880875267252478,121437.42320219525,3.080513185252584
295100,1.742578153637744,1.881564166498098,121475.36968070676,3.080985411959656
295200,1.7431601981012879,1.8822415982934877,121514.88394701289,3.08188923480699
295300,1.7436464320254579,1.8827176120761782,121555.68465253281,3.082525049929456
295400,1.7442598426068505,1.8833685661429127,121599.21448821889,3.083116161308292
295500,1.7447240623162423,1.8839876043474393,121641.28167728869,3.083939014164978
295600,1.7452244591420507,1.884556728375325,121682.60597509668,3.0845197094931813
295700,1.7457186587561606,1.8851669063652596,121724.31309685008,3.08525162059483
295800,1.7462729402728268,1.8857534081272733,121761.8367431596,3.085670783441161
295900,1.7467557064686263,1.8862193146411306,121797.81569465424,3.086523241130048
296000,1.7472192029711138,1.887009295057939,121833.73598758898,3.0869562122672147
296100,1.7477256453385215,1.887756594006405,121870.08592532606,3.087504980477957
296200,1.7483813521559834,1.8885413295914832,121908.66013256578,3.0880949549857863
296300,1.7488645977794137,1.8893461797009057,121945.25445604182,3.0885633252383835
296400,1.7494328576358744,1.8901092009471647,121987.64816951261,3.0891627661972443
296500,1.7499223640392476,1.890822238087521,122024.88321551842,3.0900840787983324
296600,1.7505106080075357,1.8915862778468573,122066.45699196598,3.090809065639053
296700,1.7511460250950899,1.8922325102806066,122106.14312816678,3.091349904318893
296800,1.7516172891912956,1.8929995916789986,122148.24605073314,3.0918216034782904
296900,1.7522795095429837,1.8937850032231982,122184.77398136581,3.0925082144206675
297000,1.7528635676736568,1.8943997377814081,122225.78206072972,3.093133005300593
297100,1.7535138224680609,1.8950146980484215,122267.65092221252,3.0940381719638776
297200,1.7540865130359393,1.8956823045198972,122304.31615671379,3.094452617343591
297300,1.7546015747999881,1.8963570474461882,122339.70590247969,3.0952161137896437
297400,1.7551038058272168,1.897062059670788,122375.75879938265,3.095768661599766
297500,1.7556525031419108,1.8976271191642333,122418.18754641367,3.096160688946784
297600,1.7562026298119136,1.8982328821142307,122455.44541053221,3.097094628468462
297700,1.7568536720092205,1.8988432025441522,122498.0680470445,3.0977876371851947
297800,1.757415915556639,1.899293398054302,122539.67283704015,3.0986958489443346
297900,1.7579374568849675,1.8999275382220997,122579.06079451262,3.0995266708160982
298000,1.7584386980036462,1.900729842701275,122619.61706313473,3.10020055235779
298100,1.758949157488984,1.9012797135236854,122660.21854702746,3.100854638158744
298200,1.7595067999813259,1.902063972310216,122703.31932539694,3.1012816046316143
298300,1.7601469260829374,1.9025652113889113,122738.44577390273,3.1017187044897176
298400,1.760804397720803,1.903046930831591,122773.49423158371,3.102508961890794
298500,1.7613050444362137,1.903701474070716,122811.05089310122,3.1031954522215233
298600,1.7618310112783961,1.9042072447861396,122850.54023076703,3.104067521878374
298700,1.7623003743070695,1.9048169430008595,122888.03629131711,3.1046850892536044
298800,1.7628163651820876,1.9055536625990661,122930.9372009921,3.105121719048803
298900,1.763305260691498,1.906252658240706,122968.44908525645,3.1059708804192665
299000,1.7638972609665748,1.906887220870609,123012.05795691442,3.106477451020136
299100,1.7645552214822406,1.9076251728383118,123055.07045818705,3.106944910664698
299200,1.765036056767366,1.9082326428726408,123097.45988067314,3.107614147041981
299300,1.7656661897448733,1.9088278791252695,123140.45997915344,3.1083363246386897
299400,1.7663054857736726,1.909341829015279,123176.178043206,3.109150601685543
299500,1.7669051418297732,1.9098138264298232,123216.13188720269,3.109783517868134
299600,1.7675516420097628,1.9103196641725262,123256.81282913455,3.1104775376741625
299700,1.7680601690265876,1.911074172299278,123300.18667185865,3.1108875959322893
299800,1.7685669745153374,1.9118717611358769,123340.52273711163,3.1114033130893657
299900,1.76909662423626,1.9124601205759904,123375.49563788857,3.112087342183333
300000,1.7697539614345843,1.9132292717014483,123418.72488640244,3.1126750528005473
300100,1.770284110559499,1.913730338428958,123455.83319230989,3.1134455156874052
300200,1.770917282787097,1.914451383470214,123491.89704587769,3.11401473905174
300300,1.7713794594216181,1.9152555960688467,123534.15804236942,3.114673177847407
300400,1.77191123902468,1.9159807799513404,123572.0972484689,3.115356082489148
300500,1.7725390363358142,1.916761518247073,123614.48253616742,3.1161388674570385
300600,1.7730131012978132,1.9172988302810408,123657.00694247459,3.116682322669534
300700,1.7735138184018773,1.9178391083950335,123699.57723458648,3.117494303191608
300800,1.7740256538323393,1.9183449344582357,123738.52391603668,3.118095404797056
300900,1.774670513070143,1.9188383100991102,123779.59515701319,3.118511398523592
301000,1.7752194248945172,1.9195117706416633,123820.83996589697,3.1193277938909882
301100,1.7758724184125074,1.92022504813064,123858.67342100745,3.1200938244639627
301200,1.776413976627518,1.9209408619944361,123894.15672355308,3.120504972428812
301300,1.7769103711404037,1.9216388166471445,123935.52026213087,3.1210190089836796
301400,1.7774887724943575,1.9223470364528261,123977.34955531385,3.1214153418976074
301500,1.7779984398602446,1.9229235271792853,124013.66784879642,3.122139818229017
301600,1.7786278191665497,1.9233848742299262,124054.88822132237,3.122890157793331
301700,1.7791942298226102,1.9240827266162859,124090.22944833628,3.123607065918857
301800,1.7796914994174338,1.9247748830790394,124131.70214958326,3.1244115792649843
301900,1.7803334137395683,1.925550550620612,124171.72692495922,3.124832056557212
302000,1.7809465697924265,1.926307663416334,124209.09654503613,3.125459428807037
302100,1.7814897358883224,1.927030236068367,124250.32650188869,3.126238823880548
302200,1.782030923339339,1.9274677663326782,124286.2598177278,3.126998861450694
302300,1.7826315885002402,1.9280777472037276,124322.23470321325,3.127895408105275
302400,1.7831687300283354,1.9287332750023818,124361.62616057473,3.128766233543397
302500,1.783712132314471,1.9294901684891237,124401.0431981585,3.129437861010312
302600,1.7842401446827114,1.9300849646061973,124435.99822919029,3.1299821832833556
302700,1.7848979503283278,1.9305256957131998,124474.52806778833,3.130599103189107
302800,1.7855460125880485,1.9309486322696028,124515.14320064824,3.131517930372656
302900,1.7861830480590675,1.9316635686903492,124554.21594583729,3.1324103386305238
303000,1.7867634427523547,1.9323371616720646,124592.82184159909,3.1332305659780966
303100,1.7873151880260472,1.933134986824522,124629.13344707165,3.1336304800367856
303200,1.7879158503269814,1.933862971932939,124670.64382551814,3.134047986583753
303300,1.7884333889122652,1.9346293789634195,124710.73558829773,3.1344888904737593
303400,1.7888957681027078,1.935289412615682,124753.7638759313,3.1348875254191717
303500,1.7895223924009984,1.9360531386106135,124789.31265333567,3.1354823262196456
303600,1.7900116335972243,1.9367670027908837,124827.27330148306,3.136380821376827
303700,1.7906097615217371,1.9373872376272887,124869.6985092216,3.1371394166489903
303800,1.7911343255182723,1.9379125105859438,124912.96882662766,3.1376690486537098
303900,1.7917024731594848,1.9385831809327405,124953.8462468123,3.1382272394679687
304000,1.7922708803898144,1.9390597254823623,124996.2082563437,3.1388224339609185
304100,1.7928497479526995,1.9397337885783479,125034.22223310191,3.139425405745209
304200,1.7934102823144182,1.9404965766734286,125075.02950299687,3.140211643540943
304300,1.793927145221617,1.94114900973784,125113.6567852752,3.140676760238257
304400,1.7945219977905567,1.9416781261341072,125151.38158197606,3.1414388470404906
304500,1.7950669981349066,1.9420860199758063,125186.94778260097,3.1421016604857894
304600,1.7955869090730736,1.9425510720601842,125228.2806613968,3.1424868542588844
304700,1.7962206332793345,1.9432854996590387,125269.78826601518,3.1429266512472602
304800,1.796851105179836,1.944016380106151,125306.18871758,3.143523040784661
304900,1.7974739127298063,1.9446178965294019,125346.0468171344,3.1444374599399123
305000,1.7980090323651734,1.9453841523562354,125389.3363588526,3.14536470380862
305100,1.7985683538462685,1.945812488303575,125431.5086690928,3.146190541654417
305200,1.7992082483366187,1.9465487255763678,125470.18024378442,3.1469449830537
305300,1.7997901166158445,1.9472950378454694,125511.99012276137,3.147696890510369
305400,1.8004457098986992,1.947748760971171,125549.45658103282,3.1483524172507305
305500,1.8010133389987728,1.9482595020790234,125589.29388191203,3.1489581434450695
305600,1.8016455037308203,1.9488770930686374,125625.54655726576,3.149841484746744
305700,1.80220606786039,1.9493016562439796,125668.75586971774,3.150310306419622
305800,1.802672256059637,1.9500566265343495,125708.16766232399,3.151115493851034
305900,1.8032815680283456,1.9506140925843949,125746.66496671796,3.1519221354145777
306000,1.8037859042284314,1.9512528497233375,125781.66396196296,3.1528357184966787
306100,1.8042944767807128,1.95170152122062,125818.99193153103,3.1533741399326636
306200,1.804834071287041,1.9521635156631065,125854.45694951693,3.1542548271138884
306300,1.805488210853156,1.9528546604235149,125894.88323371825,3.154699768241506
306400,1.8061366272822585,1.9534362402554553,125938.26672374358,3.155248978057929
306500,1.806607685928064,1.9538871276931828,125977.1784156622,3.155884456485274
306600,1.8071387515383142,1.9544733336191198,126012.39403595583,3.156284943541806
306700,1.8076189231673958,1.9552417599943024,126052.31198262595,3.1571380217504403
306800,1.8081205753605922,1.955998463872206,126091.80912288884,3.1577562212062062
306900,1.808627847189469,1.9567449857649832,126132.58234268976,3.1585298233729127
307000,1.8091629224558667,1.9572139503015962,126169.12707741857,3.159123786375958
307100,1.809721877884648,1.9576449730727798,126207.94921537064,3.1596196772773357
307200,1.8102924898078594,1.958183058259023,126245.02233615653,3.1604865973585414
307300,1.8107547524537293,1.958784974946554,126284.82692408159,3.1613720529246065
307400,1.8113700492681026,1.959450361191024,126323.48984817154,3.1619406208965444
307500,1.8120072070478175,1.960093317942867,126362.53770599043,3.1624799586842207
307600,1.8125029106153137,1.9605601861066635,126404.18950316755,3.163413514893361
307700,1.8131028375593559,1.9611626466473764,126441.4681529672,3.163867013569313
307800,1.8136042905702157,1.9617061842302468,126479.56479459947,3.1643541467125402
307900,1.8142161184967385,1.9624682117527095,126519.6726428883,3.1650165906393015
308000,1.8148486084449396,1.9630475762775355,126559.99295577306,3.1656287176010105
308100,1.8155041038373243,1.963649136792984,126600.19826561149,3.1663636348416393
308200,1.8160811987302952,1.9643221193123324,126642.5792802358,3.1669477937832355
308300,1.816665744036859,1.964949960112616,126685.91156833331,3.1676617495159163
308400,1.8171638543598492,1.9654939510661005,126727.8215795132,3.1681195968694666
308500,1.8177725413423351,1.9660260820217466,126765.64074542103,3.168773231107647
308600,1.818294130361291,1.9667815562263429,126801.95249471122,3.169580113937495
308700,1.818927720037217,1.9674807798360439,126843.04261792128,3.1699664353943096
308800,1.8195431674047888,1.9682635879436274,126879.15846806057,3.170407840455851
308900,1.8201726529162015,1.9687987555674673,126921.34368343385,3.1709989548480153
309000,1.820819243543501,1.9695752689928945,126962.4801858162,3.1718272990678074
309100,1.821339143021587,1.9701045793136334,127002.82881337263,3.172515330653019
309200,1.821898682404627,1.970659238157456,127041.83184755128,3.173056629854703
309300,1.8225290152967837,1.9710740218863625,127079.35803721394,3.1737006055437216
309400,1.8231292561886916,1.9716183853249476,127119.28391436137,3.1742724486629696
309500,1.8236989348346024,1.9722452387257752,127162.46032076009,3.1747653821574473
309600,1.8241617494599103,1.9730460998819968,127198.96454908479,3.17534644170651
309700,1.8247822565347935,1.973735816565844,127240.91759880818,3.176192053466593
309800,1.825355893955475,1.9744984882953809,127279.04674939656,3.1767369672139507
309900,1.8259382020564747,1.9749847316347797,127320.88615329667,3.177166808589382
310000,1.8263979702596524,1.975524011935751,127362.11848129435,3.1776408652675703
310100,1.8268790789905378,1.975976914372411,127400.14617201076,3.1783742450931274
310200,1.8273593009870333,1.976726915188886,127441.91728591968,3.178914477918866
310300,1.827945121764858,1.9772405853936268,127476.95219980074,3.179639661964678
310400,1.8285134309600934,1.9777549472119578,127517.86834178817,3.180523366269999
310500,1.82911312352673,1.9783781457023724,127556.68118508479,3.1810685443765645
310600,1.8297044916017469,1.9791572122311036,127592.34588452005,3.1817306358835418
310700,1.8302682770609595,1.9795729569634086,127627.80571381008,3.1824256926444368
310800,1.8307600362496366,1.9801688069667278,127665.79359570486,3.182855463757264
310900,1.831410109029142,1.9809003097500921,127707.80996079792,3.183404707597236
311000,1.8319186949317872,1.9814474888070503,127750.3801779423,3.184315231907714
311100,1.8325757674693348,1.981959956619905,127788.61477660299,3.1852428871363916
311200,1.833143684498917,1.9826397072143738,127824.79657957735,3.1857332024933043
311300,1.833605808625062,1.983118002472103,127866.36859129345,3.186449957538349
311400,1.8341835876678514,1.9836211806315878,127907.69848011086,3.187112027954279
311500,1.834776647774137,1.984168193362326,127948.7828333945,3.1878081635073348
311600,1.8354112478359899,1.9849049407631663,127987.77921971263,3.1884270224159788
311700,1.8359431313375685,1.985540476407589,128029.26081788677,3.189302945350995
311800,1.8364559501420474,1.986136046496012,128066.80608323285,3.1900385042178465
311900,1.8369194156504656,1.986768720597632,128109.3235291383,3.1905678867137053
312000,1.8375139416384345,1.987386792614266,128150.30492845866,3.191332475047123
312100,1.838106497262303,1.9879150534499639,128193.35850631057,3.192105937871901
312200,1.8386118129775444,1.9883694876376425,128232.52544802005,3.1928378006489724
312300,1.8392026348702162,1.989085273952379,128275.4125719181,3.193294629691553
312400,1.8397490667799041,1.9897235010685266,128314.94094605643,3.1942005607987034
312500,1.8402102189822425,1.9901878014144836,128357.80861566648,3.1949891351459243
312600,1.8407506034847751,1.9908815060522012,128395.52972793947,3.195925060745548
312700,1.8413981924637626,1.9913971090966878,128437.40756350294,3.1966671057027294
312800,1.8420301414912728,1.991820203039321,128475.3200008642,3.1974041333623973
312900,1.842551955099273,1.992416242134538,128511.52877990363,3.198286870118672
313000,1.8431854592447114,1.9932173384255951,128551.97496606258,3.198856975027506
313100,1.8436879218064082,1.9937804365241392,128591.46716163456,3.199695969099789
313200,1.844181680210993,1.9943099440651026,128630.54306784221,3.2005159249922794
313300,1.8448277154601318,1.9948260982479837,128670.09164258151,3.2010696327667736
313400,1.8454603505304867,1.9953609002831798,128710.56241730698,3.2019826963319873
313500,1.8459658069319345,1.9959380353876823,128746.09880008419,3.20261363523099
313600,1.846531382555761,1.9967206902535415,128788.64637021309,3.2032355788268383
313700,1.8470851262119474,1.9971271076017962,128828.03857573717,3.2039798827687664
313800,1.847719820551249,1.9978769326862098,128869.91527466169,3.204641226247725
313900,1.8482086647517806,1.9986137948243954,128905.36406380447,3.2054985269608878
314000,1.848676463826762,1.999368905978914,128947.41387420497,3.2061793172485085
314100,1.8491929543602192,2.000109844276473,128985.2480873321,3.20657428471693
314200,1.8497796085995586,2.0008894293929917,129025.60364661775,3.2073178489880063
314300,1.8503496711290461,2.001620234274533,129068.57886091022,3.207751451866632
314400,1.8509081357809989,2.0020893231722003,129111.7678835005,3.208135316153274
314500,1.8514254162421315,2.0028684048318066,129151.32875145292,3.208736650450147
314600,1.8519408703486704,2.0033833209121488,129193.8992320435,3.2095190765535238
314700,1.8525094709276146,2.0041428734396924,129230.40760005293,3.210362413204126
314800,1.8530538358906743,2.004851852466277,129265.69131630479,3.210908725547025
314900,1.853595754394143,2.0054997315939116,129307.96845862102,3.2117655427839074
315000,1.8542472282145837,2.006106359339938,129350.4668242075,3.2126977370024274
315100,1.8548453411757182,2.0066488814850993,129392.49568323983,3.213525212257535
315200,1.8553597567565558,2.0073970275096875,129429.1850347351,3.214372953792188
315300,1.8559405911124462,2.008056632472692,129469.57921561597,3.215224544363134
315400,1.856534721734776,2.0084616662405312,129510.33153650931,3.2160350269086853
315500,1.8571802478427935,2.0089234862628813,129550.5322837238,3.2167335091100115
315600,1.857815038377882,2.0094430037863726,129592.24510134164,3.2173962887942635
315700,1.8584366848219709,2.0102304751208355,129633.9945148968,3.217849361722816
315800,1.859009973714984,2.010742067445711,129671.11492012,3.2186163204631875
315900,1.8595867369785881,2.011219306772795,129705.84316525304,3.2192273492568715
316000,1.860139469864729,2.011751312794697,129746.25440477736,3.2201226344746425
316100,1.8607795137980339,2.0121989033526804,129785.86359734688,3.22104675766477
316200,1.8612701352495897,2.012725973194184,129827.19045337208,3.2216608460077865
316300,1.8618727350846673,2.013195969480828,129868.19152651892,3.222101772558962
316400,1.8624482484354477,2.0138591866101674,129904.03118432064,3.222758781158615
316500,1.8629174013784504,2.0143538812431365,129943.97908268399,3.223524475613578
316600,1.8635416495522636,2.01504059056037,129986.46021347045,3.2243324336147046
316700,1.8641965746304805,2.015781996608459,130022.74411864711,3.2252401232262926
316800,1.8646949696078534,2.0165651227670995,130064.0514799389,3.2256802304909167
316900,1.865344050003333,2.017137924050877,130105.91931390212,3.226196963479838
317000,1.8659950615155585,2.01789155661655,130142.83321031088,3.226688727144058
317100,1.8666396125657585,2.0185669743046155,130185.13799937675,3.2274514597246644
317200,1.8671186142959242,2.0189856528995724,130226.92474253738,3.2283745520583214
317300,1.8676370832143518,2.019675982059338,130264.06774111706,3.2288431926363064
317400,1.8682606665444201,2.0203165782882206,130303.72872973201,3.229404001105263
317500,1.868814514920023,2.0207829295346023,130339.62685692609,3.229917054178738
317600,1.8694168156570967,2.0213090612383353,130382.24441856545,3.2306354449526475
317700,1.8698915591425815,2.021823909174732,130423.07024427713,3.2315224475352093
317800,1.8705032299799456,2.022327394925561,130458.77727037639,3.2320221815858567
317900,1.8710980998270685,2.0228475503869756,130499.22482620426,3.232625977143548
318000,1.8716468324153879,2.023392038327007,130538.0788317968,3.233160208757226
318100,1.8721855532847322,2.0239596910997317,130574.46402424875,3.2340575075976514
318200,1.8726867498829476,2.024637791264692,130612.93752521761,3.2345272445508626
318300,1.8732992472405128,2.0253779297411625,130650.27930455108,3.2350241738806407
318400,1.8739007330452242,2.0259168175632563,130689.24132741937,3.235711944009437
318500,1.8745491756131674,2.026472383635883,130724.58545393516,3.236365776452062
318600,1.8752037360326,2.027082674386734,130760.26441734676,3.2372778215063747
318700,1.8757151043631333,2.0277718577813513,130799.96535072065,3.238116786504638
318800,1.876190286136951,2.0282316502175353,130842.45424441858,3.2387006045201914
318900,1.8768033478036903,2.0287551933418753,130885.43938113823,3.2393359766798864
319000,1.8773663690305313,2.0295493603971093,130927.03889347,3.23991451814612
319100,1.8778733776587664,2.0300657061122287,130966.78116306568,3.240589630139395
319200,1.8783627852770401,2.0307674091429058,131005.31547168375,3.2413938814706715
319300,1.8788388811760282,2.031304431159177,131044.05165783913,3.2421334734744445
319400,1.8794849226444805,2.031848367729254,131080.3916965927,3.242780247565251
319500,1.8801072809308166,2.0326349885543404,131115.869360942,3.243437856807648
319600,1.8806431957767658,2.0332216440813,131158.85727211207,3.2439875136393703
319700,1.8811466375919084,2.0338857962413477,131197.06974953765,3.2447448863716213
319800,1.8816999641381282,2.03437118899947,131236.12025166946,3.2456724102909402
319900,1.8821829690167562,2.035103013055901,131272.64157636766,3.2463463548917426
320000,1.8827440010121796,2.0355735626948435,131307.50824279885,3.247097830769673
320100,1.8832642160416004,2.036186732872086,131344.6405441004,3.2475953319750657
320200,1.8838805328650168,2.0369042756152274,131386.7879991226,3.248205769789206
320300,1.884467183750513,2.0376148268328804,131427.89791203817,3.2490161936984023
320400,1.8849952796757694,2.0383289359675985,131465.92562620025,3.2495789351270714
320500,1.885575757549805,2.038905725466888,131503.2765256162,3.2500471142503184
320600,1.8860868127536026,2.0396646798992615,131539.83451422353,3.250769440808449
320700,1.8866808386023435,2.0401554229776173,131575.6077811423,3.251347576806277
320800,1.8872989255065395,2.0408889774655763,131616.36291356295,3.2522686794373588
320900,1.8877550216104837,2.0415059679371055,131653.0139745561,3.253135363720107
321000,1.888321046227213,2.0419313113988395,131688.65783397894,3.2538217512409084
321100,1.8888917814635695,2.0424509742074863,131725.40333789442,3.254396624738402
321200,1.8893861549715631,2.042984738234821,131764.29611485812,3.2550885116227195
321300,1.8899606043682047,2.043528667437511,131805.35099731875,3.255598999689682
321400,1.8905969263982136,2.043953441303451,131846.5029636619,3.2562380578708003
321500,1.8911335815512345,2.044569255004752,131885.9330278373,3.2570019204515224
321600,1.8917739232396382,2.0450454573814656,131927.77609389968,3.2577661904005564
321700,1.892392433909819,2.0458076215212317,131967.97301488311,3.2584272670562893
321800,1.892989420638168,2.046212827336415,132007.76035256963,3.2593055594282454
321900,1.8935061740560564,2.046961907453189,132046.13393017388,3.260111056885964
322000,1.8939664704231276,2.0476903823322776,132084.10252153364,3.260667795121483
322100,1.8946081922735625,2.048229687770012,132120.76958734173,3.2611405126554667
322200,1.8951974652881638,2.0486736988848366,132159.48934680808,3.2617914774310464
322300,1.8957467513388868,2.049336411381806,132195.5697046924,3.262700899104774
322400,1.896394081234568,2.049779837661979,132237.55597188533,3.2634277079294405
322500,1.8969967763475692,2.050488340528272,132278.11432466688,3.264113440074694
322600,1.8975002811274277,2.0512205851772967,132316.34716487135,3.264819941496224
322700,1.8980706133364753,2.0516756979393516,132355.59596814794,3.2655572756208655
322800,1.8985655750877006,2.052126088558385,132392.85936371802,3.2662858358179947
322900,1.8990545768346632,2.0525985602344727,132432.64130825855,3.266853927327671
323000,1.8995910119428596,2.0531549842632253,132471.28046406803,3.267700853787735
323100,1.9001575309756014,2.0538312581233695,132510.01997025264,3.268354403214411
323200,1.9006285361305069,2.054276500072668,132546.01244692513,3.269160397473295
323300,1.9012444722913355,2.054719752259991,132583.45282956745,3.2695564655446128
323400,1.9017096862598686,2.0551711903328593,132625.8061159017,3.2701332267537224
323500,1.9021713679670926,2.0558595207692916,132661.69584399898,3.271061989009872
323600,1.9026273685837918,2.0565518550078354,132697.92779751917,3.2718583819758322
323700,1.9031344266258294,2.0572269145602484,132734.9781567333,3.2727026059042927
323800,1.9036255461865785,2.057686247274472,132775.21478688804,3.2732404271864026
323900,1.904248114749574,2.058403316084784,132815.96560780687,3.273856184055673
324000,1.904710697777449,2.058938021257811,132853.67380254026,3.2747188842616906
324100,1.9053326330687674,2.05940052088954,132896.42701025505,3.2751171595239223
324200,1.905865195923364,2.059889071926479,132937.92975763264,3.2760172554015483
324300,1.9065071583333872,2.0603113224918674,132975.20411214445,3.2766431767399333
324400,1.9071379018760568,2.0610791415077285,133013.2017975756,3.277274415222956
324500,1.9077336483011271,2.061747297184016,133055.8634791092,3.277665602924268
324600,1.9083273137320447,2.062508447636631,133091.00415686372,3.2780943891096985
324700,1.9089069933465144,2.063006191101384,133133.81820207517,3.278803579596046
324800,1.9095194204179335,2.06341412727344,133173.63903513597,3.2793046423476278
324900,1.9100393544599992,2.0640792103603767,133213.23754315154,3.280076606370253
325000,1.9104947489495177,2.064491195154227,133250.50055611893,3.280623578380551
325100,1.910986272726114,2.0649786106969303,133289.95416213572,3.281151294914206
325200,1.9115989006136551,2.065421274871458,133324.5564750964,3.281695434127453
325300,1.9121073222695095,2.0659233372695325,133365.26929259367,3.2825437185896607
325400,1.9127385249020665,2.0664946063420477,133405.02879119318,3.283387834185953
325500,1.9132405754490678,2.0671891770934345,133440.39063065453,3.28388329012317
325600,1.9136964278982074,2.067866449388155,133476.57314058024,3.2847880507622413
325700,1.9142630394866371,2.068541801107755,133511.38649548436,3.285333814963342
325800,1.9148725966756361,2.0691038712254604,133554.40216899815,3.285991017630407
325900,1.9154168275042986,2.0697683559940225,133589.20188344445,3.2866659083746126
326000,1.9160668706202932,2.0702769565489905,133629.4168993844,3.287052273441506
326100,1.916631055915707,2.070845598746301,133672.35911216092,3.287936045634186
326200,1.9171642431651568,2.071476390089632,133709.4882140758,3.2886540780636064
326300,1.9176781788773125,2.071975788664839,133744.05477693025,3.2894564841246554
326400,1.9183037000005057,2.072503735907905,133783.31995088415,3.290121180434741
326500,1.9189015368644697,2.0731705751970613,133822.57486137204,3.2910082830045244
326600,1.9193667506442242,2.073962272044431,133864.29689761117,3.29155614687835
326700,1.9199323637876795,2.074553705735742,133904.99069963093,3.2921157357291557
326800,1.92040855190129,2.0750927947150086,133942.7661456672,3.2925900392648595
326900,1.9209149364887594,2.0756733346025373,133984.81532855844,3.293512776639328
327000,1.9215361913705333,2.076429068112671,134020.95549128408,3.2944263269325513
327100,1.9220251205645476,2.0768578756178284,134057.52594149896,3.2950166389380633
327200,1.9225618748963298,2.077334107811297,134099.16106749195,3.29576142835693
327300,1.9231010198084724,2.0778745387443056,134135.02227533614,3.296403990728867
327400,1.9235699528418042,2.0783365713151816,134173.3292817697,3.2972220404978945
327500,1.9240781165655185,2.0789913775836903,134213.73914984794,3.297667201199096
327600,1.9246458410109502,2.0797810323723445,134256.65566043797,3.2983318863212316
327700,1.9252920223219647,2.0803208238245965,134296.93435440664,3.2990038654975824
327800,1.9258925314097846,2.080753398021781,134331.8035304348,3.2999274138685
327900,1.9264812569339942,2.0813762817216612,134373.96934671362,3.3004606962316116
328000,1.9270745120782924,2.0820928940238663,134412.14636195145,3.3009232267171797
328100,1.9276112663847447,2.082676989459392,134454.991194016,3.301514606878296
328200,1.9281519478820166,2.083409215671983,134492.83238844984,3.3019302437909857
328300,1.9287332776218211,2.0839819156480925,134528.07078087857,3.30268039053747
328400,1.9293626421417311,2.084628574170145,134564.89245264864,3.3033151255533437
328500,1.9298485246689885,2.0852800143378576,134606.49843327986,3.3039342494307053
328600,1.9303555988944843,2.0858686810462377,134646.74449775787,3.304510552568575
328700,1.9308512111660916,2.0864897427100626,134681.25904042757,3.3052615680143798
328800,1.9313652390281355,2.0871145142115255,134720.2984033674,3.3058217607730427
328900,1.9318629921122557,2.08768739443826,134762.07632250933,3.306680782147845
329000,1.9323964744907662,2.088249124559203,134803.50219573072,3.30733129377958
329100,1.9329917710852036,2.0889153605473223,134843.17664915184,3.3079903786633995
329200,1.9336334121575196,2.08961181866794,134882.74278897743,3.308753350933947
329300,1.9341046130056878,2.090094374669929,134925.49312995962,3.3095634815439086
329400,1.9346638416571964,2.090642578674923,134963.3387888832,3.310271082752448
329500,1.9351991584643025,2.0912645102126484,135004.78703589758,3.311140577315883
329600,1.9358199567536878,2.0917246575389585,135042.34619137584,3.3115731310827377
329700,1.93634607905025,2.0924146231062246,135083.50214097562,3.3121833267179017
329800,1.9369815411124205,2.093210014386987,135121.16079752104,3.312960536382558
329900,1.9374523040344247,2.0938617154812698,135158.5022647211,3.313458369685057
330000,1.9380643042425816,2.094591784365301,135193.01383204162,3.313938228499197
330100,1.9386052875685633,2.095310587727804,135231.5786484853,3.3146796387455697
330200,1.9390912531584847,2.0959060783973618,135266.8879105501,3.315313170171628
330300,1.9397176244754066,2.0966483969978253,135303.97953863087,3.316034721825829
330400,1.940318953625722,2.097214979878241,135338.66840271832,3.316690449712726
330500,1.9408523940574764,2.097923242115672,135379.4100046167,3.3171732546894477
330600,1.9413768683613188,2.098568942956846,135420.13779727454,3.3177070119721015
330700,1.942006836850628,2.0990070398786425,135456.5846360773,3.3182439371017067
330800,1.9425985809253763,2.099699654413602,135495.70545743254,3.3188576538948498
330900,1.9431233002528094,2.100132022243443,135534.37521137603,3.3197655719141355
331000,1.9436916060302922,2.100758225033919,135571.40699728488,3.32041459285583
331100,1.944219328567619,2.101425539462972,135606.8382484861,3.3209496856276273
331200,1.9448111294646622,2.1022122301466473,135644.95190872045,3.3215926750809293
331300,1.9453291685673817,2.1026765291094835,135680.46189833203,3.322007896230352
331400,1.9458049009845733,2.103454573875685,135716.10805771616,3.32273639045592
331500,1.9463519161122205,2.1041612447561757,135754.71221845766,3.3235134728499065
331600,1.9468327021624663,2.1048997244796492,135792.78554526658,3.3240180971312214
331700,1.9474025466393876,2.1056539128560527,135830.5227867409,3.3244944245495933
331800,1.9479674265339246,2.1060772182486422,135869.62365134526,3.3251894821141934
331900,1.948593148284025,2.1066749486354146,135904.78266407707,3.3257751209297703
332000,1.9491492160777575,2.107199417290858,135940.62806691162,3.326536358982024
332100,1.9496447093292273,2.107822123489342,135975.4091731766,3.3271291816840876
332200,1.9502094623074733,2.1085945827531356,136011.5135167667,3.327696050783607
332300,1.9506899527401644,2.109332099313479,136049.88875631316,3.3284426636976128
332400,1.9512778845934704,2.110121241023796,136092.43782033533,3.328991905020604
332500,1.951865488857204,2.110662764461218,136127.24215486596,3.329648142971808
332600,1.9523307279494007,2.1112425909067123,136165.41907896826,3.3303778588858397
332700,1.9527913966486294,2.111789894100852,136201.75846635774,3.3308990830422416
332800,1.9532786014822126,2.112282503672184,136238.1749541475,3.331513468925578
332900,1.9538956249717647,2.1127262596906315,136279.7727735988,3.332002932002733
333000,1.954393705395168,2.1134522296056737,136319.022867716,3.332685953804511
333100,1.9550210633889966,2.1139792143779905,136354.04347471474,3.33312905661597
333200,1.9556326312372065,2.1145040425973494,136396.05176409124,3.333582552496634
333300,1.9561496380805015,2.1149057258597908,136432.77875173243,3.334441806278343
333400,1.9566172433644462,2.1153399235710078,136472.7379411949,3.3352485612663445
333500,1.957256960051055,2.115922563721959,136515.2701135707,3.335884416189451
333600,1.9578580904043108,2.116417146486706,136551.38763161577,3.3365745178766755
333700,1.9584174146809863,2.117158262003713,136586.09964269702,3.336981899509618
333800,1.9590217124002776,2.1178993637258423,136624.24417527457,3.337690407506165
333900,1.9594898314071227,2.118667073446614,136662.98048704016,3.3381197233790876
334000,1.960096527547136,2.119349315067534,136702.42507242304,3.3387934791446123
334100,1.9606010057080774,2.1197563398657646,136737.29646409323,3.339286390254097
334200,1.9611370049906223,2.1202642662631557,136773.73834333522,3.339722496699596
334300,1.9616566703822316,2.121026606379743,136815.88779778694,3.3405855072707533
334400,1.9622148173270704,2.1214818915536306,136853.13591972904,3.341368713662137
334500,1.9627299555709912,2.121991644598313,136890.14938708895,3.342137830077806
334600,1.9632400430255768,2.1225964924319554,136931.38814360637,3.3427035003259045
334700,1.9637236155821496,2.1233712736668915,136969.4822388988,3.343262715895689
334800,1.9643219328082273,2.123802905167749,137007.84795519008,3.3440763345600515
334900,1.9649385719020536,2.124506399458638,137043.70584329104,3.344976269047627
335000,1.9654071280646348,2.125270582155825,137080.4597341843,3.3456804840503387
335100,1.9659329032668251,2.125948747688441,137118.37101661126,3.3462167604637973
335200,1.9664689260340928,2.1263617080739756,137161.19788807567,3.3466251978770125
335300,1.966926020450716,2.1270371316280245,137198.4121597715,3.3474672628431903
335400,1.9675072081984104,2.127672413973894,137234.91193360675,3.3483236447684988
335500,1.9679595716224274,2.128439092199979,137276.34454773576,3.3490196201732263
335600,1.968512224714538,2.1289990976234803,137314.22402738643,3.3498992405920176
335700,1.969150844984855,2.1294529020702497,137350.09747248216,3.3505557572711835
335800,1.9696220314410764,2.1302374525498644,137386.01217602755,3.3512805668231476
335900,1.9701107340239519,2.131008408438144,137425.25090841888,3.351880472591043
336000,1.9706569320719884,2.13158011862665,137463.51333140297,3.3527590914498355
336100,1.9711811283093383,2.1320372931457894,137504.14699403985,3.353659105190131
336200,1.971813070123369,2.1324757335470808,137540.53200710987,3.354303293065815
336300,1.9723361711177898,2.1331828821244248,137581.38496509282,3.3547909535912077
336400,1.9728450759213885,2.133815345639471,137620.3794262195,3.3553859665735706
336500,1.9733873604550125,2.1343217207533196,137662.5300790165,3.3560596078090534
336600,1.9739795110222444,2.1348422795045736,137699.50267515398,3.356931382704792
336700,1.9745182321099581,2.1352511500199265,137734.3983190736,3.357314621103814
336800,1.9750821717158102,2.135775846339897,137772.1312488867,3.358109698456342
336900,1.9755376594842322,2.1362315142418016,137809.61367790413,3.358734017416436
337000,1.97610289110386,2.1368201017074844,137847.3283255258,3.359507938186551
337100,1.9766516650488046,2.1375357148730156,137884.33482873766,3.360401458668862
337200,1.9772982847114808,2.1382035467940623,137924.23214532118,3.3610860885623515
337300,1.977876980706932,2.1389588116509426,137959.13318690436,3.361714151626499
337400,1.978487780096311,2.1395353306672398,137997.05725057275,3.3624389448503718
337500,1.9789565643459537,2.1400830084272697,138035.6722920265,3.362950987518748
337600,1.9795084438391128,2.14085149298841,138076.47717835632,3.3635056481204604
337700,1.9799670047973834,2.1414396483374873,138115.13695462968,3.364182739425361
337800,1.9804359689144246,2.141885434572913,138152.1060527542,3.364911466662311
337900,1.9810178204973767,2.142655455921174,138192.36082529934,3.3654689440278367
338000,1.981640185024838,2.143255819762157,138227.05609676367,3.366141837853005
338100,1.9821788585269324,2.1437415433032676,138266.3113968822,3.3667914690890064
338200,1.9827125724685495,2.1441458355745535,138306.28161710355,3.3676115998210507
338300,1.9832744238034894,2.1448104662105476,138348.092078255,3.368463421749402
338400,1.9838537783901282,2.145509437012644,138385.30955839672,3.3691681230136825
338500,1.9843444083865935,2.1460513493439697,138426.17214740012,3.369809579355319
338600,1.9849026591904557,2.146459986440735,138463.7026288772,3.3702215174325945
338700,1.9854332779831023,2.1470180662190006,138505.95956118504,3.371019027422128
338800,1.9859067406979651,2.1474429220880973,138545.76815629238,3.3715799158512265
338900,1.9864019956251777,2.1480380944019544,138586.76972422708,3.372357325462897
339000,1.9869734342499141,2.148728574042153,138621.80291593456,3.3729540097250523
339100,1.9875284525613313,2.149236313848956,138657.87108138396,3.3736211939691496
339200,1.9880963971490684,2.149888097842955,138694.27788242142,3.3740671122905117
339300,1.9886141121377034,2.1505001146456855,138735.28610067867,3.374970021737064
339400,1.9891472354477,2.1511934714191376,138778.02258286014,3.3757866647815935
339500,1.989747299285088,2.1517372375001473,138817.9686625008,3.3764899407761377
339600,1.990362310256774,2.1523785895839964,138854.9596219793,3.37706569315727
339700,1.990970651993417,2.152959077550236,138893.60645508592,3.3775293523246073
339800,1.9916099092600634,2.1536724489090378,138929.5114614194,3.378024453846867
339900,1.9921929215226009,2.154252623462644,138971.637884065,3.378830413455529
340000,1.9926954631364682,2.154953182892253,139008.7873701486,3.3796703632886094
340100,1.9933194153567628,2.1557022257046525,139045.98392909823,3.380097630825568
340200,1.993826235187369,2.1564642286395905,139085.45640011883,3.3804939444098343
340300,1.9944568827851847,2.157056153367293,139121.98513284093,3.381164768353773
340400,1.995072867862495,2.1574900889035225,139161.3982068008,3.3815794047926815
340500,1.9955851402181202,2.15805156554713,139202.77984015123,3.3823023826313063
340600,1.9962135303304591,2.1587308680884156,139237.15239896573,3.3827617114244184
340700,1.996805693656381,2.1593186784128933,139273.9414934194,3.3834479296048072
340800,1.9973984762794312,2.1599077574284493,139312.40656254106,3.383944272790474
340900,1.9980339410798114,2.160583305858092,139355.0996359595,3.3843496345925357
341000,1.9985077883750413,2.1610978314550198,139396.3303939382,3.3850533846602686
341100,1.999052663485036,2.161599301610046,139433.0204156019,3.385592938137271
341200,1.9995677159987135,2.1623708585686363,139474.50401212333,3.386352968663264
341300,2.0000609075031237,2.1628067332325984,139516.91824460737,3.3870717611492216
341400,2.0005209312192367,2.163373968558274,139559.23010717184,3.3878606826210977
341500,2.000971932408454,2.163848343616619,139597.21990223564,3.3887561268029494
341600,2.0014943422477787,2.1644522176645626,139631.5384222292,3.3895264492777093
341700,2.001992660943367,2.1652059254567972,139671.10044407655,3.3902710826386135
341800,2.0025853907369746,2.1659283295060416,139709.87962162867,3.39103457571623
341900,2.0030556326427895,2.166555096384326,139746.41007073404,3.3914574667810498
342000,2.003687498079806,2.16705497694695,139787.39404432778,3.392320435479745
342100,2.0041977246073053,2.167471341892584,139821.7356411161,3.3927918622001645
342200,2.0047873918964974,2.167981427756648,139857.66937167672,3.393603716664299
342300,2.005428664333076,2.1684058146048804,139897.61234970734,3.3939824354060257
342400,2.005969132239372,2.1689873901757557,139934.85075847709,3.394565757952229
342500,2.0064460472064654,2.1695918261703078,139975.61094083654,3.3952268654115065
342600,2.0070150687377164,2.1700656527441162,140014.87996449144,3.3960770055350404
342700,2.007535632323201,2.170754316938053,140049.22931799578,3.396699927472008
342800,2.008054916717605,2.1714148885969444,140088.47015814765,3.3973270888415437
342900,2.0085696949526577,2.1720913893288887,140125.752576878,3.3981106557092953
343000,2.0090214449310677,2.172539508804509,140164.78373248345,3.3988870054476243
343100,2.0095902464640165,2.172994109178453,140206.85323502828,3.3993306299480386
343200,2.0101898272539165,2.1736889289941907,140241.54067756486,3.4001081996268434
343300,2.010668574746349,2.1742726186919916,140280.04741411458,3.400716998029075
343400,2.0112250282483144,2.1748870438871046,140319.6678732253,3.4015465352535155
343500,2.0117650836894336,2.1754129378774527,140356.22747309328,3.40195547612255
343600,2.012289712497539,2.1758853994798426,140398.15560703518,3.4027856607768876
343700,2.01280064847445,2.1764510238016563,140438.62680644685,3.4033314862649897
343800,2.0134278906086687,2.176871856579956,140480.14293305,3.4039015352249433
343900,2.01397472218073,2.1772723893841643,140516.27118756014,3.4045078670878755
344000,2.0146052733864153,2.178057637845272,140558.62989715935,3.4049787950471657
344100,2.0150965313716958,2.178475487077629,140601.2192220952,3.40546998084786
344200,2.0157213536596035,2.1792459650625435,140642.44466398,3.406308853003795
344300,2.0162694942954125,2.1798519289477487,140677.57650650703,3.4069959254038293
344400,2.0167882916341178,2.180324070949225,140715.92797000997,3.407789217380369
344500,2.017407187388039,2.1808652380983813,140755.3209481579,3.4083329523476666
344600,2.018024396206762,2.1816362004177647,140789.85479262154,3.409134207903773
344700,2.0186034466637692,2.1820906463722136,140826.63507078768,3.4098908740882483
344800,2.0191802751987225,2.1827791390937,140864.82428620855,3.410300402170405
344900,2.0197047474908625,2.1832253849535026,140900.2627011146,3.4111693084725134
345000,2.0201728649745405,2.183840452694465,140939.00267704707,3.4119068488241333
345100,2.0207911852023215,2.1843088876834065,140980.00509050503,3.4125464935979184
345200,2.021332531004718,2.184717932462093,141018.26950054095,3.4134390046244794
345300,2.0219462420067176,2.185407655269856,141056.67982942853,3.4141151683990776
345400,2.02257412559991,2.186181432717812,141090.8821466459,3.414817685636904
345500,2.023171040249843,2.186778071952901,141131.41195974647,3.4153419670201313
345600,2.0236718413201107,2.187256449798407,141171.1694855882,3.4161208587127114
345700,2.024240658344843,2.1876948215596537,141209.79836325068,3.4169218602936966
345800,2.0247935067683263,2.1883831633343873,141250.17626133183,3.4177091586863764
345900,2.0253094836761365,2.1889744438123655,141286.63154263183,3.4184377932252223
346000,2.025876601617736,2.189517932406564,141324.7268873094,3.4189469602775984
346100,2.026415893437783,2.1899221726176523,141361.77494185942,3.4195171686811108
346200,2.026952953989979,2.1903727369478987,141400.92695017377,3.420109589240658
346300,2.0275060233845927,2.190990768249822,141441.93434078599,3.420595012489461
346400,2.0280734423411277,2.1916140458082554,141480.21482920242,3.4211158033038243
346500,2.0285817771901615,2.192323106706499,141522.20840231236,3.421833007925148
346600,2.0290660210102973,2.193099620281696,141560.40352528341,3.422272157395935
346700,2.0296034326097616,2.193805771083692,141594.67438134423,3.4226597773732013
346800,2.030075041447737,2.1942957627409907,141629.86988945206,3.423117744539529
346900,2.0306780607912214,2.194726333679546,141671.79006199178,3.4238526561190694
347000,2.0311659211234963,2.19537654497977,141713.29423219434,3.424511001108546
347100,2.031783460674725,2.195852091888926,141752.4581508311,3.425383703936628
347200,2.032429916687642,2.1963354300773306,141791.40990297936,3.42595059496479
347300,2.032961334111226,2.1969001280732505,141832.1089434704,3.4265631442915074
347400,2.033573231235295,2.1974281641737297,141869.65859879987,3.42704521844978
347500,2.034097497206445,2.198035808904543,141904.95212804212,3.4275748193281945
347600,2.0345493028370765,2.198434042513607,141940.55129147653,3.4282750635955503
347700,2.035090847701466,2.1991600881484454,141975.71996360342,3.4288290178733147
347800,2.0356997050218837,2.1997137473100143,142012.29105079838,3.429702484856285
347900,2.036269156666101,2.2002076361291034,142047.0036745006,3.430142379703624
348000,2.0369159066614966,2.2009359740469736,142084.85015667416,3.4306131550498495
348100,2.0374458617140556,2.201631848648005,142121.0267636867,3.4312456180426762
348200,2.0380421200117205,2.2023889229761786,142159.7579138955,3.4320603535477865
348300,2.0386418695845423,2.2028704501074454,142199.59198561005,3.4324905853905356
348400,2.0391474148735074,2.203553553805044,142235.95810946933,3.4332612207932485
348500,2.0397826067216958,2.2040456682350285,142276.91836463165,3.4337128454785644
348600,2.040241541628754,2.2046163538779675,142313.83864336857,3.4344298638904123
348700,2.040842635085678,2.2051073678649304,142349.26901799676,3.4348160112879027
348800,2.041380583477713,2.2057767205209053,142385.59045368622,3.435683021749194
348900,2.0418862764855,2.2062651101254964,142427.0558154718,3.43644805837839
349000,2.042499194779337,2.2068611392507673,142468.80736663687,3.43711184007366
349100,2.0431170315736704,2.2072633332434557,142510.53465510966,3.437918174506407
349200,2.0437463054464113,2.207880161235704,142547.38588044306,3.4385222785103107
349300,2.0442711511387777,2.208331862999822,142586.28904690564,3.439135769564772
349400,2.044835374255551,2.209025867496803,142622.2759734584,3.4399156156541366
349500,2.045410314558245,2.209813640116765,142661.02332247954,3.440459692415562
349600,2.0460052621915645,2.210598122276733,142699.33829790383,3.441347096870313
349700,2.0465363522812496,2.2111775141695613,142736.7919644,3.4418342957359487
349800,2.04699919481771,2.2117172606034075,142779.09040429202,3.4426194488904485
349900,2.0474961286781075,2.2122957067038405,142813.7584851317,3.4433255179618567
350000,2.048123793299719,2.2128431240366577,142851.93979493718,3.44423386948037
350100,2.048674646548013,2.2133230311877,142888.2815821071,3.4450446135519948
350200,2.0491837822015775,2.2137463471805225,142923.9156448121,3.445643229302374
350300,2.0496470530323045,2.214155546490957,142961.6064424613,3.446394445486838
350400,2.0501318604630514,2.2148670508864825,143004.07561044523,3.4469809847743726
350500,2.050639236587364,2.2153174896126053,143044.45744505106,3.447637119700514
350600,2.05115034616012,2.215769689081057,143084.25694019304,3.4485476189195774
350700,2.0517058408344724,2.2163969868677498,143125.45989950572,3.4491443025758226
350800,2.0522261057130504,2.2171140481695604,143159.68763302776,3.449670257045034
350900,2.0527218685092303,2.21767607112825,143195.70361223817,3.450408058129518
351000,2.0533247062833047,2.218159101489867,143233.80599939084,3.4508418618685557
351100,2.0538781433926756,2.2187816071485695,143268.0255389315,3.4513674029825006
351200,2.05448554337955,2.2193345352611074,143305.37001588065,3.4521493081171872
351300,2.0549661801802817,2.219914467102608,143340.8684024212,3.452653508276569
351400,2.0555319908681953,2.2204189937745795,143380.40794430286,3.4533469018681706
351500,2.0560463559380886,2.2210570328954495,143422.40526884922,3.453929051187531
351600,2.056618590499474,2.2217582139307788,143457.56747000845,3.4543078776127834
351700,2.0570713169587904,2.222243739431805,143497.42443019303,3.4549423752571102
351800,2.057693365782237,2.222908371594128,143538.37745160036,3.4554596705605185
351900,2.058295053566568,2.2236175333890533,143575.01820642603,3.456209332564994
352000,2.058835926950264,2.224237549102778,143610.4123797458,3.4566447456641125
352100,2.059357618293814,2.2250186517629746,143645.96604558278,3.457121301207861
352200,2.059877470549917,2.2254519698399347,143685.84961957877,3.457648014719411
352300,2.060435579116028,2.2262209229503997,143725.9465661294,3.4585020410210507
352400,2.060918609166384,2.226990307426126,143760.77949929974,3.459262966224081
352500,2.061435335651172,2.2277114226991728,143795.88391655262,3.459938664293976
352600,2.0620674088912367,2.2284648588845375,143831.2985908677,3.4604260840250767
352700,2.0625659976847133,2.229150531785722,143867.73547301377,3.4611720720792833
352800,2.0630852763018352,2.2297974795776523,143907.09293128175,3.4620410175958187
352900,2.0635974800366945,2.2302985680184504,143942.24764768776,3.4628428184461337
353000,2.064221926018198,2.230968693299338,143982.50029922457,3.4635132159016697
353100,2.064713173218436,2.2317488633836033,144020.24358462408,3.4639450177442983
353200,2.0651658102068247,2.2323017023030505,144062.4167216305,3.4647076171767255
353300,2.065797923102907,2.232705131832965,144101.6983610317,3.4651329308966208
353400,2.0663444927430734,2.2333472415171323,144142.64996078593,3.4658818791311923
353500,2.0669860911751954,2.2338690882370713,144184.72644659443,3.466523057973228
353600,2.0675800868927787,2.2343743909226323,144220.20405410405,3.4671122943120825
353700,2.0680346700025067,2.2350478728765006,144257.7556303232,3.467776982796826
353800,2.068627312377504,2.2357616697571627,144292.7092147406,3.4685417965097023
353900,2.069242753740658,2.236289502944877,144326.80182242865,3.468942485398585
354000,2.0698552207522307,2.2370626753484086,144368.83826392345,3.469673939357158
354100,2.0703520779011138,2.2378256151409133,144405.88756388437,3.470422082315802
354200,2.0709405636580853,2.2383288143409756,144444.95981168567,3.471294087427242
354300,2.071537157938042,2.2389991309783013,144486.13240647383,3.4719339541564693
354400,2.072166132155803,2.2397735674003942,144523.51795834288,3.4726753857435098
354500,2.072741083066075,2.24045752817303,144557.65640988975,3.4735013656724933
354600,2.0733550454341962,2.240889657615459,144597.51339742588,3.474334353736426
354700,2.0738912394624562,2.2415986683775695,144636.71957019126,3.4748003849238858
354800,2.0743450158889503,2.2420938067268055,144671.93717304987,3.4755465088242694
354900,2.074857151738049,2.2427593637469347,144708.62008169183,3.4763789014508966
355000,2.0754497710258426,2.243294207559724,144750.7596539645,3.476788076360516
355100,2.0760868622542263,2.244022353590822,144787.36257414392,3.4774810506531924
355200,2.0766938607669547,2.2445601067709005,144824.1122022192,3.478016004650651
355300,2.0772445122536594,2.2449810956424825,144864.906712997,3.478428480961747
355400,2.0776956323416047,2.2455574685584585,144903.37399153537,3.479210260844255
355500,2.0782736175563805,2.246310664018816,144938.24588994443,3.4798238815981257
355600,2.078903138530155,2.246819003515147,144976.6715271058,3.480505474933898
355700,2.079484298347196,2.2475198242367926,145011.372409593,3.480880238495664
355800,2.0800892149172445,2.248014146264483,145047.65496352466,3.481747005328787
355900,2.080720233071323,2.2486048669942535,145089.84823244676,3.4823082018879368
356000,2.0813230070286606,2.249061862297698,145128.46044864683,3.482877741085233
356100,2.0819273901118747,2.2495166066335224,145170.09260391924,3.4836425392812864
356200,2.0825398878452814,2.2502244319462723,145206.00206373545,3.484395865392698
356300,2.0830668349491757,2.2506536398330077,145242.01953435226,3.4852577997648755
356400,2.0835500110022025,2.2512118107212693,145279.04610623367,3.4858318582028542
356500,2.084099674560172,2.2516860154678247,145313.88308956235,3.4867099748870745
356600,2.0846252188829513,2.25232767779286,145349.5426206206,3.4872965944746697
356700,2.085112459591816,2.2528108687302204,145390.6513188826,3.4880987630900115
356800,2.0856961184325415,2.2532721967391556,145432.3253292088,3.4888250997564763
356900,2.0861998038995533,2.253856932713383,145471.20692710704,3.4896447077361668
357000,2.0867660186580586,2.254468499660308,145513.4241501181,3.490543317498429
357100,2.0874044057166374,2.255036687826171,145552.21771781135,3.491046610272937
357200,2.087970247271659,2.2555462968716675,145591.42481298104,3.491884464680242
357300,2.088547497637936,2.2561830244674694,145628.14802711387,3.4924594178999153
357400,2.089100204000175,2.2567540216050292,145665.6842999683,3.492989620054853
357500,2.0896443454025606,2.2574701824229453,145707.7322591961,3.493486523837998
357600,2.090179617294511,2.2579079036501732,145742.3660678329,3.4943412483630376
357700,2.0907599993735566,2.2583361747387327,145781.8646099788,3.4949721185352773
357800,2.091366750252897,2.258872726580247,145821.90262920642,3.495631802484056
357900,2.0918475667831564,2.259584857346265,145859.95868152264,3.496494982506323
358000,2.092394691253505,2.2599909374027822,145896.91955141415,3.497351954374122
358100,2.092861024559686,2.2604082452176644,145931.65181058136,3.4980907844874634
358200,2.0934573082084262,2.260979854717072,145971.9437005175,3.4986766697223786
358300,2.094047491727817,2.2616775926539385,146011.5278198533,3.4991162433775
358400,2.0945937589210875,2.262296235676222,146051.55141847092,3.5000150183535848
358500,2.0950782804659815,2.2627164511335325,146092.8503593053,3.50050978359695
358600,2.0957030122366715,2.2634274402984533,146130.16852164874,3.5013846607044465
358700,2.0963461084241257,2.2639248490253285,146168.14401606636,3.502231360536799
358800,2.096915917648053,2.2646032995820358,146203.61046455128,3.5027765835055584
358900,2.0973641302723633,2.265074182607542,146241.0818365036,3.5034424989699673
359000,2.097919450039572,2.2658263299578474,146281.57644962447,3.504071372399795
359100,2.098522527284446,2.2665717192479176,146321.6815833682,3.5046141015170527
359200,2.09903611549747,2.2672148466335007,146361.32083284348,3.5052189110290253
359300,2.099528901028162,2.2678999100648882,146397.89791085964,3.5055943869721475
359400,2.1001413786431637,2.2683168820339663,146439.27372944052,3.506003267166407
359500,2.1007063918155535,2.2689351653190317,146476.7282272225,3.5068490715169967
359600,2.101333931428637,2.2693714183464198,146518.94364097927,3.5073313736051954
359700,2.101792273379727,2.270058828251497,146560.92000286144,3.507929018015343
359800,2.102300689785102,2.2706010471418185,146601.94106897226,3.5083953445495486
359900,2.1029186429488522,2.2711531433655647,146641.1138213792,3.5088148443415608
360000,2.103458008789084,2.2716140463550967,146679.16886811602,3.5092397734349587
360100,2.1040984124819024,2.272227109855977,146718.94379886903,3.509716708037124
360200,2.1046954459186646,2.2727606309146093,146760.2726738091,3.510474503751716
360300,2.105180618711426,2.273218932796543,146795.97774066875,3.5108991620105643
360400,2.105756904587171,2.2737619721301123,146832.08411618762,3.511710102679067
360500,2.1062119482423975,2.2742047209309506,146873.52133632844,3.51228737525363
360600,2.106808725511898,2.2746363105998344,146914.4271977679,3.5128309348180307
360700,2.1072868487648124,2.275309846639788,146952.38314583566,3.513714816728409
360800,2.1077439027295304,2.2759491134845002,146989.9499746874,3.514624625815838
360900,2.108360703840965,2.2766553356329253,147029.0691012054,3.5152782064491763
361000,2.108896844882805,2.277192249019239,147070.55433449385,3.5156627641132348
361100,2.109523429080566,2.277918475998485,147110.10259665054,3.5161027857642018
361200,2.1099974579736727,2.278390538820748,147148.12422041033,3.5165144158047763
361300,2.110536886991626,2.279013591249371,147188.10164729782,3.517064401755675
361400,2.111134495196822,2.279473321543271,147222.74670245658,3.517901268576306
361500,2.111590008894434,2.2799976922147094,147265.02822351438,3.5183432027698354
361600,2.112036642117434,2.2804905185560767,147299.6337278185,3.519021228912629
361700,2.1126598722565015,2.281025975647397,147335.17849529814,3.5198122247421524
361800,2.1131123341153497,2.2815096164388007,147371.08952606752,3.520671177619243
361900,2.1136478826994285,2.2820871594983716,147412.0092265949,3.5213002760965795
362000,2.1141919379442253,2.2828277023121526,147453.13435234083,3.5220482669923188
362100,2.114795762085783,2.283556329282352,147493.27810139695,3.522578617755656
362200,2.115370181403866,2.284204728317284,147535.31523652133,3.5234464779620414
362300,2.116006840084378,2.284718238995538,147576.06908543652,3.5239493064176552
362400,2.1164964884306965,2.2854303459069714,147612.999554978,3.5247392857460667
362500,2.1169613665925637,2.286132153202518,147647.52381766614,3.525177576719253
362600,2.117429541639461,2.286555276621288,147685.2830369914,3.5259580807783166
362700,2.118019865125752,2.2869860940225384,147726.5205052016,3.5267641655489914
362800,2.1186483493885517,2.2875255866034974,147766.72698616574,3.527412518106832
362900,2.119186763100217,2.2879782176796546,147808.2094988638,3.5282144769697155
363000,2.1197803404769875,2.28862843648765,147845.66148207037,3.5287659734675354
363100,2.120396108630275,2.289215092400348,147887.66035439124,3.5292899308761156
363200,2.120948158866522,2.2898008276599846,147922.8214661462,3.529701212982484
363300,2.1215426491744918,2.2902071398086967,147958.2215412318,3.5303268655888496
363400,2.122170280340287,2.2907763901969576,148000.27360305926,3.5310683554846602
363500,2.1226338001608545,2.291210132857947,148042.10364702533,3.531955920255486
363600,2.1232457985514133,2.2919751691881647,148083.1124647794,3.5327524492529383
363700,2.1237506067991267,2.292487719715512,148119.4160280752,3.533318574388576
363800,2.1242261797332724,2.293221762025145,148154.34870123904,3.533979589873689
363900,2.124741613499434,2.2937677279110806,148191.30742225735,3.534883504616718
364000,2.1252130299157326,2.2944284466689924,148226.35253704342,3.5354798953073816
364100,2.12583976736992,2.2949510311779235,148264.27970473503,3.5358902942811334
364200,2.126446209657085,2.295630257254847,148299.2447417468,3.536558973034305
364300,2.1270623243902342,2.296376171085628,148335.7191195041,3.537208251746693
364400,2.127633970860399,2.2969603346273684,148375.59006144543,3.538056495442333
364500,2.128248448904797,2.297395985402408,148410.49930264452,3.5384724675801675
364600,2.1287081138386648,2.2979812590347075,148448.8369410543,3.5390734673161055
364700,2.1291960340854943,2.2983896708235863,148483.42507904413,3.5395598822301646
364800,2.129715268375605,2.2989409879885954,148521.82968575577,3.5402378305661855
364900,2.1303080707461843,2.299486635786143,148556.79015435002,3.540844132723822
365000,2.130934393292618,2.299910623557291,148596.56912383751,3.541397669570316
365100,2.131414767862237,2.3003954821796264,148631.61914858277,3.5418426062256403
365200,2.131884958190149,2.3010601758392326,148667.845606505,3.5426006999825272
365300,2.132445357166642,2.3017219812873373,148705.47467678325,3.5431786646004104
365400,2.1330420177484624,2.3021228323459053,148744.43620133074,3.5440229909922523
365500,2.133659427962182,2.302528380925105,148778.45954701942,3.544591008568193
365600,2.1342816497196417,2.303018783419221,148816.50725169835,3.5453133372842593
365700,2.134773509074265,2.3034430018925898,148851.23440655295,3.5462124140682385
365800,2.1354132952801517,2.3040093167445836,148885.3451381347,3.5467104653634016
365900,2.1359107672307918,2.3045598151244553,148927.36655772536,3.5471283995666822
366000,2.1364286750614094,2.3052819303397514,148963.66738420993,3.547816813246844
366100,2.1370338235299027,2.305900371802811,149003.87096857783,3.5483234380217663
366200,2.1375913017351293,2.3064483951093857,149045.7770739141,3.549206664119185
366300,2.138117963763316,2.3069061990722632,149086.97004113952,3.549969900369368
366400,2.1386827238793122,2.3073931145621343,149121.7537237779,3.550790171965919
366500,2.1391814298941756,2.3078095314354545,149160.8557061158,3.5516728007231952
366600,2.1396392012489125,2.308553443452378,149195.87955171586,3.5523615355357787
366700,2.1401221026690083,2.309190364837592,149232.5072288765,3.5529013911741116
366800,2.140600123243551,2.309736033419374,149272.72364251822,3.553565398251965
366900,2.1411061069008124,2.3101877249859375,149308.9223104279,3.5544623660743273
367000,2.141723290096803,2.3109341778694836,149346.2341276408,3.555026676579909
367100,2.142226757071298,2.31159325799117,149384.6123109303,3.5556510242307824
367200,2.142848512283054,2.312182741887544,149425.30157782906,3.556093165947826
367300,2.1434026438809326,2.3126278893888377,149462.71561189878,3.5569503509658627
367400,2.1439613475073065,2.3132602817547974,149499.0571443525,3.5573592236942324
367500,2.144530192542509,2.313699428478639,149533.53196549657,3.557820062879486
367600,2.1450008586661675,2.3144226260011913,149572.18281618462,3.558223042843356
367700,2.145503790117822,2.315084901050869,149608.41350248008,3.5586581261990586
367800,2.1459518433711327,2.3157465779791266,149644.04034217133,3.5591815803696827
367900,2.146422950813284,2.3163421916739626,149679.22452404266,3.5597272462757537
368000,2.147033814714157,2.3168959151706154,149720.5216912937,3.5603616035041092
368100,2.147648156472158,2.317509685032445,149754.97246028087,3.5610276878546894
368200,2.1481712207578996,2.3181511329965194,149790.84137911684,3.5614421337791833
368300,2.148721486180159,2.3187136881417207,149824.62626681573,3.5620016370147227
368400,2.1492280637860848,2.319437911917685,149862.2265102,3.5625684395267534
368500,2.1498573343655054,2.319921820561265,149903.05113472432,3.5632415689359407
368600,2.1504595927268633,2.320594196993647,149937.14822392873,3.5638779449448403
368700,2.150952286112705,2.321353945429454,149971.76287026767,3.5645276051536325
368800,2.1514464353939218,2.3219777983010568,150011.2076793818,3.565298477503892
368900,2.152013571769349,2.3227241617691425,150046.665352959,3.5659154731550693
369000,2.152466366105021,2.323397473691443,150084.59189933335,3.566445660622391
369100,2.153035967945797,2.3239465958768224,150118.82486402907,3.5669646217000346
369200,2.153622903217329,2.3246137625946495,150160.34473202444,3.567619070708143
369300,2.154128458921527,2.3252651518498864,150197.426177611,3.5684743724412975
369400,2.154601180583324,2.326003650803624,150232.1673981693,3.569119336393728
369500,2.1551920715482997,2.326419838283459,150267.67121432265,3.569859997278001
369600,2.155688441324962,2.3268195280751676,150308.55716936116,3.570335371510009
369700,2.156154773949131,2.3273416904547926,150350.2717681242,3.571059959979523
369800,2.1567375102182558,2.327812505918272,150389.82111373023,3.5715519573643495
369900,2.1572216903156347,2.3284429800492212,150431.55188219756,3.5719371341942634
370000,2.1577268183071543,2.329129551058467,150471.9851219821,3.5727812289705376
370100,2.158326575135287,2.3296683593929335,150512.02391198874,3.5733610852552777
370200,2.158933635420163,2.3301605377790335,150547.6506615617,3.5738422907125877
370300,2.1593935919822718,2.3306732563425525,150586.85645145533,3.5746755657555385
370400,2.159923472949515,2.331179951025347,150624.67649857485,3.5752511549286825
370500,2.1604051092756555,2.3317788597257874,150662.56890276406,3.575868356732096
370600,2.1609036338716665,2.332321158398136,150699.21085371618,3.576284052443064
370700,2.161474236147813,2.3329253566370403,150735.7635323667,3.5768608463743803
370800,2.1619968298814287,2.333436428856192,150775.27641157046,3.577360423562618
370900,2.162556554926923,2.3339780904877556,150814.12496379163,3.5782573976940486
371000,2.16308465548431,2.3346417907266046,150850.45505097904,3.578694608762443
371100,2.1636989315207895,2.3350977480005817,150887.92003377993,3.5794694377486285
371200,2.1642507772750172,2.3357162641643363,150924.8454338511,3.580118016164093
371300,2.1647902589243553,2.336135606818399,150958.8114310849,3.5807812638827228
371400,2.1653242706681817,2.336906687466612,150998.1131020751,3.581485402834979
371500,2.1658357467437748,2.3375985874105862,151032.2395703469,3.582155813794875
371600,2.166394608153213,2.3381952030003186,151069.44350123729,3.5828791963658153
371700,2.167025998449707,2.3387372406331313,151109.04231402138,3.5836142070236363
371800,2.1675028585762375,2.3393621535260714,151149.44485208514,3.5842287312261356
371900,2.167955321932302,2.340125548420914,151187.4993510553,3.5850147484493124
372000,2.1685681864724207,2.340663459020259,151229.12441783925,3.5856862138812864
372100,2.169113912412651,2.3411656163696337,151269.5196231347,3.5864775600243686
372200,2.1696575367791606,2.3416570330068995,151310.731739039,3.586937816101377
372300,2.1701046138929807,2.3424008431625856,151349.94242047856,3.5874589568703037
372400,2.170570295372759,2.3428633861068966,151387.7414743294,3.5883254728722003
372500,2.1710609749106227,2.3435630746346763,151424.0986879138,3.589115448998411
372600,2.1716318524368083,2.3441268602231657,151461.9305279273,3.589714114653736
372700,2.1722346218118296,2.3448454141677417,151502.88905702354,3.5904791262628524
372800,2.172816874018999,2.345621940521061,151537.38806595636,3.5910289824432433
372900,2.1733973297594766,2.3462719138817087,151577.48888975426,3.591934039339811
373000,2.1739277476106778,2.3468843890776707,151612.7120236564,3.5926451113952913
373100,2.1744091955686113,2.347476381078165,151653.38537122135,3.593339982164999
373200,2.1750091435123244,2.3481053115682187,151688.72961448436,3.5938228009239817
373300,2.1755147018616,2.3485603371708237,151722.58902119845,3.5944506312223568
373400,2.175987163860432,2.349091221037191,151762.9818844321,3.595262204775327
373500,2.176476937169781,2.3496169722018396,151799.49391418512,3.595825732901051
373600,2.1771135174706555,2.3501020246693245,151834.4168877416,3.596412070194127
373700,2.1777385133584053,2.3506595765381872,151874.86836871546,3.5969851127344934
373800,2.178273811580345,2.3513103830135953,151913.81036326432,3.597501794762345
373900,2.178734917634731,2.3519077566849638,151951.85397053408,3.5981822331288766
374000,2.1792496298005055,2.3526079323712783,151988.61872944984,3.5990557756942354
374100,2.179846032577202,2.353284156857018,152027.39762906719,3.599688869249371
374200,2.180442816900324,2.3539405922944225,152066.75935677148,3.600171418910869
374300,2.181063908851857,2.3543567002952295,152101.53432061482,3.601030934814369
374400,2.1816859482744024,2.3550498271989424,152138.3223594422,3.6015958263507684
374500,2.1821649977229645,2.3555901633612204,152173.9816558026,3.602336629999823
374600,2.1827154231286725,2.3561095806566947,152208.9868357597,3.602768809193446
374700,2.1832593283693487,2.3568450462907924,152246.67471302187,3.6034717937160847
374800,2.18371722181765,2.3575406813289854,152285.8576293417,3.6040745399989977
374900,2.184188778416701,2.3581652923240646,152324.65425078038,3.604558825450668
375000,2.184793510542681,2.3587280564727786,152360.63456296604,3.605176225062364
375100,2.185275731273717,2.359420061154594,152394.73550368354,3.6056969074701426
375200,2.1858645638718106,2.360106245638992,152431.39804759726,3.6062416857464834
375300,2.1863537317523605,2.3608613142254598,152468.501608766,3.6071164993496945
375400,2.1869848953917943,2.3613045597758746,152504.82443499565,3.6079813979411193
375500,2.187469746651612,2.3620536146300335,152543.71945726778,3.60857812213747
375600,2.188013353783393,2.3627604833087013,152579.02429541945,3.609410075519375
375700,2.1885363587167888,2.3634903960322875,152620.13573065522,3.6101693919744697
375800,2.1890053943087198,2.3639753952696583,152655.57128346735,3.611028465979661
375900,2.189500652743257,2.3646014498560914,152697.4100836409,3.61166734220745
376000,2.190109968439214,2.3650904780771613,152733.38230779974,3.6123830355000943
376100,2.190591627389843,2.3655695640884313,152771.0911318858,3.6129168774360747
376200,2.191158040860194,2.366017698999505,152806.87511331338,3.6134357222031515
376300,2.1916508139233213,2.3666699375845903,152847.4431712664,3.6141771054202465
376400,2.1922656522985684,2.3671191233291884,152887.5612335438,3.614711975732089
376500,2.1928302208601784,2.3678860506671775,152921.60296822232,3.6153262436983606
376600,2.1933323634383863,2.3683263841704267,152962.58574039527,3.616093078964056
376700,2.1939074777784073,2.369003155466119,153000.6194646671,3.6165343455388816
376800,2.19435165855924,2.369760736980665,153042.22709702235,3.6174316494289953
376900,2.194850752593939,2.370221009733419,153080.23055695347,3.618239058775315
377000,2.1953300670924136,2.3706294662004983,153117.09097653892,3.618749220555558
377100,2.1959066402038165,2.3711800466354136,153151.820669765,3.6193704901026735
377200,2.1964901217744996,2.37185682711874,153186.06183116863,3.6199912385888013
377300,2.197034903029748,2.3722697765741785,153226.35395903751,3.6208364706099685
377400,2.1975284506101653,2.372662951626247,153260.0956785439,3.6212500682909834
377500,2.19803654529408,2.3733140283475342,153296.9826543418,3.6217045239421775
377600,2.198627525305782,2.3740418070470137,153332.18748097683,3.6221282845620513
377700,2.1992053245070697,2.3745711120355275,153367.17704293318,3.6227938251552247
377800,2.1996945613010337,2.3750990765549043,153401.57750722097,3.623694412047016
377900,2.2002035331982923,2.3755205780433726,153437.84942284835,3.624535216754805
378000,2.200798861966528,2.3761238092551094,153475.130315365,3.6253646559160346
378100,2.201273036479422,2.376676076134734,153515.67655592054,3.626127085394519
378200,2.2018125849488026,2.3773255254190246,153549.96343640395,3.626972679511651
378300,2.2024484932208526,2.378063136959034,153584.51262363358,3.6275899379808965
378400,2.202894755683363,2.378575230223244,153623.34807046986,3.6280833752347537
378500,2.2034813461092155,2.379238990295464,153662.74617174768,3.6289879240038
378600,2.2040696427962083,2.379961106915648,153699.27293957127,3.629662627808199
378700,2.204534358532609,2.3804975901613856,153734.33838114745,3.630491978629401
378800,2.205045119196722,2.381135212680641,153774.33625795823,3.630875114063171
378900,2.205499269891388,2.381686062625017,153810.0197667324,3.6312857067286477
379000,2.206004600494846,2.382297146369829,153847.47041016293,3.6321122264236783
379100,2.2066247790920666,2.3827951495409714,153888.66307422944,3.6328447024834336
379200,2.2070856258904867,2.383253338505439,153922.35607042827,3.6336020541117184
379300,2.20763983868415,2.383879993616797,153958.5915295235,3.6342415661731757
379400,2.2081746046869997,2.38450787647914,153996.84346446046,3.635000799335504
379500,2.20874227584665,2.384931644138265,154033.020246509,3.635411046824538
379600,2.209364051070098,2.3855247402015594,154071.3762526016,3.6359173141486676
379700,2.20993057947388,2.386086120440094,154109.9264214132,3.636650986568284
379800,2.2105552458702045,2.3868451283920864,154148.10723603706,3.637470865902304
379900,2.2110039019588332,2.3874918370500007,154189.17059269245,3.6383353960439724
380000,2.211473290619257,2.3882329734786656,154225.23674901362,3.6391037876967083
380100,2.2119513484403384,2.388687618686842,154266.5686309795,3.639579293759165
380200,2.2124130047412156,2.3892424226341205,154306.86372230054,3.6402497128578166
380300,2.2130119496513276,2.3897021437944184,154343.85556167545,3.6408502864723804
380400,2.2135393994537447,2.39013208852477,154383.07156240518,3.6414245789890667
380500,2.2140619586704453,2.3906080834923644,154418.25176123105,3.641948225283886
380600,2.2145516665005904,2.3912188000549723,154455.0976885636,3.642437108227564
380700,2.215134211298439,2.391887204596089,154493.25470483658,3.6432850987110745
380800,2.2156673809908733,2.3926546462635114,154534.18049280925,3.6439989288826986
380900,2.216161212635798,2.3930883933673495,154575.1888384148,3.6448954349769505
381000,2.2166161448450703,2.3935930182798817,154611.1384682341,3.6455390098828886
381100,2.217191498785643,2.394083188674759,154648.40257738053,3.646002408103505
381200,2.2178028873321813,2.3946792592292123,154681.99482485256,3.64654453845176
381300,2.2183033082589247,2.3954146410783244,154718.2592315587,3.647230991570943
381400,2.218750637863779,2.396046032791709,154754.5718144062,3.6480289440119313
381500,2.21937205640291,2.3966768837963737,154788.82712409206,3.6487624246399757
381600,2.219980316254185,2.3972920067657992,154826.79386835406,3.6493702038007476
381700,2.220442967048396,2.397919154599245,154866.57583609765,3.6500905784609863
381800,2.221055814827237,2.3983733220666235,154903.35887681562,3.6506789557279933
381900,2.2216510744401328,2.399144173202666,154939.87333562053,3.6514791283879378
382000,2.22225359679985,2.3998372214573154,154974.08454361977,3.6522823225146173
382100,2.222772450858472,2.400353948718714,155012.12012791936,3.6528343741168556
382200,2.2233969144785815,2.400991405027103,155046.54440622526,3.6534463759053115
382300,2.223953581893297,2.401711530852833,155083.96357067578,3.6541387867085704
382400,2.224431439377619,2.4021511354231913,155121.21727436877,3.6548033492692054
382500,2.2250506848322535,2.4025791952718607,155157.01857252343,3.6551892711987355
382600,2.2255169717045367,2.4031619289699675,155196.0697483721,3.6559584389049467
382700,2.225997709872905,2.4038417012416953,155232.0236828262,3.6565296553880717
382800,2.226631374022638,2.404427624496904,155273.1313637395,3.657407501238778
382900,2.227205237061071,2.4050495224763493,155312.20898933723,3.6579957411899757
383000,2.227730437364144,2.4056439171650545,155349.80246344372,3.658601569500505
383100,2.2283284964374475,2.406280582195362,155385.05717807924,3.6592090344992667
383200,2.2288795166377935,2.4070469284525324,155423.88025307638,3.659778028136716
383300,2.2294668696167967,2.4076460817583505,155465.4757578993,3.6602401754083655
383400,2.2300729628381495,2.4083702084751804,155505.43819185626,3.6606096842348848
383500,2.2305360153909306,2.4089497277022947,155546.4287156635,3.661278979031373
383600,2.2310710727104994,2.4094349731771483,155584.2835095371,3.6619432711878113
383700,2.231617042769198,2.410082268766931,155622.51045503424,3.662545308197403
383800,2.232147440857942,2.410768578713106,155664.1938267608,3.6632909515577228
383900,2.232612064748027,2.411439527719423,155704.28036540604,3.664126827471994
384000,2.233178006221442,2.4121782298991485,155737.95392395364,3.6646176356767834
384100,2.2337526434477497,2.4127851056469027,155778.8899576035,3.66533413236549
384200,2.234235010483159,2.413278300915758,155818.68959926142,3.6657046144204943
384300,2.234725940967248,2.4140138712415955,155857.3335951082,3.6663427641377115
384400,2.2353477782139803,2.414465786429229,155898.20453667163,3.666837719887059
384500,2.2359296050199298,2.4152278126371467,155938.6378773914,3.66759002327458
384600,2.2365589449760677,2.4157850600492496,155977.5020016488,3.668062792122442
384700,2.2370640629803984,2.4163825583674017,156017.24213350745,3.668633506659797
384800,2.2375446051582277,2.4167900459925686,156053.92941329835,3.6692327110414897
384900,2.2380072943910063,2.4172180456436325,156087.9511977876,3.6696656194021116
385000,2.238481195782831,2.417727541385657,156125.79363389325,3.670153024545246
385100,2.239007471991252,2.418280692563301,156159.98918394287,3.670919351188071
385200,2.2394948958873835,2.419031103203848,156196.32298829607,3.6714207076127545
385300,2.240063375247211,2.419604204447108,156231.8611420399,3.6719514282847228
385400,2.240638565148885,2.4200596906802496,156271.7162518089,3.672787320157601
385500,2.2411659022639774,2.4208159262035656,156310.50313503158,3.6734847291102946
385600,2.241657236053076,2.4212076290328874,156347.1263248775,3.673922429868535
385700,2.242144283936847,2.421629969210865,156383.20104889382,3.6743411665243704
385800,2.242729384212069,2.422299491825191,156418.30310441006,3.6751211019891876
385900,2.243215546961414,2.4228969398516877,156458.2391169682,3.675677801428913
386000,2.2437294873455653,2.4235066862007546,156496.50023012407,3.676045889506342
386100,2.244239866280744,2.4239817159265473,156537.32321499838,3.6767591557793686
386200,2.2448068416937725,2.4246098571356867,156576.73815780866,3.6776291979545728
386300,2.245275575031047,2.4251574349352043,156615.9692274676,3.6781842969459784
386400,2.2458653217274205,2.4258390080552736,156654.13903996008,3.678805911991145
386500,2.2464667306301678,2.426425221832842,156689.45443054583,3.6792883370376734
386600,2.2469743807484397,2.426949947806784,156724.31528989508,3.679954097053508
386700,2.2475851315601787,2.427634584734373,156759.05078765666,3.6805156527140617
386800,2.2480931945234075,2.4283015946801596,156793.50395635792,3.681063101700305
386900,2.248613119447856,2.4290422327991337,156828.3683893077,3.6817845026407965
387000,2.2491512753618133,2.4296142713427407,156863.84187871392,3.682527347920793
387100,2.24970541898943,2.4300595163585847,156898.2505205674,3.6830393426855568
387200,2.2503212053988277,2.430478147324726,156935.32829322192,3.683659904402302
387300,2.2507730270751605,2.4311696845846966,156970.80861763502,3.6841860560866384
387400,2.2513799024698256,2.431826346646878,157010.85183780277,3.685074736294879
387500,2.2519123689604963,2.432519559899259,157050.06604476031,3.6857726997094162
387600,2.2524067923850084,2.4329094585042172,157089.62874279474,3.6861804790432755
387700,2.252891572740558,2.433595975423222,157131.27089342353,3.686990706273908
387800,2.2534474133109432,2.4340050435230918,157169.8430357997,3.687444426457566
387900,2.2540424296718293,2.434518100015586,157205.33115938643,3.6878587391620963
388000,2.2546738377054742,2.4350051604345913,157240.47464639207,3.688436630759598
388100,2.255116334713091,2.435563898447592,157281.99772085145,3.6888823153615418
388200,2.255710431872242,2.4361896123751885,157316.08014363915,3.6895663053155068
388300,2.2562237348613134,2.4367892394810298,157355.561032499,3.690092593901486
388400,2.256713807163524,2.437369443917588,157392.21407906053,3.690918735478367
388500,2.257224295156786,2.438021729040121,157430.56884415686,3.69145885712481
388600,2.257750552978523,2.438774964905827,157469.00427571774,3.692330961918514
388700,2.258351656907267,2.4395303206679784,157505.68815313658,3.6929007313731876
388800,2.2588897952123532,2.44027836601222,157542.196447093,3.6935809544445566
388900,2.2593525788751454,2.440961399011605,157578.26305653265,3.693949247758495
389000,2.2598157578945073,2.441481219601497,157614.0150518556,3.6944498644562804
389100,2.2603629051059264,2.4419710895332942,157654.5486720059,3.6951384519801898
389200,2.260932995671646,2.442578844059526,157688.44356166248,3.6958125034067852
389300,2.261433210212831,2.443113271438186,157721.990422881,3.6964260755998635
389400,2.2619316048374825,2.4435146960142458,157758.27666363755,3.697293763366991
389500,2.262514814609396,2.444023648889503,157791.89434832413,3.69805943662464
389600,2.262978795731474,2.4444815115502827,157825.76464556038,3.6986972928874757
389700,2.263496354803583,2.4450548971824384,157862.33875113286,3.6993866213532334
389800,2.2639556664888874,2.44552944404463,157896.5631773089,3.700250876486953
389900,2.264541582869164,2.446256177733504,157934.46493090614,3.700737941077339
390000,2.265051614321128,2.4468318506959412,157973.84247168378,3.701126174146617
390100,2.2655573214119697,2.447378835831006,158013.70681140982,3.701928931938399
390200,2.2661574131497826,2.4478522693970497,158051.5073028133,3.7024950693172003
390300,2.2667383916386465,2.4482938954518625,158087.05693508938,3.703018202277305
390400,2.267236897621986,2.449052616281009,158128.24393425338,3.703793106267739
390500,2.26782126276689,2.4495444629191496,158166.2657886135,3.704224755449548
390600,2.2682680456379445,2.450023313124558,158200.51699377396,3.7047330184994145
390700,2.268874055063007,2.4505300951846047,158235.76742269547,3.705224255814941
390800,2.269418934154597,2.4511978598863897,158270.97445827673,3.705779003752413
390900,2.269987616713357,2.4516827433850237,158304.93849520743,3.7065716533146014
391000,2.2705553712609547,2.4522844730514084,158341.200436249,3.707015109598718
391100,2.2711700776646135,2.453028017491595,158377.3608110294,3.7079003605975425
391200,2.2716312316614427,2.453442070543349,158415.37331848656,3.708420849252591
391300,2.2721935183345736,2.4540396786115517,158451.56947739748,3.709095085147727
391400,2.2727985116139346,2.45474354659229,158492.89645002503,3.709898967907946
391500,2.273334334794181,2.455489833944395,158529.57112322777,3.710344782662464
391600,2.2739596505767214,2.456106620113594,158566.95300687035,3.7107857144620735
391700,2.2744598468343833,2.4565777957495087,158602.67825421906,3.711190102660642
391800,2.274915376632017,2.4573404424275913,158640.39384160383,3.711585630845586
391900,2.275471434484482,2.4578612341854216,158678.3525061937,3.712173333647054
392000,2.2759179282985937,2.45856785409852,158717.404606111,3.712571993429795
392100,2.2764751940760015,2.459083733598443,158756.2800603545,3.712952719641162
392200,2.2769817409996116,2.4598515759009567,158797.0576703098,3.713463431556568
392300,2.277521967223681,2.460363636443245,158836.95776084412,3.7140938836722883
392400,2.2780807901019657,2.461067873349119,158875.72462508953,3.714827620055285
392500,2.2787015789298417,2.461500036594741,158912.7986993987,3.715630177089506
392600,2.2791618902144744,2.462053955685271,158949.1501770748,3.7160025814703213
392700,2.2796093677572062,2.462656740502077,158983.34137918908,3.716818506162473
392800,2.2802111002676653,2.463161367767394,159019.32347716755,3.7176407496646067
392900,2.28080567133269,2.463884352554892,159056.28863954108,3.7183666199044945
393000,2.2813926319748674,2.464282375177618,159097.45048108627,3.7192450137987056
393100,2.281929116799671,2.4649667971596614,159132.19015817062,3.7198439690461775
393200,2.2824759547408107,2.4655071748370574,159171.44285095448,3.7203272853683234
393300,2.2829562520585736,2.4661138884916656,159212.4253688754,3.720807017093661
393400,2.2834063823157886,2.4666639857800585,159248.7321934165,3.721261914099622
393500,2.2839855193131147,2.4673533761133077,159289.03099068877,3.7217441299579006
393600,2.2844422572689993,2.4679115434563035,159329.94132837022,3.7221760642064683
393700,2.2849131312782376,2.468381554786932,159368.2031216109,3.722750893811003
393800,2.285490609644907,2.4689356977116566,159404.93043363947,3.7231224276107135
393900,2.2859435300700763,2.4695146719108556,159442.56937821172,3.723840746946611
394000,2.286567510375447,2.469909189350352,159476.44440331368,3.7243380071284546
394100,2.287012185823323,2.4703073371561435,159509.8825786345,3.725075281595751
394200,2.2874877658056474,2.4708960364899255,159551.00586041823,3.7257284231301857
394300,2.288018142014337,2.4716495368226816,159592.19124151667,3.726473906755375
394400,2.28857769356778,2.4723322273812527,159633.38418977155,3.7270638756474543
394500,2.289069571078114,2.4728445463609097,159671.84162735866,3.7277724395360874
394600,2.2895994452524713,2.473531549487051,159705.39714969127,3.728238887653465
394700,2.290191029417722,2.4739635500939303,159743.762517383,3.729087506165335
394800,2.290751831387952,2.47454671327871,159778.99337687978,3.729586766150953
394900,2.2913304929713854,2.475182724855211,159812.76359095087,3.7302683462822026
395000,2.2918603092503544,2.475654839198468,159848.47979829102,3.731052015596353
395100,2.2923740355426276,2.476180816040499,159882.2527139974,3.7315005632487575
395200,2.2928763036988524,2.4769076175485627,159920.8404020421,3.7323088042513377
395300,2.2934322274691015,2.4774413970576616,159960.31766803638,3.7331859584977494
395400,2.29397839270004,2.47796097678261,159999.96356344264,3.7339202180819724
395500,2.2944721994612642,2.4784900660100453,160037.515832254,3.7344846410924943
395600,2.2949905317783417,2.479215631146186,160074.67546913453,3.735359328433177
395700,2.2955093295819946,2.4799733823270804,160114.99283587464,3.7359273855981043
395800,2.2960884926746066,2.4806228184125594,160148.79207111488,3.736297646855747
395900,2.2966385397905937,2.4813057636862577,160190.058164567,3.7366639506225505
396000,2.2972022709099473,2.4819132053083734,160227.61604940638,3.7374498862604493
396100,2.2977227187799754,2.4823499189075395,160265.35390586194,3.7378238466205254
396200,2.29823774727904,2.4829022442848037,160299.02970002827,3.7385544825108417
396300,2.2987097484357926,2.483397621750186,160337.10775964952,3.739332285291102
396400,2.2992897911445405,2.4841608227671146,160371.63564262187,3.739863388498546
396500,2.299905523179881,2.4845610246328875,160410.77519853855,3.7402502404550257
396600,2.300355357046775,2.4851679057277103,160445.38887924165,3.7406216160089625
396700,2.3008719005409066,2.485931501217852,160481.84914133235,3.7414605351294368
396800,2.3013124573830632,2.486643627148613,160520.80064722817,3.7421764097009977
396900,2.301762901716737,2.487123213531226,160556.80267811002,3.7430060349787797
397000,2.3023622906777175,2.4877715233329667,160596.02692293533,3.743772208927774
397100,2.3028869640031417,2.4885222760171453,160633.30270592435,3.7442602746323113
397200,2.303362575187313,2.488939657729512,160667.19260485962,3.745016101448797
397300,2.303977312309564,2.48951059079985,160702.00962902055,3.745669851262506
397400,2.304563678349442,2.48998931331216,160743.33692540682,3.7461950261517396
397500,2.30506580633735,2.4906128483163386,160779.3218459649,3.746908731026363
397600,2.3055492276688283,2.491227056977073,160819.83897009632,3.7473944214987234
397700,2.306031566523183,2.491783301952395,160861.16429468952,3.748223505316061
397800,2.3065277852559944,2.4922098444486602,160898.37834653215,3.7490715047285676
397900,2.306977505548926,2.492931058048405,160936.6851060343,3.749548738990421
398000,2.3075747590974722,2.49356733455497,160974.48119559576,3.7500886440948595
398100,2.3080404199129103,2.4942044454342853,161015.15614154658,3.750499673227879
398200,2.3085164549051402,2.4947037952923248,161051.0007262522,3.750871379360843
398300,2.30910477545203,2.495341275323911,161084.64969147454,3.7515517299274888
398400,2.3096892836580345,2.4957680497969905,161121.32275669716,3.751964432932769
398500,2.31024801550956,2.4961756425408064,161160.8493147324,3.752385899686966
398600,2.310728632866995,2.496710874553197,161199.38234935762,3.752997370544833
398700,2.3112071643810963,2.4972089349196063,161234.64540646435,3.753705035137975
398800,2.3116621652273643,2.497796119634852,161275.05333686734,3.7545942784375703
398900,2.312132803572036,2.498380744911592,161309.86683974674,3.7553424811987806
399000,2.3126976451211716,2.4989325145199364,161343.60308581608,3.7560602309387727
399100,2.313213800189231,2.4994898432960895,161379.94597050748,3.7564856308589842
399200,2.3137898012812235,2.500088962141889,161416.19215526377,3.7571308611351792
399300,2.3142303702844473,2.500534531934318,161451.82753037455,3.7575651644119796
399400,2.3146961213018584,2.5009959624813236,161486.25126383582,3.758452818958862
399500,2.3151834458301863,2.5015746388826017,161526.25202417918,3.759303665617308
399600,2.3156811562936954,2.5022191692135705,161567.09242802236,3.7598288904834867
399700,2.316215115146736,2.5029157242796347,161605.7995166607,3.760386937828989
399800,2.316777030508564,2.503630157349692,161643.29126990426,3.7610737934336727
399900,2.317399982887111,2.5043602980990807,161681.65003367854,3.761860743229512
400000,2.3179215848112635,2.5048146901899018,161717.4195972717,3.7625905845092134
400100,2.318391994061634,2.5055432419905386,161755.68545736512,3.7631339108855135
400200,2.318922539245942,2.5061851635262125,161796.18767765872,3.763500638964399
400300,2.3193708718001784,2.506752299608785,161832.18118245216,3.764164122493176
400400,2.3198328683673677,2.507417724515381,161867.891294957,3.7649165605073818
400500,2.3203435995589934,2.5080971134979384,161903.45137579215,3.7654726926389697
400600,2.320904670528484,2.5086940332687995,161944.22059991694,3.76596779402114
400700,2.3214178935702305,2.5092147152322513,161979.6358128648,3.7665199431772938
400800,2.3218615359979395,2.509891387444315,162013.6906703434,3.7673213675722885
400900,2.322334669539457,2.510417592991053,162054.05319236868,3.7678455637747787
401000,2.32288466924619,2.511065485533155,162094.40039619847,3.768492546704394
401100,2.3234114055925867,2.511784949719099,162133.39929372256,3.76898552233886
401200,2.323994662784942,2.512518113573683,162173.11358903183,3.769808454129393
401300,2.324459456344748,2.5131330882382605,162207.3787405812,3.7706836054956674
401400,2.3249863537585957,2.5138942055194926,162244.26934119227,3.771524769032971
401500,2.325442166479108,2.5142897440191634,162278.87649280575,3.772378716330913
401600,2.325932667000459,2.514728163667559,162316.27550658476,3.772990042256658
401700,2.3264235634605344,2.5153428209680637,162354.60036004352,3.7737150881063886
401800,2.3270222972191643,2.5160097226395326,162395.59177268733,3.7744193368907735
401900,2.327500398901527,2.5166404813729337,162431.05979238203,3.7752454961306743
402000,2.3281108410672378,2.5170549257376824,162469.35625796742,3.7760800758135082
402100,2.328570783823341,2.5177019838855528,162504.4275651143,3.776894723464489
402200,2.329025270375033,2.518140334005337,162542.68720463075,3.7773605448825816
402300,2.329635203493131,2.5185633814314885,162583.7887103333,3.7781298190386687
402400,2.3301055332742893,2.5192627102124536,162620.76462794121,3.778932058284783
402500,2.3307128122937724,2.519836226521166,162656.31852538194,3.779818237538049
402600,2.331327922342555,2.5202695179416184,162689.89673200814,3.780249862543606
402700,2.3318962050740657,2.520773448890283,162728.31146517087,3.780854299669776
402800,2.332382857503264,2.5215007023913576,162767.9014369487,3.781552757129888
402900,2.333001834851732,2.5222376089741196,162807.09188721713,3.7823904593181576
403000,2.333529519129668,2.5229743772462907,162843.9041009571,3.783062823606783
403100,2.333966521097345,2.5234762206071566,162883.32536794065,3.7839075955135013
403200,2.334548044095731,2.523870359195419,162917.30206546307,3.7845380496121797
403300,2.3349957532010155,2.524375473156179,162951.04450929828,3.785378213054656
403400,2.3354912481872985,2.5248813834746398,162991.1271576938,3.7861706177916346
403500,2.3359563612248015,2.52553547821664,163024.54662833898,3.7870065548102483
403600,2.3363976440649425,2.526261902143311,163063.71170245894,3.7877191608237863
403700,2.336873389147726,2.5268330929491727,163097.05190798728,3.788240225757991
403800,2.3374348541101475,2.527392962433972,163136.90494231932,3.7887779921718634
403900,2.33798073337117,2.527796756932826,163177.70696227584,3.7895645992719498
404000,2.3384199830163235,2.5282141891668797,163214.11224002024,3.7903977697501605
404100,2.3388778777335815,2.528628594895394,163250.55235629386,3.791247044869199
404200,2.339334248655468,2.5293644209069925,163290.03892604116,3.7920701819029863
404300,2.3399582485399613,2.530022737443169,163324.15399835492,3.7927519600259063
404400,2.3403986462809225,2.530736774258357,163359.82468432025,3.793138657113973
404500,2.3410229509948595,2.531323807638703,163394.76744219867,3.7938749938107716
404600,2.3415770934129987,2.531925185247289,163430.3722431579,3.794488139682766
404700,2.342109068283637,2.5324664830868198,163470.5668651278,3.795200653923936
404800,2.342622851698564,2.5331422659043614,163506.64321558113,3.795969721532972
404900,2.343239293042227,2.5337928805978684,163544.1557277414,3.7963567866833223
405000,2.3437058248276745,2.53444240516542,163578.7186659515,3.7968380172214062
405100,2.3441690881132287,2.53510838873316,163619.1396372769,3.797312258877784
405200,2.344710045432153,2.535517071065611,163658.38730878034,3.7980573873608643
405300,2.3451735929274995,2.536159928978957,163695.29839894827,3.798520468569718
405400,2.345713364738755,2.536621753939916,163735.3771186499,3.7991682666005446
405500,2.3463398920194516,2.537007317997976,163773.56106445924,3.7998877177871506
405600,2.34690081990302,2.5376098412184684,163811.6377016391,3.8006051748131155
405700,2.347385253418838,2.5380287447165566,163849.2459045019,3.8011026174895814
405800,2.3479269839737467,2.538501546865453,163887.0843022005,3.801789344884879
405900,2.34848326049902,2.539158589885539,163923.04190160325,3.8025080613257596
406000,2.3490248098388773,2.5398009864365347,163963.57863146937,3.8029869383318364
406100,2.3495133982414558,2.540352668399669,164004.7552152223,3.80383378596654
406200,2.350074142316927,2.540817253686822,164042.80859009956,3.804199302166085
406300,2.350568046469776,2.5412366150218784,164076.19765073658,3.8048954026990844
406400,2.3510861483995833,2.5417730332963457,164114.88587167207,3.8056094371995397
406500,2.35157364491574,2.5423981826366986,164150.8139018902,3.8061497675680735
406600,2.3521615355766143,2.5428226989466247,164191.22993931,3.8069901765447898
406700,2.3527621264866543,2.543515847259704,164227.22463589517,3.807488173415616
406800,2.3533584790794104,2.5440382625485864,164267.24744896125,3.808332058296346
406900,2.3538929125611374,2.5444610767865146,164300.93293807283,3.808988122858798
407000,2.354421873728441,2.544869203503839,164341.0557625183,3.809648622112528
407100,2.354977433037397,2.5454403502564307,164375.51690166615,3.8105208532116546
407200,2.3555198652603337,2.5458709549949754,164414.65890978382,3.8110268542868933
407300,2.3559593164236032,2.546288907453691,164448.36594665254,3.8116375806091614
407400,2.3565231313066715,2.5468651828806697,164487.324959867,3.8121702745955166
407500,2.3571073563877527,2.5476281008223296,164522.33965876134,3.812860501405056
407600,2.357580128914841,2.5481698183852393,164558.59327817927,3.8134129676388793
407700,2.3581935671422283,2.5485863061316185,164596.97236726835,3.814299200929559
407800,2.3588086644735786,2.549040911639047,164630.77630084942,3.814759824329138
407900,2.3593664924315023,2.5496904963482323,164664.36350766933,3.8155913623511193
408000,2.3598689448068653,2.5502262383022227,164701.4886139905,3.816188701451949
408100,2.3603789107137714,2.550847049589095,164736.2941822891,3.816559115230602
408200,2.3608670167916346,2.55127763847847,164769.54299223947,3.817259954261865
408300,2.3613325639477507,2.5517391509087437,164809.17924637752,3.8180309868462667
408400,2.3618897920072905,2.5523308102942934,164845.60494952998,3.818877838968563
408500,2.36250253206593,2.5528908870040015,164886.7069738094,3.8195756802295633
408600,2.3631114525406987,2.55358948426996,164923.09897335886,3.820201132091351
408700,2.363702803305922,2.5542792956621696,164962.77329463334,3.8207169533882106
408800,2.364259054589211,2.5546900965044954,165001.36101183094,3.821346054086702
408900,2.36488282058765,2.555283961631814,165041.8815838721,3.822082875667891
409000,2.3653980013333977,2.5557572393527437,165082.47670017238,3.8226785367172096
409100,2.3658955369384684,2.556210604537266,165118.3901951968,3.823452807351123
409200,2.366392502278902,2.5566006777872197,165155.33227660158,3.8243294845226257
409300,2.3668778645059136,2.557051642847798,165193.42433871698,3.8249394728223054
409400,2.367327005053132,2.5575512408271277,165230.57494433143,3.825416851939858
409500,2.3677951947048923,2.5580202205384053,165264.56635098258,3.8262047335687512
409600,2.3682663679808376,2.5587329832736576,165298.4522496901,3.8270886300392735
409700,2.3687837650013948,2.5592876640267104,165335.31418495227,3.8276345478991036
409800,2.3693157782616363,2.559766337427633,165368.8865375921,3.828285099346929
409900,2.369936853235952,2.560470745785804,165409.59147496795,3.8288687478192363
410000,2.3705421549337564,2.560948445815686,165446.57733520237,3.8292742587892428
410100,2.3710306413662794,2.56166235798075,165487.6108495753,3.8297357584893037
410200,2.3716102100860357,2.5622199743622915,165527.54955378934,3.8302594144575037
410300,2.3721142416797307,2.562946134867892,165563.58269109126,3.830960268072931
410400,2.372591239933395,2.563503020345996,165600.44751744857,3.8314690020990243
410500,2.3731297796649455,2.564194229282734,165638.0851877593,3.8322499270316146
410600,2.3737030382488062,2.56469216831464,165671.87137465936,3.8329707352899596
410700,2.374179043484576,2.5654188982727204,165712.18825868692,3.833765939061926
410800,2.3747381346618583,2.5659446304210443,165748.95428059794,3.834387551955528
410900,2.3752669472398633,2.5665253973883564,165782.00923772712,3.8348233830606455
411000,2.375767469741768,2.5672300356832807,165818.2769497316,3.8352662287237846
411100,2.376243106223339,2.567731934119607,165857.68036289007,3.8357615405669767
411200,2.376825572231703,2.568137561809661,165896.94616042613,3.8363114835261762
411300,2.3773808149923856,2.568608438292306,165934.61211466906,3.837110778315646
411400,2.3778853613284845,2.5692360056577646,165972.71205496904,3.8379565364755828
411500,2.3783551791255615,2.5697637526285644,166010.8457596705,3.8387919174804095
411600,2.3788295181301957,2.5704739576927835,166043.86632949987,3.8391591804708356
411700,2.3794413872929385,2.5708994156724305,166081.2091228869,3.839698592555835
411800,2.379999840378931,2.5715362645188096,166116.1556456849,3.8401773120863263
411900,2.3806118600931514,2.572077293512741,166155.64655964408,3.840740494753787
412000,2.381072765615141,2.5725027385849146,166194.21983781108,3.8412644329007275
412100,2.3815743819667126,2.573092278508498,166227.64922125352,3.8418562215480088
412200,2.382043532131091,2.5734758787912484,166266.89660746307,3.8422395709995087
412300,2.3826240220105572,2.574038900314251,166304.39866142676,3.8429575278779122
412400,2.383176167787106,2.574465914417801,166342.08447655008,3.843430396704434
412500,2.383665958536363,2.5751226231503375,166378.39777881897,3.8441186831988454
412600,2.384287178946436,2.575811250646424,166416.72840987545,3.8446005096365248
412700,2.3847808054983024,2.5765293782030922,166455.57390474118,3.845092917002981
412800,2.385329262317875,2.577180843768901,166491.0958516623,3.8454839015734525
412900,2.385819430774923,2.577702163084353,166529.95225984044,3.8463699730981182
413000,2.386369867124509,2.5782582559145912,166570.5647503412,3.84707013781682
413100,2.386853222816617,2.5786475503804542,166604.18062433472,3.8476542805068004
413200,2.3874530735756925,2.5791547926743403,166637.86581129054,3.848368736322697
413300,2.388070929916916,2.5796141651234747,166674.46728737568,3.8487453869577175
413400,2.3885927891723675,2.580180823844577,166708.40562769707,3.8492249878297358
413500,2.389108937563916,2.5806280242758013,166745.27514175294,3.8498674022717534
413600,2.3895815484661105,2.5811745444401537,166783.04512757374,3.850662842466722
413700,2.390195206653234,2.5818602800113486,166818.0139797631,3.8512101835656867
413800,2.390762312311316,2.582475301456312,166857.8160548225,3.851885581056223
413900,2.391203376513218,2.5831050847231953,166896.0224492219,3.8524586607209383
414000,2.3916820563275754,2.5838475600494917,166931.38842048962,3.853044343350406
414100,2.392118023682091,2.584401387376387,166971.49390077763,3.853873926619023
414200,2.392730572967314,2.5850953393008456,167011.9657789614,3.8542769481129304
414300,2.3931912654646568,2.585562439997066,167046.1139856657,3.85507206724905
414400,2.393700238531653,2.5861814166489565,167081.67407891862,3.8556722552363496
414500,2.3942693224689364,2.586702113839756,167116.55982347214,3.8561293724089145
414600,2.3948519751671307,2.5872767320014187,167151.7634699162,3.856693776766271
414700,2.3954731118834585,2.5879914384099716,167192.23499509026,3.8575592731821127
414800,2.3959631412299496,2.588460754878223,167226.10449577172,3.858297295111308
414900,2.3965127893881544,2.5890729584968515,167259.07960645354,3.858844248903936
415000,2.397041806637834,2.589561281142513,167297.3122734783,3.8593605148935377
415100,2.3975941677323216,2.589978473525222,167336.17531118606,3.8598649057290246
415200,2.398173677497107,2.5905206577138973,167373.9687484506,3.8603077449446492
415300,2.3987924838058925,2.5912321936109115,167407.35056755453,3.860990733084723
415400,2.399353271985697,2.5918627526492655,167443.75850891872,3.8617378599525436
415500,2.399823516747516,2.59239757549183,167479.41143912377,3.862619878030106
415600,2.4003613534058754,2.5928188489754977,167520.33627534786,3.8633805520217126
415700,2.4008713055208943,2.5932613439261947,167554.64642243012,3.864028059375638
415800,2.4014238844080222,2.593694673530452,167593.86765410163,3.8648847048886132
415900,2.4018896117557342,2.5942376211376903,167628.48467452105,3.865283103767023
416000,2.4024809102568465,2.5948714901429795,167663.27265945432,3.866021501090811
416100,2.4029235992292817,2.5952802979149703,167699.12778161894,3.8667589629615997
416200,2.4034795926320247,2.5960073677878466,167737.62159998543,3.8674772846297554
416300,2.4039758481852185,2.596675348643284,167775.96662932629,3.8682543366345414
416400,2.4045581055050556,2.5972159964718635,167816.1715249401,3.8690507515986337
416500,2.405173048494055,2.5978855663473195,167852.9083300265,3.8695338196023155
416600,2.4057796569176735,2.5984463318653246,167892.05575205543,3.8703544504822776
416700,2.4062159020887695,2.598833301728582,167926.37121492796,3.8708625704942246
416800,2.406817961588794,2.5995177181480993,167961.3377043199,3.871712735013312
416900,2.4072679003791975,2.600163319939398,167995.77565637164,3.8721905637799106
417000,2.4078521980153123,2.6008855832669666,168033.2628031992,3.872897502315243
417100,2.4084043463962255,2.6015098496282447,168072.53782965496,3.8736227381826254
417200,2.408966782651511,2.602018870973618,168108.78958325746,3.8742091117610293
417300,2.4094316421286224,2.602718045179535,168147.85232593285,3.8749934724974224
417400,2.410007155536604,2.6033569055499153,168182.44189354696,3.8755182408168354
417500,2.4105808087428833,2.603874947712484,168215.95272377878,3.876039070480044
417600,2.411109703480981,2.6045563305261994,168249.46931705278,3.8765512097745516
417700,2.4116653522404348,2.6052197370315575,168285.2567293682,3.877114773362075
417800,2.4122855496892246,2.6059037748299936,168325.45003202654,3.8778048409177064
417900,2.4128122636510305,2.606419786144653,168362.398613266,3.8782367882006015
418000,2.4134312811361993,2.607090400531317,168399.03969621466,3.878725237816617
418100,2.413964948343994,2.6076062746986453,168438.80038626827,3.8792023964170137
418200,2.414555113651064,2.6083090558484283,168474.75347020762,3.8799057928047502
418300,2.4151227911643343,2.608856227868921,168513.75917162054,3.8802968467349257
418400,2.415696715224936,2.609522822226961,168551.47836117257,3.8807090919057914
418500,2.4161382364813115,2.6099936334496925,168586.73749343242,3.8813788874481263
418600,2.416706263466632,2.6107157519080406,168621.65969072364,3.8821788472248415
418700,2.4171815513068164,2.6111947821529,168655.01968575513,3.8830327444209174
418800,2.4176404760950527,2.6118160853774177,168689.54777666964,3.8834041598971103
418900,2.4182492777396094,2.6124802318286027,168726.6418553596,3.884117547520557
419000,2.4187559955116393,2.6129301701164676,168764.7753961656,3.884944432437085
419100,2.419283063867219,2.6135540655038954,168799.98416236872,3.8858179937048263
419200,2.4197269198845723,2.613938920115802,168840.33075501944,3.886475959260021
419300,2.420326000295501,2.6143810729468466,168875.52427906464,3.887103792783448
419400,2.4208878407632457,2.6148842965349792,168916.14642529096,3.887697698010594
419500,2.4214636087716643,2.6155586061394853,168952.81167684114,3.8884132110135052
419600,2.4220639308666816,2.616058784624097,168985.78610706344,3.8890111176014215
419700,2.4225871316991947,2.6167174549625796,169025.92017285852,3.8898341915830876
419800,2.4230790879874915,2.617428041270891,169062.20209296918,3.8902057103470584
419900,2.423640803213761,2.61790317732202,169097.25900964724,3.891038253346837
420000,2.424166199289386,2.618314933137112,169134.378980817,3.8915569375935677
420100,2.424754401031551,2.6187621734846265,169175.2444478477,3.89231528318047
420200,2.425304747198414,2.619265922109632,169215.90309467842,3.8930095869689545
420300,2.4258623486697717,2.6197905878009347,169253.01076777454,3.893645060729633
420400,2.426423486803831,2.620385265061233,169286.3842429705,3.8943616955503657
420500,2.4269650598086434,2.6209687153443517,169323.9570390902,3.894779684490135
420600,2.427458655321589,2.621536307881132,169359.12278156835,3.8952614291202456
420700,2.4279199922590453,2.6221161952860523,169393.9325105124,3.895945901611554
420800,2.428465945598635,2.622843386259723,169429.40174607912,3.8966061262107057
420900,2.4289044877067414,2.6234621546192316,169466.09594103615,3.897358048797386
421000,2.429431514268483,2.6240971502835304,169504.01237179956,3.8977921535555136
421100,2.4299683111076007,2.624773735931484,169544.36944066905,3.8983870156531295
421200,2.430481527355742,2.6254376762313125,169581.58273378923,3.8989286027049816
421300,2.431064703036055,2.6261503778146342,169618.95544650877,3.8993651878291775
421400,2.4316182363455328,2.6268800324173767,169657.54406238787,3.8998152040898524
421500,2.4321662792868386,2.6275771663375607,169698.34395225806,3.900438366484372
421600,2.4327377023300807,2.628091268143027,169735.5418409321,3.901047374083985
421700,2.433272759376141,2.6287187683658653,169773.36565588487,3.9017348561023133
421800,2.433756902757313,2.629154137403155,169809.74627854317,3.9021737538461077
421900,2.4342771765906472,2.629640862755608,169850.0813938948,3.9028478554546515
422000,2.4347843196261816,2.6303054578593814,169889.03642305173,3.9032235622656333
422100,2.435394420522487,2.6307243939522267,169921.89103973226,3.903641701061717
422200,2.435872563708339,2.6312606576583475,169960.11470469926,3.904464588688626
422300,2.436456060523142,2.6320062745968205,169993.6670202535,3.9049745500979376
422400,2.436916297347803,2.6327606822686964,170032.4221615183,3.9054777780509284
422500,2.4373554515454976,2.6334274204211567,170067.73176957632,3.906353249632804
422600,2.437945710783758,2.6338237247483383,170103.29542251464,3.907144150817266
422700,2.4385423338639,2.6342406730445203,170143.61964970935,3.9079870240011996
422800,2.439092776900671,2.63471603746694,170182.00105625333,3.9084661411563792
422900,2.4396969876293597,2.6351425408110543,170220.79789255996,3.908851342397863
423000,2.440129541452683,2.6355365655575334,170254.4668780807,3.9095713975157773
423100,2.440698950032949,2.635932738093681,170292.29932957928,3.9103278812320577
423200,2.4412416456291393,2.6364705714103476,170330.50013861983,3.9108011247472825
423300,2.441778681005302,2.637085281637755,170366.17205576124,3.91127311355923
423400,2.4423978132093866,2.63771834630929,170406.1214620929,3.911698209844034
423500,2.442921720380897,2.638179869840731,170440.83893438044,3.912088267232846
423600,2.443474147607481,2.6389257980066168,170476.93820060592,3.912588875299833
423700,2.4439943023631896,2.6396063167229187,170511.91618459753,3.9131623260190294
423800,2.444555717103451,2.640096417700274,170550.42481092789,3.9139726748224177
423900,2.444992426028856,2.640747353513481,170590.3229700194,3.9144979353450937
424000,2.445497790973756,2.641239254815493,170630.7251932435,3.9149276966696718
424100,2.4459787281512764,2.6416242766027764,170663.53858194398,3.9155034519097955
424200,2.4465126336861767,2.6422249843241263,170698.95280934835,3.9162382622455345
424300,2.4470626307132557,2.642705760137482,170732.74125062092,3.916953074774612
424400,2.4475981983258936,2.643128988550614,170770.28728073413,3.917547286028798
424500,2.4481243809744124,2.643560535721534,170806.0503607007,3.918369709515436
424600,2.448558602818923,2.6439865741416297,170843.5156562037,3.9189764448851108
424700,2.449168276195675,2.644696217089687,170882.5879631985,3.9194686274322823
424800,2.449775334660899,2.6452428183447547,170917.84920080024,3.920197595961202
424900,2.450218663332747,2.64589650124951,170954.53200771438,3.9205741620783545
425000,2.4506549508834463,2.6464007417492805,170987.38266026223,3.921202096646618
425100,2.451137717926658,2.647002146578162,171024.81077419384,3.92165927005307
425200,2.4517054304293393,2.6476481805762933,171058.56092812578,3.9221330454845655
425300,2.452297660959241,2.6482228724367127,171092.55081347175,3.9230054332324786
425400,2.4528083485877508,2.64879258682498,171130.20756318315,3.923496034514291
425500,2.4533376466095898,2.649432271239161,171163.37197115924,3.924047827004533
425600,2.453936647662172,2.649930357821847,171198.87118148114,3.9244523899729677
425700,2.4544056705991353,2.6505040051018183,171237.33454693924,3.9249070289139096
425800,2.4549776464541515,2.6509299151375787,171272.67073392126,3.9253601108322678
425900,2.4555865930706617,2.651373065823319,171310.8688011821,3.926085550220006
426000,2.456085630465123,2.6517618870612543,171344.4763376261,3.926692450325286
426100,2.4565327641781387,2.652335212982703,171378.95615551327,3.927505274380289
426200,2.4570218158777655,2.652749518799919,171415.65683954023,3.9279393367940747
426300,2.4575339831183785,2.6533618297120247,171451.252721568,3.9284162843791166
426400,2.45803527875742,2.654105432056385,171490.3754687927,3.9291726788192762
426500,2.4585519547604537,2.654641948892379,171525.6984539631,3.9296049697317215
426600,2.4589866900256845,2.65510190827911,171561.34606157924,3.929977950136168
426700,2.4594456644020637,2.655780779383428,171596.68800620214,3.9304929853571835
426800,2.459977871722035,2.6563866341038556,171630.1849308526,3.9311062825162644
426900,2.4604511126155293,2.6568820227507923,171663.55117178024,3.9317802144554728
427000,2.4610627292309224,2.6576219260264398,171698.97809496828,3.9324241008558958
427100,2.4615372044647006,2.6582994414530656,171734.1761399955,3.932796035881301
427200,2.4621020066522736,2.6587431991461763,171771.07448067586,3.9334347552975744
427300,2.4626582005010955,2.659250967763604,171807.4973369009,3.9339849849557296
427400,2.463158952876705,2.659742350984262,171841.14398645906,3.9343915831181158
427500,2.4636266927466743,2.66047853899519,171878.951869929,3.9347661992608685
427600,2.464232691841475,2.6609460760062253,171919.3202254637,3.935258642755701
427700,2.4648459454447567,2.6613973654447842,171952.92973489081,3.9358334569507236
427800,2.4653073379776886,2.6620212660891602,171989.6564642652,3.9366208088581716
427900,2.465923789328321,2.662605685788994,172026.39962661607,3.9372251534057945
428000,2.46638050310448,2.663041602400604,172059.8483183927,3.937760776746358
428100,2.466867355158812,2.6635896822430376,172094.3150153244,3.9385824318637637
428200,2.4674164459497496,2.663973548137228,172127.01202990388,3.939384827878088
428300,2.4678963897079935,2.66468154827279,172161.82715122736,3.939833621694225
428400,2.46840525118543,2.6653106803440494,172197.83173987071,3.9406603509538525
428500,2.4689925850550978,2.6658880729961507,172233.18031063754,3.9415323800200226
428600,2.469526000030701,2.666592447505378,172268.88670258672,3.94228457293162
428700,2.4701352257033493,2.6671296859565894,172303.74425844263,3.94296026384463
428800,2.4706498444273852,2.667690646191689,172338.77099668694,3.9436789827791876
428900,2.4712027735530957,2.6683959585271255,172372.3249469739,3.94444723445777
429000,2.4717734614403066,2.66892479390878,172411.31661324005,3.9448812286214228
429100,2.472258052268162,2.669584361828824,172451.32416115678,3.9455346377456357
429200,2.4728753647194535,2.670200016560533,172485.0037286297,3.9459543771720202
429300,2.4733372449710984,2.6707781982406726,172525.2853632111,3.946407901703559
429400,2.4738571238118072,2.6714958402505817,172559.49352992157,3.9472690713763052
429500,2.4742947319665243,2.672239369529501,172599.21891983677,3.9478641662202434
429600,2.474746918955115,2.6728715310305105,172636.1549033501,3.9485228247629807
429700,2.4752833518007593,2.673503051373928,172676.10933922732,3.949300291794036
429800,2.475746538947841,2.6739399615792996,172713.0753611443,3.9497255029991534
429900,2.4761946164902837,2.6743444854439113,172753.04179451955,3.950422466876672
430000,2.4767258224162165,2.6750516914181586,172788.59716974534,3.950806597503098
430100,2.477157058309642,2.675671456713903,172821.95697582426,3.951224470451771
430200,2.477635456182875,2.676106644585417,172856.06169564163,3.952087204798786
430300,2.4780772609526163,2.6765151252209747,172888.9567013989,3.952664321738813
430400,2.478597414864639,2.6769650151650284,172924.25430407285,3.9534039645722636
430500,2.479055696519846,2.6775000407826095,172960.3671873801,3.9537780408773733
430600,2.479624295129561,2.677921273000949,172999.94696446607,3.9544978373710853
430700,2.480228858376679,2.678394582698695,173036.33460666917,3.955022438664881
430800,2.4807725237865856,2.678898982428924,173074.33029494795,3.9554718203492887
430900,2.481287217659878,2.67957315863602,173107.42763841272,3.955970760947636
431000,2.4817289971219143,2.679985306444939,173146.45951110832,3.956837233425898
431100,2.482213479742319,2.6804580870791788,173186.59389701823,3.9572360282699237
431200,2.4827492268596862,2.680917251990057,173223.25169101125,3.957753949718524
431300,2.483309466973636,2.6815430711011046,173259.78635229953,3.958308585340816
431400,2.4838028440755253,2.6819815444186617,173293.51902772617,3.9587524458903007
431500,2.4843504757965538,2.6823721636364786,173333.92055937802,3.959313468936256
431600,2.484933132678664,2.6831231023463276,173373.76795145147,3.959840334019381
431700,2.4855407802224487,2.683569851326327,173406.58042289413,3.960259694974719
431800,2.4860861470258726,2.6841232007472895,173440.3066905466,3.9606888283718367
431900,2.4866671450850664,2.6846053393327285,173475.95686577444,3.9613490416674138
432000,2.4871939173168984,2.6851857513569195,173515.8765462929,3.961716954079163
432100,2.487705431776775,2.6858689309390895,173551.38835866828,3.962438837966554
432200,2.488201290008862,2.6863629913567664,173590.3561556096,3.963080442581737
432300,2.4887331906663146,2.6869103071407263,173629.62987265817,3.963773522188195
432400,2.489321799042054,2.6875593517967036,173667.3773691052,3.964138741751396
432500,2.4898475265337376,2.6882012015698122,173703.68030198713,3.96475205908749
432600,2.4904491543093767,2.6886566027691265,173737.2709192686,3.9656113669849704
432700,2.490984864812652,2.6892633658954943,173774.04119612172,3.9663889422512217
432800,2.4915747043358367,2.690003154837698,173809.58276077302,3.966943169194781
432900,2.4920360218009114,2.6904974002774016,173847.7735608397,3.967305235857394
433000,2.492579409809406,2.691209329093295,173881.24473333644,3.9679607694477834
433100,2.493126133735997,2.691889987201091,173919.93992516602,3.9687719094602
433200,2.4937042640975435,2.6924233471433063,173957.2977184532,3.9695805982487924
433300,2.4942677182637634,2.692961337184329,173995.56013982752,3.9702270890628943
433400,2.4948320664760057,2.6935367683772005,174035.5885341879,3.9708576946271177
433500,2.4953603452113495,2.6940949403429655,174074.517498006,3.971541687017246
433600,2.4958491467848294,2.6946841846902894,174112.26543182033,3.9721840695955124
433700,2.4964633247566685,2.69530825683394,174147.83685480803,3.9727962375574464
433800,2.4970612827532306,2.6960374353071552,174185.61308649727,3.9734517576258863
433900,2.4975464449361944,2.6966251205395175,174222.23418641542,3.9741947746157638
434000,2.498143532287264,2.6970206636016365,174258.63180013688,3.974883485580613
434100,2.4985921950647687,2.6976795668459537,174295.67017934838,3.9754813048288105
434200,2.499149659011323,2.698117292391561,174330.18678039694,3.9760225629995363
434300,2.4995889597971614,2.698723397690796,174364.5774057626,3.9767469726712346
434400,2.500153732161104,2.6992867108282286,174402.67542825,3.9771557607691097
434500,2.5007344833634013,2.6998010285147718,174436.53988003876,3.9775685618689223
434600,2.501237207098749,2.700523753245859,174474.31261208263,3.978384781952085
434700,2.50183855070266,2.701000507741608,174509.31417072707,3.9791696468400986
434800,2.5023600655324527,2.7015929610109533,174543.4515542562,3.9798655519533943
434900,2.5029474231998914,2.7022575758593557,174577.90463854506,3.9805689521604743
435000,2.50349340541213,2.7026910438966727,174612.05503337434,3.981122871972134
435100,2.5040002597341275,2.7033266423528692,174650.63948390223,3.981924420540679
435200,2.504539982252556,2.703816838859164,174685.8442640365,3.982527498689099
435300,2.5050534132097675,2.704227340350192,174719.83573857648,3.9831056675943897
435400,2.505552419795023,2.7046237074134853,174754.75855749467,3.9837856267028284
435500,2.506071458552525,2.705115287583302,174790.16217055023,3.9841963042319533
435600,2.5066637012353024,2.7056058497927555,174830.42833640252,3.9850518592232627
435700,2.5071619343122977,2.7060438670104667,174870.06733001492,3.985811660347396
435800,2.5075981148976267,2.7067562524842925,174903.2485482933,3.9862706259993503
435900,2.508201909133803,2.7071812797280113,174936.1458126014,3.9867708787112632
436000,2.5087285905988215,2.7076806240666182,174973.70137269565,3.987343707912597
436100,2.5092400497103498,2.7082938573312476,175013.59029398445,3.988014105079581
436200,2.509761415236683,2.708951473401923,175048.0787465949,3.9887044346516674
436300,2.510200494373892,2.7095989786725707,175084.3347856916,3.989187392686474
436400,2.5107996670512387,2.710215328303123,175122.76870574182,3.989996461259531
436500,2.5112977376323595,2.7109505200806163,175162.15841939184,3.9906053167921733
436600,2.511734301222212,2.711339561381521,175195.18639768104,3.991128095683305
436700,2.512299359333264,2.711998395761553,175228.4337063421,3.991748188845062
436800,2.5129073184254014,2.7125153538275595,175267.60472239435,3.9923812000715206
436900,2.513408749717833,2.713052400694896,175303.9846772558,3.99320685246644
437000,2.5138649933271067,2.7136048373938535,175336.5530459422,3.993798763651593
437100,2.514354530358437,2.7143039879233206,175375.30154017435,3.994453544362582
437200,2.514858531977222,2.7147091020420486,175410.50670677403,3.995191468820783
437300,2.515394840202454,2.7154523142471914,175446.04846230388,3.9960636436318056
437400,2.5159623357379277,2.7159648813561494,175482.27079145476,3.996586375251045
437500,2.5165631874312573,2.7165154831377056,175520.98970140194,3.997337399866005
437600,2.5171074608142945,2.717013577456448,175555.6445594266,3.998207174167966
437700,2.517640110088088,2.7177157036482735,175591.42610615978,3.9989243114712707
437800,2.5182378746497114,2.7182806835878224,175631.52109310258,3.9993479187854413
437900,2.5187405278764015,2.7189971303562523,175671.6191706721,3.999750092606718
438000,2.51925220777573,2.719504406292362,175711.8310792919,4.000232144033552
438100,2.5198429841139016,2.719920709099661,175746.67229144473,4.0007859808620445
438200,2.5204548887611935,2.720373324195032,175779.65896542685,4.001470629966026
438300,2.520887100255602,2.7208783021416947,175813.77437226952,4.002242383926455
438400,2.5213979806746654,2.721427510822282,175850.63107345623,4.002635144593713
438500,2.521895501076096,2.7219833192757195,175885.71702504548,4.003352909763313
438600,2.5224430168240737,2.722456396950337,175926.09958061823,4.004153600243501
438700,2.5229614020927245,2.7228890885991075,175961.14931284855,4.004899689302609
438800,2.5234758798769112,2.72349900119805,176000.9783841342,4.00548308871482
438900,2.523972570361367,2.724223360012296,176036.34943597653,4.006259020334558
439000,2.5244726922931466,2.7248925575633325,176070.0536767883,4.006715580415494
439100,2.524963846160248,2.7256075941927667,176108.8255952947,4.007326429164301
439200,2.525558095694609,2.7262642344611727,176146.31469816575,4.007731045898376
439300,2.5260524915129334,2.7269315164783796,176181.24636164223,4.00852316019958
439400,2.5265390676579926,2.7276581593207223,176219.14681178695,4.009032126218171
439500,2.5270230121129216,2.7283370660413993,176256.6648593372,4.009873364159465
439600,2.527624345795064,2.729054796681217,176294.06435024375,4.010270129598709
439700,2.528207215774134,2.729494518740937,176333.453575446,4.010981061264681
439800,2.5286739510971463,2.7300340897080786,176366.22432218402,4.011810687926969
439900,2.5292202353817244,2.7307016515566986,176405.50193406377,4.012589693390766
440000,2.529679610081305,2.7313763548037255,176439.2766020062,4.013073795605074
440100,2.530288849786304,2.7318359688468923,176476.9153582062,4.013808238270396
440200,2.5307982395785626,2.7323765063356715,176513.87998833726,4.014465046037186
440300,2.5312247093839586,2.7330034439256723,176552.7337239301,4.015050665780733
440400,2.531798400670208,2.7334996037378483,176587.6036828692,4.01541591419044
440500,2.5323220197793903,2.7342291729001564,176624.7262405955,4.0161303714439445
440600,2.5327835659573097,2.7347115630139407,176664.0728808579,4.016567197610787
440700,2.5332927363174496,2.735261824572565,176700.67260177134,4.017429381498121
440800,2.533734591262341,2.735748998837556,176739.70714705443,4.017840325488297
440900,2.5343223940035533,2.736218535616703,176778.43965190023,4.018574603306837
441000,2.534912783070333,2.7367201646976027,176816.10420547813,4.0189829911718125
441100,2.53549117817935,2.7371534608241372,176856.41568446677,4.019495811544642
441200,2.5360974530456795,2.737536428410443,176894.9970685858,4.02007234151156
441300,2.536541452676132,2.7379710869523968,176932.51984670473,4.020682513313592
441400,2.537052736335613,2.7386264544986316,176968.87874990376,4.021396489905748
441500,2.537514116166868,2.739172956180267,177003.839392882,4.02217764424504
441600,2.5379515630091274,2.7396748437378955,177042.7543110013,4.023002166728402
441700,2.538419310217242,2.7400754430963503,177082.3007659623,4.023522461683606
441800,2.5389436964822076,2.7405676658030456,177122.11340369395,4.024070579797645
441900,2.5395440838531096,2.74097669999668,177162.0329324644,4.024714485083672
442000,2.540097891555804,2.741651143571614,177202.21607432116,4.025311803541327
442100,2.5405928975997423,2.7421050462983523,177235.43175262853,4.025719915741704
442200,2.541085418851633,2.742781362761296,177272.35634090207,4.026176240995385
442300,2.541665178427504,2.7433335253759514,177312.56454688392,4.026854886982545
442400,2.5421168422913865,2.7439783993779367,177352.82427339774,4.027490532933416
442500,2.542550516913315,2.744679422719153,177391.52612830297,4.028334475244849
442600,2.5431269063745385,2.7453071373823414,177429.11712633297,4.028980204183223
442700,2.5436591980483634,2.7459515567526456,177467.69877387112,4.029465813752704
442800,2.5441900583492143,2.7466781341391875,177503.6598291037,4.029956642717094
442900,2.5447801655035907,2.747175804624952,177539.78705070424,4.030356932182376
443000,2.54529499296058,2.7477505740047294,177573.46301062574,4.031065227544621
443100,2.5457467733684456,2.7482757485714124,177612.6673024326,4.0318683702767455
443200,2.546298934934317,2.748760176253605,177647.3625993444,4.0324642480195525
443300,2.5468948393167334,2.7492499913157773,177686.26198867906,4.03326942764601
443400,2.5473916377112817,2.749657396360362,177725.5098897793,4.033677606669409
443500,2.547932979521541,2.750333268970643,177761.11719845654,4.03421449676503
443600,2.548392996521634,2.7507772426711687,177794.14958832905,4.0345794736913705
443700,2.54888395642308,2.7512311886972607,177830.4982859429,4.035139071762659
443800,2.549408588755032,2.7516894072434424,177870.20382644853,4.035945676545729
443900,2.5499307617914466,2.7522653065790066,177906.47853146424,4.036325049634603
444000,2.550467172772788,2.7528759579799016,177939.44458468436,4.037158952586837
444100,2.550960336990246,2.7534329134565483,177973.02941510855,4.037973272159599
444200,2.5515176435690794,2.753984560407989,178006.52458079756,4.038792770869968
444300,2.552119770030921,2.754463754503143,178043.59413427013,4.039488569159045
444400,2.5527115605045934,2.7551980970138366,178082.66598613717,4.040229392142287
444500,2.553221368520396,2.7558770273329216,178122.65187592426,4.040587947414786
444600,2.553695749515687,2.7563752747739123,178155.1945819252,4.041392149415874
444700,2.5541835585903603,2.756795612060572,178193.82805203844,4.041877181445889
444800,2.554641974406077,2.757313456874702,178231.38488691972,4.04252788218208
444900,2.55522190912821,2.7580127136145864,178267.96286404578,4.043159820185885
445000,2.5557971920446816,2.758692112305702,178302.29142737426,4.043837807427797
445100,2.5564001941697545,2.759211066616635,178338.28653633565,4.044634386860847
445200,2.5569745092982554,2.759731780814255,178373.84276130644,4.045353933183867
445300,2.5574115590595485,2.7601671716420633,178412.08039202742,4.046042787550955
445400,2.557971889099934,2.760720590863185,178448.87972849893,4.046783310213095
445500,2.558428030193727,2.761125299750051,178487.4782412289,4.047397503475557
445600,2.5588602038705246,2.761862896269815,178521.2053007556,4.047875934549277
445700,2.5593853129132156,2.762347939898491,178554.1310753143,4.048519130792203
445800,2.5598739838178863,2.762798882886203,178590.003995465,4.049177785849596
445900,2.5603850065768206,2.763265889168434,178625.2908627073,4.04953666669431
446000,2.560883965363368,2.7639468158602836,178661.05830672962,4.050300550128601
446100,2.5614579736429377,2.764625754196126,178698.53162959905,4.050671091944176
446200,2.5619590656558002,2.765132364290388,178732.7963346797,4.051088870903768
446300,2.562416864639723,2.7657265256923584,178772.46461690564,4.051570612200638
446400,2.5629455003849753,2.766213085269852,178808.31805873787,4.052165152010825
446500,2.5634697026053774,2.766667777138771,178845.79803990264,4.052946456448155
446600,2.5640431946642495,2.767370760235228,178884.9815088674,4.053619920266306
446700,2.564648879288248,2.7678027061826374,178919.0788515231,4.054032299769388
446800,2.565166752083924,2.7684220818505505,178951.7766306942,4.0548824214157415
446900,2.565632623629323,2.7689540340643557,178990.52668295134,4.055580340447231
447000,2.5661237281228892,2.7693397305802163,179023.11195740566,4.056310674967174
447100,2.5666888420377427,2.769989838205357,179057.6860621804,4.057099188873095
447200,2.5672653698251624,2.770508633390992,179093.9520392092,4.057474427659793
447300,2.5677308660279277,2.7712500515521503,179133.1028938748,4.05819424058835
447400,2.5682938163603777,2.7717195696616295,179166.34731079062,4.0586776078965645
447500,2.5688707331236227,2.772212679671329,179203.87113465837,4.059239685009172
447600,2.569333433570236,2.772784410290549,179236.325528789,4.059700378729507
447700,2.569910396691657,2.7732882951163393,179271.60594523212,4.060068334174275
447800,2.5704877680201696,2.7736631444926934,179307.55301823455,4.060766946972365
447900,2.5709857271527135,2.7741350710870964,179346.51335464427,4.061507398970686
448000,2.571505495044615,2.7747740239180874,179385.79007018326,4.061931822890008
448100,2.5719510175362705,2.775152693542365,179423.60509334516,4.062568415232309
448200,2.57247880679769,2.775794396270569,179462.4238867966,4.063346530248618
448300,2.5729936635260438,2.776392506079037,179499.76518284343,4.063905895918245
448400,2.5734266723885635,2.7770841887659223,179534.98022461784,4.064729024077003
448500,2.5738810298455443,2.7776552332913433,179572.34201740118,4.065530663749267
448600,2.5744505520992056,2.7780370339022116,179605.6153730404,4.065977152169861
448700,2.574952731693858,2.778748776426972,179640.85945211683,4.066365051085232
448800,2.57545445927572,2.7794203134703777,179677.80667573807,4.066971496165679
448900,2.576057224989803,2.77995696146077,179717.45785528657,4.067400464596385
449000,2.5765814563562772,2.78051224573963,179754.68994984793,4.067882251553485
449100,2.5770486947446662,2.7810811845898304,179790.71024393043,4.068706343888953
449200,2.5774981036902656,2.78172938304637,179829.64986941707,4.069440032626733
449300,2.578006876978723,2.7823468104310605,179866.36472997497,4.0700562479860345
449400,2.578599223148049,2.782737977400713,179901.90706170013,4.070418192008626
449500,2.579147889681687,2.7831785460130916,179940.58938849336,4.07113602799207
449600,2.579572217466005,2.7838270224221033,179980.60459996999,4.071654246791851
449700,2.580035492977817,2.784267314644724,180015.90971238128,4.072020056950509
449800,2.5805573364045626,2.7849187274143596,180051.50795702662,4.072524636934775
449900,2.581079626074563,2.785343351376328,180091.08839349443,4.0730930892332715
450000,2.581563441479332,2.7857389412335696,180125.61521037726,4.07370386223274
450100,2.5820012847804144,2.786186818510992,180159.01178672627,4.074443165910816
450200,2.582467046592735,2.7867995079799455,180197.18658505686,4.075272218802808
450300,2.5829900390200313,2.78725953984642,180231.04992842523,4.0758575103068235
450400,2.583576279720947,2.7877772515450685,180267.2131380447,4.076528478826932
450500,2.5840889060925436,2.788339328424091,180306.27660387906,4.076961718607656
450600,2.5846287414865134,2.788914868285815,180340.47651482528,4.07768922220789
450700,2.5851726173011667,2.7894437468267284,180373.4804130463,4.078250868001199
450800,2.5857066611235457,2.789977096773519,180410.79328461605,4.078769317519804
450900,2.5861602088600186,2.7904716704083103,180444.45430371852,4.0795701694320385
451000,2.5866395985472885,2.7910912728391364,180477.01698582977,4.080330496868904
451100,2.587114172083097,2.79173136101151,180510.6561861305,4.080833796522132
451200,2.5876595095068557,2.7923998219397093,180546.9510461976,4.081651655763039
451300,2.5881179186073595,2.7929189884938466,180586.27560908557,4.082282060813847
451400,2.588590146446484,2.7935745061701107,180625.55846189172,4.082760396038285
451500,2.589038999307087,2.7942463445132466,180659.17200478862,4.083474177922907
451600,2.5894642831288803,2.794821426317679,180698.33303171294,4.0840462141339025
451700,2.5900575709935585,2.7953485179674797,180731.9853084315,4.08472062749185
451800,2.5906356270828157,2.795985847882914,180768.79372998545,4.085439510389955
451900,2.591224378447556,2.7965510457761735,180808.01192877712,4.086053846811595
452000,2.5918094935288374,2.797240210240949,180845.95134310238,4.086714524028591
452100,2.5923380614528506,2.7977660786949845,180880.42090889497,4.087334645673865
452200,2.5929456821397743,2.7981807938483025,180916.59493369277,4.087914875295374
452300,2.593438151421673,2.7985748119096763,180950.49101053286,4.088381098383485
452400,2.5939328976510927,2.798957089327562,180986.1140302428,4.089226062016884
452500,2.594500625239157,2.799508400267191,181025.70968812684,4.089996623744127
452600,2.5950151929200413,2.800095496311876,181063.74835136379,4.090456180948664
452700,2.5954625829247244,2.800518797250261,181097.12611195547,4.091236690800084
452800,2.595945352439819,2.8010043633583144,181135.62151213305,4.092049262351485
452900,2.5964653032699916,2.801490252692333,181172.5477471928,4.092458165036017
453000,2.5969755912207324,2.801967286892035,181206.46334372988,4.092858866835471
453100,2.597435487596531,2.8024187601817743,181240.23109485905,4.093248059685849
453200,2.5979811022658015,2.803033935349469,181276.24325861924,4.093736473642379
453300,2.598545225860967,2.803473678921697,181309.15231129812,4.094351227935167
453400,2.5990935085568645,2.804042558221981,181343.4975149593,4.094853100507165
453500,2.5995553519342227,2.8046306833790053,181376.03609308554,4.095477393452719
453600,2.600149563158589,2.8050894359506926,181414.9502045191,4.09591834845984
453700,2.6006455366477756,2.805671520037509,181454.61775446308,4.096727783934788
453800,2.601152249580276,2.8064045337972408,181492.50380627826,4.097168725254968
453900,2.6017394222252954,2.806825072645917,181530.5293361423,4.097619367695406
454000,2.602233858224334,2.8075427937612565,181570.3511834661,4.098291525111956
454100,2.602713797486307,2.8081656850297625,181607.00697918725,4.099147253523497
454200,2.6032908808135695,2.8086681865184837,181645.40569283778,4.099873978708324
454300,2.603775050968726,2.80935663332329,181680.62714596794,4.1003674908315695
454400,2.6043207153808456,2.8099809802119506,181718.1211409525,4.101025300963456
454500,2.604891624354936,2.8106512287027647,181751.14024315603,4.101515197989137
454600,2.6054584262664404,2.8113866913831433,181784.55310569706,4.1019937459920754
454700,2.605931348303762,2.8117746572962705,181817.79394871512,4.102731876776943
454800,2.6064076378359884,2.8123041133137407,181851.45378594327,4.103328357142973
454900,2.6069605344382545,2.812722331006224,181885.38782788644,4.103881848303901
455000,2.6074073186378652,2.8133933174933543,181921.99767490136,4.104690373073558
455100,2.6079759761881265,2.8140125664872593,181959.99914906805,4.105431774912479
455200,2.6085097378441855,2.814437055109934,181996.27240847712,4.1061009796655155
455300,2.6089350285916746,2.8151528938787056,182029.84403004168,4.106660434314231
455400,2.6094088440442698,2.815643360716571,182067.88262185515,4.107197986393891
455500,2.609846489202869,2.8161048331465044,182102.8556965502,4.107848370437864
455600,2.6103168621055803,2.816587340254538,182136.01893963685,4.108613550239172
455700,2.6108280258565313,2.8170436681054345,182171.26388556563,4.109443595793392
455800,2.6114159041292835,2.8177041613149294,182206.74128991453,4.110300008933767
455900,2.61184664947348,2.8181454067759866,182244.44922690166,4.110797082933087
456000,2.612439423539339,2.818809333593108,182280.06563289973,4.111352130917825
456100,2.6129365013361787,2.8193577625216766,182312.36146511193,4.111935059043556
456200,2.6133607288100555,2.8197732505546895,182350.4556499006,4.1123852409464785
456300,2.6139063950276147,2.820172709491361,182387.5231399411,4.112772103512429
456400,2.6143351464336275,2.8205883414343242,182420.57130670967,4.113181333197352
456500,2.6148481159138885,2.821206923847646,182456.09158384585,4.114014348357856
456600,2.6153733072883725,2.82179283339573,182492.55162019318,4.114790170457
456700,2.61580304167851,2.822193771465381,182529.28660253747,4.115318156390904
456800,2.616362931635263,2.8226428571546225,182562.85661694317,4.1158141029715285
456900,2.6169640479670324,2.8232296105389225,182597.97158695644,4.116195385743223
457000,2.6173951437306977,2.8236998404019378,182631.7524072787,4.116849739781102
457100,2.617849391379627,2.82409855991055,182670.21082209444,4.117491810031185
457200,2.6183003187599456,2.8245392653129824,182709.95413636306,4.118150407945233
457300,2.618810981788678,2.8252511983219857,182747.14807273628,4.119010743845569
457400,2.6193323147185343,2.825976230486667,182784.59596245133,4.119657737750673
457500,2.619891300411537,2.8263502299676206,182819.80212695932,4.1202345334610415
457600,2.620325075038427,2.826835979220789,182856.25488055477,4.12065410003319
457700,2.6208685105921994,2.8272980755796104,182891.7699465214,4.1212088723053135
457800,2.6213559102954616,2.8277534961075395,182927.83771454357,4.122066029281995
457900,2.621814423059495,2.828295650792875,182962.9930691362,4.122801781281639
458000,2.6222505346529665,2.8287460717917656,183001.2130329497,4.123412363236494
458100,2.62272028931053,2.829329711532263,183036.0801822462,4.124124750927368
458200,2.6232810341442736,2.829916486225837,183069.82497641718,4.124604377848045
458300,2.6237903089360795,2.83054624219455,183107.1183373065,4.125153810921155
458400,2.624223069117944,2.8312417501324325,183142.91250549274,4.125610037713086
458500,2.624782159323438,2.8316598653084375,183181.71738477147,4.126077964388662
458600,2.6252889962407266,2.832274692266695,183214.14083726896,4.126606510444854
458700,2.6258605260278087,2.832898049044257,183252.53416064393,4.127372428701506
458800,2.6263270392615854,2.8333844040569924,183288.26053974274,4.128048934767453
458900,2.626916779444782,2.8337891416655916,183321.6018185819,4.128569549441978
459000,2.627414113418218,2.8344940441072777,183355.62782412992,4.1292272903799265
459100,2.6279629529136614,2.83497877416993,183388.41714937618,4.130074561555001
459200,2.6284931710613275,2.835600031179937,183420.4220462518,4.1304545766323235
459300,2.62900709533507,2.8359952246185163,183456.34208552525,4.131000994074379
459400,2.629547605430648,2.8364244706543023,183490.88948113128,4.131406897542501
459500,2.6300733028214593,2.836845475621579,183527.80541117606,4.131909404586979
459600,2.6306045115505254,2.837495415483711,183560.65171806136,4.132335501309859
459700,2.6311462823842207,2.8380601045677465,183596.3767040649,4.133031840952096
459800,2.6315782952047986,2.838509489202955,183628.77983649107,4.133831671860117
459900,2.632096021381828,2.839161671305665,183662.71574712018,4.134208573993092
460000,2.632666195401408,2.839693823418247,183697.56392394778,4.134867746942628
460100,2.633089695123792,2.8400967988515196,183732.6442263012,4.135509204598257
460200,2.6336546335275184,2.840827752025291,183766.52685657487,4.136080477623427
460300,2.6342140945025267,2.8412744393050198,183803.8954539093,4.136875837400359
460400,2.634652876279249,2.841963679468234,183839.5265806682,4.137274594364822
460500,2.6350967834377808,2.842602037139123,183878.39827777405,4.137740302293018
460600,2.6355965979066855,2.8431251275466454,183912.0373590196,4.13845136302213
460700,2.6361153465377667,2.8437116549394683,183945.71897021236,4.138973064057127
460800,2.63657534167742,2.8441047736693412,183982.76332448883,4.139775721000699
460900,2.6370259873835167,2.844497864843591,184018.90783311872,4.140259611699462
461000,2.6376173160945413,2.8449268213942283,184052.08565398635,4.1408978512400205
461100,2.63804136474088,2.845342266981997,184090.70723377756,4.141532307768104
461200,2.6385014468326426,2.8457902667938746,184127.81865255706,4.141982919253294
461300,2.63909263786914,2.84624654299563,184165.30992113362,4.142634476806734
461400,2.639614342819416,2.846881905483757,184202.040936871,4.143261932180508
461500,2.6402053444805653,2.84729696559616,184237.4849128792,4.143653363495798
461600,2.6406863491538615,2.8480268057783364,184271.2596999248,4.14429477609581
461700,2.641217293509371,2.8486138454817,184307.67519105927,4.1448694804732735
461800,2.6417375232681137,2.8490465129498617,184340.51161694326,4.145231315652917
461900,2.642324155018176,2.8494570680925997,184379.67860515113,4.145964196069246
462000,2.642804129969862,2.8498997390393073,184414.90649939486,4.146698232648317
462100,2.643374213591611,2.8503141756815085,184447.73316425658,4.147384729592397
462200,2.643804528211159,2.8509851463902964,184482.4763526026,4.147959079632063
462300,2.644350955371659,2.8514221463452687,184522.17982476894,4.1487587195009406
462400,2.6449132004638174,2.851913363436947,184559.53340615772,4.149426121931037
462500,2.6453480339261053,2.852474347560356,184594.16230003745,4.150031523462833
462600,2.6459104682126022,2.8531083188263393,184628.92256426136,4.150443021233818
462700,2.646393778648073,2.853530773528893,184664.39168721644,4.1509759337333145
462800,2.646953460644905,2.8540923614741263,184700.02422156438,4.15171326002868
462900,2.647550294339905,2.8547092562920144,184736.88564412502,4.152264369004888
463000,2.6480176747348407,2.855126343403394,184770.6416530953,4.152709042639644
463100,2.64852514663986,2.855644584051292,184806.65335142743,4.153265029798287
463200,2.6490305122911946,2.8560796420858408,184844.47682812193,4.153914505837013
463300,2.649454757893748,2.8566976864451887,184878.2281262051,4.1546992510684335
463400,2.649909466057243,2.857187767421831,184911.3579769064,4.155550705790441
463500,2.650439078118717,2.857630157703282,184948.0272646975,4.156133675451737
463600,2.6509518726387076,2.8581416185194373,184982.5343788265,4.156490699569767
463700,2.6514546222527673,2.8587566486630487,185019.71608577177,4.157093935590105
463800,2.651921017500993,2.859380776933144,185058.27462754725,4.157837382266177
463900,2.652454629936716,2.859986927306348,185091.65152478844,4.1585536519141035
464000,2.6529210462881925,2.8606225940782157,185124.03970638287,4.159044525936242
464100,2.6534001745170404,2.8612255989982183,185162.1836968111,4.159897495802812
464200,2.6539262269998765,2.8617180218368725,185195.21085608553,4.160467700170726
464300,2.6544752202177913,2.862159189237363,185232.87982022262,4.160930333826236
464400,2.654915850048169,2.862560780951048,185266.8091346017,4.161488173500372
464500,2.6553486831930773,2.863053668105154,185303.13009010366,4.161980272896538
464600,2.655851626637434,2.863548751901919,185340.28979332795,4.162549261154926
464700,2.656373230197938,2.864273944592842,185379.06602151238,4.162936467786663
464800,2.656973052891972,2.8647083227693604,185412.96767853876,4.1636268296607915
464900,2.6575678177041526,2.8651395837539573,185445.42057437604,4.164410272462002
465000,2.6581588084521535,2.865807877956891,185481.3420996131,4.165048041169283
465100,2.658728955558651,2.866426485484245,185519.47667428976,4.165527862958044
465200,2.659215541796184,2.8669143625574813,185556.81079910067,4.166273447544766
465300,2.659741065019116,2.8674484439381414,185589.26863736787,4.1668791653253345
465400,2.6603213834627177,2.8680918619796336,185622.94689282213,4.167343569824948
465500,2.6607969126059094,2.8686971377968353,185658.53014487424,4.16817330353449
465600,2.661265968391103,2.869344302297056,185692.9006874197,4.168679032353266
465700,2.661797877448226,2.869722153564668,185728.8738574853,4.1694808353349755
465800,2.662320444410884,2.8703395811103896,185761.42736029692,4.169833209488298
465900,2.6628309679586604,2.8707390886593664,185797.26411862214,4.170479862463771
466000,2.6632681466876686,2.8714650217619546,185835.4802080781,4.170894753793058
466100,2.6638348111382686,2.872033454611648,185873.51404047202,4.1715000705615966
466200,2.664384039753743,2.872421305224575,185909.86402140756,4.172178577530715
466300,2.6649320792532385,2.8731440450420695,185945.61475288536,4.172721854166012
466400,2.6654082943275763,2.8736985720236263,185982.67308100103,4.173399257351806
466500,2.665960333704646,2.874298221481373,186015.28775755418,4.174040856832822
466600,2.666525538104727,2.874767454176252,186054.71831045396,4.17451322597548
466700,2.6670113198110137,2.875156695419868,186089.99408080912,4.175101814575944
466800,2.66744521434554,2.875592005432343,186127.15965863224,4.175794792243119
466900,2.667999894656761,2.8760620349373265,186159.93462423133,4.176470194443062
467000,2.6685621912732733,2.8765663440762865,186197.3818826428,4.1773005554244556
467100,2.669106417803039,2.8770938495559775,186233.80856568363,4.1777138124319855
467200,2.66959992967417,2.8776324668465776,186266.61776467826,4.178427411106411
467300,2.6701212693333054,2.878355005736249,186305.55776464497,4.179230958295518
467400,2.6706001276990556,2.878734641651043,186338.91673114113,4.179997064629693
467500,2.6710531108922884,2.8793034330414478,186377.53931175172,4.180759377767484
467600,2.671501757086986,2.879805657559986,186412.74057493915,4.18153162426087
467700,2.6720277641590413,2.880299730832387,186447.5735232741,4.181992946658272
467800,2.672472927314742,2.8807729938335727,186482.62435652065,4.182394878986175
467900,2.672925731572011,2.8811448277730056,186518.42658701228,4.18282465578762
468000,2.6734838451043696,2.881743586000284,186557.81487302014,4.183503816318348
468100,2.67394673787574,2.8823182244014562,186596.46172415797,4.184296110329636
468200,2.674540599343407,2.8827895604414264,186632.82971027595,4.184987100523888
468300,2.6751028338614735,2.8834507509566007,186669.91920345812,4.185680063351837
468400,2.67557927244939,2.884138163694199,186702.2823937799,4.18603132878975
468500,2.6761353906829175,2.884814639850397,186736.04911610737,4.1865646984979845
468600,2.676561948769589,2.885312956313824,186770.64209260925,4.187292253096212
468700,2.676981388143931,2.8859542789096406,186804.99855672836,4.187892349605466
468800,2.6775143212266053,2.8865008283224114,186841.9059078341,4.188430400590668
468900,2.678036579745417,2.886911412095094,186873.92072780454,4.189028829525853
469000,2.6785920391939295,2.8875694809870645,186907.83482836734,4.189828041492165
469100,2.6791796420671776,2.8882393336697856,186941.58254028726,4.190281392472904
469200,2.6796673050270092,2.8886630361004744,186980.9332531495,4.1911111976885875
469300,2.6801145134874216,2.889110567484832,187012.9237539704,4.191594942763315
469400,2.6806280929827846,2.889674481412982,187045.1058979752,4.192323783945029
469500,2.681185500462367,2.8902874596012538,187079.0997483287,4.1930203407059565
469600,2.6817797849615137,2.890847944696588,187114.8714544555,4.193570533785995
469700,2.682199357831996,2.8914947417609413,187149.57628139865,4.193950530819015
469800,2.6827467943233807,2.8920184728858636,187183.91459794564,4.194621708170397
469900,2.6832104566402584,2.8924774353881477,187223.05718715093,4.195473348410184
470000,2.6836941558642686,2.8930792556559566,187256.08098526992,4.196138363146765
470100,2.6842084945046447,2.8936884116709445,187292.21310218397,4.196734244424224
470200,2.6847847654602432,2.8940952123797286,187331.58344946496,4.197545035366537
470300,2.685318500743386,2.8946445024698786,187369.77790462383,4.198175953986786
470400,2.685918839734935,2.8953664249324254,187405.35711197843,4.198672584371728
470500,2.6864745819654274,2.895823213288286,187444.68450513028,4.19944284719278
470600,2.686953413999645,2.896309073382664,187482.46070409278,4.199815647954791
470700,2.6875252345644927,2.896862475461037,187517.1776011427,4.200390066728008
470800,2.68802732777715,2.8973938865738043,187551.04303767593,4.201169649733209
470900,2.6885003019916494,2.8977885271576915,187583.06316299722,4.2019498955465115
471000,2.68910054019163,2.898397413919888,187617.8795193935,4.202745627870172
471100,2.6895825817120276,2.898892028210467,187654.19346091655,4.203269097071844
471200,2.69016425993464,2.8994251288781507,187690.85091384055,4.203946938348802
471300,2.6907061085850636,2.9000799691794534,187730.06125181576,4.204508184589535
471400,2.691128738921078,2.9005613004293203,187768.5211227668,4.205155475898386
471500,2.691648954484177,2.901051482198351,187806.4681620021,4.205853093673696
471600,2.692126525527401,2.9014568124421656,187845.866088461,4.206548440337643
471700,2.6925988122365925,2.902151266026652,187879.7203866518,4.206939568095556
471800,2.6930424266523927,2.9026252904736194,187914.09813706437,4.207680368671228
471900,2.693544959272589,2.903055698826796,187946.96877585206,4.208289992197233
472000,2.694065940185402,2.903743944204695,187985.36155210872,4.208840910231423
472100,2.694637610994984,2.9041452350778454,188020.33598270494,4.209439842638711
472200,2.6952127303490387,2.9047527860037183,188056.36760789322,4.210085477859375
472300,2.695761342852038,2.905464223103353,188093.16750501542,4.210631012143777
472400,2.6962117685293356,2.9058591168223797,188127.5694282448,4.211018405097124
472500,2.6967622836673573,2.90641858110046,188160.58515043466,4.2114075572161696
472600,2.6972675024147077,2.90705182041883,188198.55064343632,4.211756141785201
472700,2.69769444852744,2.9076467210160515,188234.32842796357,4.212362091745785
472800,2.698243226369875,2.9083227206560562,188266.36997572987,4.213066365010048
472900,2.698834916480011,2.9090298819931437,188302.30017745474,4.213557044440526
473000,2.6993447916107085,2.9095424185710312,188334.79793681635,4.213993885633345
473100,2.6998555427311333,2.9102268204407635,188372.63987842278,4.21462846282967
473200,2.700399091235672,2.9107593637633036,188408.80778837067,4.215123817960799
473300,2.7008401775302917,2.9112440649450657,188444.3363592049,4.215628080522915
473400,2.701421446318597,2.9118077861485343,188482.53376545067,4.216164308555967
473500,2.701941968994201,2.9122345656962496,188515.59769527157,4.2165718688597185
473600,2.7024201038706037,2.912737964620488,188553.47287791883,4.2173115970010695
473700,2.7028572459733806,2.9134153708741497,188588.0687502234,4.217879044767053
473800,2.703308664277739,2.9140895764902575,188621.67037388386,4.218519391230522
473900,2.7037867194954592,2.914755522844854,188654.56273943651,4.219214136041859
474000,2.704371575187964,2.9153809543264657,188687.0538660556,4.219953174270429
474100,2.704816217433911,2.9158166476510163,188721.12149388815,4.220307738481437
474200,2.70534494988393,2.916191863532646,188756.3089556195,4.220678938589828
474300,2.705896550791063,2.91662126415289,188794.64997606096,4.221368213593922
474400,2.7064004739986975,2.916993543232861,188831.64778382255,4.222080093488644
474500,2.7068799415542357,2.9174255434733802,188870.90906082632,4.222910477087174
474600,2.7074512846267673,2.918058108440473,188908.02424083385,4.223401092830405
474700,2.707937968745067,2.9186762755830333,188940.76474808902,4.22383250466664
474800,2.708369539908397,2.919161502635709,188977.01172241534,4.224259406791578
474900,2.70884764828027,2.9195344526021625,189012.34674943102,4.224657034780392
475000,2.7093979064631464,2.9201839771633065,189049.48392518488,4.225211483662255
475100,2.709848708082801,2.9205588681954944,189088.085512075,4.22601155123147
475200,2.7103355464990724,2.9212488046974836,189123.51146117676,4.226744492568139
475300,2.710756921592767,2.9219101062960355,189155.8000194784,4.227545139725316
475400,2.7112203193541085,2.9224186119871756,189195.13573761433,4.228120144439936
475500,2.71165119603814,2.9231075862413247,189229.22319437467,4.228666260717478
475600,2.71215259505725,2.9237433845085863,189261.7238659948,4.229411494612102
475700,2.712747964411589,2.9241141402574202,189295.38938220745,4.229965683001998
475800,2.713217771285653,2.9244973446270857,189331.23005302617,4.230755380418334
475900,2.7137095580076895,2.925089281631801,189363.0388525018,4.231143878542511
476000,2.7142512840053046,2.925483486641914,189401.4676150765,4.231570164395994
476100,2.7147638290783807,2.9260304989519526,189439.79107677878,4.232216841987495
476200,2.7152782585257453,2.9266339829762735,189475.15857351723,4.232932894727993
476300,2.715715764917409,2.9271888470839826,189513.7994878882,4.233555480253511
476400,2.7161850465314763,2.92788456480592,189548.86547361172,4.234127377657958
476500,2.7167648406949763,2.9285913890017388,189587.4566938938,4.234776366472038
476600,2.7172824112738243,2.9291297291455436,189621.3039876061,4.235320727163256
476700,2.717794176351101,2.929852210822004,189656.89087924146,4.236087919330014
476800,2.718237266930667,2.9304922994551195,189694.46650682023,4.236891061868779
476900,2.718779076129034,2.931099385286503,189726.66882734682,4.237534873630924
477000,2.719263579098273,2.9315298520360176,189763.155127119,4.238147593996278
477100,2.719775958063841,2.931963243461593,189799.86671890182,4.238940344943878
477200,2.7202560827765385,2.9323735532092683,189831.86334489987,4.239390585631101
477300,2.7208323877734704,2.9328888097515704,189867.51174615818,4.240163807765987
477400,2.7212948007019517,2.933275733284947,189904.43009903337,4.240999107537249
477500,2.7218179256277444,2.933966325449523,189942.71255682575,4.241796509331756
477600,2.7222659993074925,2.934365539168485,189975.0521953284,4.242485963218036
477700,2.7227381211889816,2.9348540373883907,190013.5421495453,4.243179577969516
477800,2.7232254816181545,2.935221620714866,190051.1364875983,4.2439243360812595
477900,2.723777002242383,2.9359072471866554,190084.99437104832,4.244410143562811
478000,2.724351820201326,2.936490119878206,190117.24104536138,4.244937607488681
478100,2.724861234445458,2.9369584191872775,190153.20766182686,4.245617436386999
478200,2.7253787334253574,2.9376364043004606,190190.21756792197,4.246243115628751
478300,2.7259671173253857,2.938084161327157,190222.94661493992,4.246871871363663
478400,2.7264914854117785,2.9387093720745217,190261.733208392,4.247236568004969
478500,2.72695298046378,2.939173869491085,190298.03566628406,4.247736823315815
478600,2.7273721356254765,2.9396357527843016,190330.05754662852,4.248189105384072
478700,2.7277912328119296,2.940134865307197,190366.69537370882,4.249025460304903
478800,2.728279873115133,2.940533590108017,190398.3433731563,4.249635981112184
478900,2.7287579614360205,2.941056290290983,190430.4715872451,4.250112740423983
479000,2.729301171842672,2.9414934140278257,190465.47731356253,4.250564657545653
479100,2.7298185315463934,2.942064299623198,190499.6164508965,4.251264903276979
479200,2.730291381530447,2.942619469974492,190533.47542709488,4.251674733506203
479300,2.730746201354504,2.9432640064391844,190568.15552333198,4.25242937560377
479400,2.7312546938711333,2.943704963059455,190603.06449097575,4.253196447995795
479500,2.7318293933846447,2.944196739406145,190639.6356990919,4.253891068462026
479600,2.7323435594047383,2.9445732267716727,190672.39603227132,4.254565534808134
479700,2.7327670531006807,2.9451770888162248,190706.99907046725,4.255176153076087
479800,2.733228028183831,2.945736082130927,190740.74506223874,4.255924979779074
479900,2.7337306239499997,2.9462529822793435,190774.79038589337,4.256596893895565
480000,2.734217372322791,2.9467189015869915,190807.80666505193,4.257373620399296
480100,2.7347566879238316,2.9472645296021667,190841.3333415294,4.258149310041536
480200,2.7353502952599063,2.9476577769466914,190876.89436693728,4.258781630213575
480300,2.7358667636156047,2.9481235527588168,190909.9738836348,4.259539559410397
480400,2.736392639219745,2.9485926189716185,190946.64164009466,4.259886326960193
480500,2.7368793069203248,2.9491720116938582,190978.694761421,4.260640351732177
480600,2.7373558388558648,2.94972270962586,191015.98085637353,4.261246138883955
480700,2.737943538292097,2.950330968530462,191052.7827877499,4.261753030574602
480800,2.738495460404575,2.950748246100733,191091.1883707322,4.262286781387471
480900,2.7390446240720374,2.951439742173563,191125.99866479685,4.262888270278574
481000,2.739506102455574,2.9518060932535266,191161.2345107742,4.263476007917237
481100,2.7399448704478546,2.952516574749985,191195.7756564498,4.264236324570362
481200,2.74039977062343,2.952918029518945,191232.4161322023,4.26471889872486
481300,2.7409127324255076,2.9533105509142197,191269.87024289978,4.265564511052427
481400,2.7413897045328266,2.9537473322382075,191308.93513102367,4.266340182196252
481500,2.741852644045675,2.9542359989711446,191345.787319081,4.267010474725657
481600,2.7423701322010032,2.9548687152137787,191381.128520613,4.267525824215933
481700,2.7429480287970422,2.955324529149739,191415.51555060287,4.268369393214883
481800,2.74343393164568,2.955970017034805,191453.31536356104,4.269003263136279
481900,2.743883135777724,2.9563384408532136,191488.965852204,4.269587706050567
482000,2.7444661338992113,2.9569837529058636,191522.0330723692,4.27037665018697
482100,2.7450245183668893,2.9574811392889093,191558.8470875453,4.270784820562932
482200,2.7454787644446186,2.958117769968991,191596.19224070437,4.2713381168907585
482300,2.745965268983302,2.9587044366477824,191631.2673823882,4.272018011627455
482400,2.7464488600160535,2.959188387094626,191666.72565293236,4.272812266626312
482500,2.7469488868774836,2.959708702957262,191705.03510935823,4.27336008695788
482600,2.74740875899317,2.9600939999408697,191741.9887346112,4.273935044728177
482700,2.7478556834253984,2.960597008071357,191773.78660500728,4.274742699480488
482800,2.7482961233074854,2.96117176928067,191810.50816309662,4.27535359206276
482900,2.7488709056862457,2.961725436811053,191844.17973597543,4.276162395139047
483000,2.7494035732481295,2.9623816696230434,191876.29591544266,4.276893369443127
483100,2.7499158525504432,2.9629649257028587,191913.77699902182,4.2774546957033275
483200,2.7503745168530616,2.9635094675461415,191949.34149358707,4.277809591157703
483300,2.750813493156477,2.964025759041233,191984.0852431052,4.278579817206199
483400,2.7514074593235134,2.9646672806990777,192021.76782173797,4.279269737943741
483500,2.7518641858765527,2.965124390792274,192055.3114172059,4.279679291272205
483600,2.7523809100504053,2.9657356622099194,192091.69262166426,4.280187330408427
483700,2.7529740425692046,2.966207592090126,192129.24881135696,4.280702083275726
483800,2.753389059695633,2.966921026718679,192166.36303794518,4.281211932997539
483900,2.753834391368761,2.9675892377294684,192199.81472122416,4.281815704543363
484000,2.7543542609749747,2.968280903054102,192233.86054470026,4.282356886955795
484100,2.7549095352812847,2.9689278571122357,192272.6247683796,4.282974953680825
484200,2.755391159402484,2.969491200269817,192308.4955163061,4.283338073678298
484300,2.7558219812030846,2.96986093227574,192346.60794843626,4.284050346455402
484400,2.7562355237756964,2.970406021353543,192380.27037015854,4.284868393794801
484500,2.756806589428817,2.9711147949172787,192416.36322593124,4.2856201095602335
484600,2.757349312908712,2.9715621516624204,192452.4859273627,4.286101168614825
484700,2.757897373012898,2.97226564142212,192485.9213058433,4.286875634319052
484800,2.758477221824401,2.9728261573368466,192517.34021931546,4.287471522406947
484900,2.7590282765063883,2.9733357608887476,192555.9971529924,4.288133290410949
485000,2.7595318161756777,2.9737418030355824,192591.05437013737,4.2885996984866
485100,2.760020058973217,2.974379710633945,192627.07561524338,4.289139821079827
485200,2.7605985150573047,2.974900613851745,192659.06340391305,4.289959741416619
485300,2.7610131923593073,2.9755059090466434,192690.8351993564,4.290339749052507
485400,2.761566793521637,2.9760526398229037,192723.69815140349,4.291050843539351
485500,2.7620705785783413,2.9765306328738315,192760.15764212993,4.2916604168782575
485600,2.7626057959242654,2.977215788733834,192794.25236557322,4.292305000502788
485700,2.7630843086131627,2.977817245569779,192826.35650953907,4.293133417255903
485800,2.763662678169362,2.978192492775177,192858.44908638537,4.2936255137904045
485900,2.7642190347855635,2.978558283737222,192896.79346367565,4.293974912406361
486000,2.7647246984628984,2.979183309128475,192933.1851306813,4.294693724097278
486100,2.7651763666513625,2.979806186720977,192964.6110453614,4.295280358327253
486200,2.7657048401014084,2.9802416506039173,192996.48208754696,4.295784265140603
486300,2.766281386675434,2.9807100785070335,193028.58664372642,4.296250815560964
486400,2.766803514901536,2.981154156027164,193064.6427999815,4.297026428749281
486500,2.7673958213913727,2.981611526610856,193100.75059694564,4.29772804606598
486600,2.7679112979618834,2.982007744238704,193137.03863383702,4.2981480008120085
486700,2.768487942709378,2.9826843033829866,193174.60167278952,4.298513368363797
486800,2.7689266579489056,2.983066431175641,193211.00617827245,4.298898142422763
486900,2.7693988023028586,2.9834725999647578,193246.13746478703,4.299336698685053
487000,2.7698282409093853,2.98391960169309,193283.61868173128,4.300118353302138
487100,2.770242497789402,2.984541324000704,193320.22223126786,4.300918627589772
487200,2.770744183300608,2.985005968325326,193356.52551828427,4.3014880350960105
487300,2.7711760043532703,2.9856518724119985,193394.6108946941,4.302119205050709
487400,2.771723404498547,2.9862511068998963,193426.73891514755,4.30274357468537
487500,2.772306182350366,2.9867341161441407,193463.44994103143,4.303116250118134
487600,2.7727689235212045,2.9872460875749245,193500.15123593502,4.303865549763999
487700,2.7732286187482242,2.987831883941365,193536.8662070117,4.304429582804517
487800,2.7737665101102658,2.9882012785287775,193568.23131371426,4.304995967065632
487900,2.774262814408416,2.98881190795929,193602.51537468235,4.305650290040992
488000,2.7748192414093933,2.9894007546823174,193636.53073547012,4.306224659022064
488100,2.775313090528528,2.9899680132413864,193669.6357956173,4.306664813777107
488200,2.7757447865952574,2.990378580464482,193705.03155348424,4.30706797262086
488300,2.7762910962836123,2.990990777776507,193741.9536952105,4.307710340591181
488400,2.7767414749852266,2.9913620045180704,193778.44671119965,4.308082708710148
488500,2.777283718720635,2.9918143079470725,193813.61199782896,4.308811062927145
488600,2.7777805289072175,2.9922077081623577,193845.84140596548,4.309629206468485
488700,2.77827044185686,2.992615433021916,193884.30839646937,4.3102722498727495
488800,2.778786725125561,2.9931307676046734,193915.66808733944,4.311101992711403
488900,2.7792534476075827,2.993722351028498,193948.88431718096,4.3118369528958596
489000,2.779844019462117,2.9941113492771376,193982.67697004447,4.312487614498687
489100,2.780400339000147,2.99473916730992,194020.76756642413,4.313146896603882
489200,2.780973398656712,2.995342931015998,194054.20929926579,4.313942646767648
489300,2.7815358169061923,2.99600645079128,194089.64208102177,4.3142963869719475
489400,2.782056776262751,2.9964470698835526,194126.52818664265,4.315076400295604
489500,2.7825055102094134,2.9970033493849715,194163.29338942896,4.315474827820322
489600,2.7829975984092754,2.997662746468718,194201.67006677968,4.316068344715988
489700,2.7835757176393274,2.998293116378911,194237.0250840297,4.316720713311833
489800,2.784148723149628,2.998992009579734,194270.22337155454,4.317339360378585
489900,2.784670070841861,2.999469569520021,194301.71726496055,4.317727604867328
490000,2.7851929338390424,2.999936309960296,194340.35430094498,4.318224436812479
490100,2.7856055501734147,3.0003916077498305,194373.41057213128,4.318767503957839
490200,2.786151044142393,3.0009919769877715,194408.92739636442,4.319397977895264
490300,2.7865636222667827,3.001507832991409,194440.61639627907,4.319929526240903
490400,2.7871092451093333,3.002196425742892,194475.33668513165,4.320378177195351
490500,2.787619187104132,3.0025837476292314,194513.58039152066,4.321140788111933
490600,2.7881803904302416,3.003230325557403,194550.8921634829,4.321821150797757
490700,2.78872803200445,3.003944600178258,194583.15396286562,4.322344873748069
490800,2.789269171711589,3.0043836403331277,194617.5119331489,4.322994490170071
490900,2.7896924093678743,3.0050678440465433,194650.59063881056,4.323691970348209
491000,2.790187424936107,3.0056905738047606,194687.15825603766,4.324170422418724
491100,2.7907320150624204,3.006139381134292,194724.08698770337,4.324913163336438
491200,2.791275650694226,3.006777996632181,194761.8117879927,4.325719038740041
491300,2.7917880466190472,3.007305992670495,194794.90955389442,4.326422217468194
491400,2.7922103546947095,3.007763740003823,194828.62241307928,4.327245629046359
491500,2.792644480767595,3.008291181528494,194861.0510529987,4.32806774698976
491600,2.7931057712758838,3.008993104538967,194899.95463569267,4.328617966427948
491700,2.793585821970887,3.0094633005471865,194935.14336041242,4.329328568599659
491800,2.7940788071517466,3.010167260213364,194966.6148358524,4.329963039457122
491900,2.7945395424129194,3.0106700386526093,194999.01507534657,4.330543068604137
492000,2.7949975299475516,3.0112102108648178,195036.9590304828,4.3310541163963485
492100,2.7954588041762785,3.0117484088637205,195075.44140797507,4.331480980636219
492200,2.7959404227615523,3.0123441285770522,195111.421313496,4.332159066647276
492300,2.7965103359733123,3.01297030704071,195144.55937370833,4.332749318283755
492400,2.797091592355663,3.0134098662695092,195178.13325425357,4.333125062402433
492500,2.7975682166534708,3.0138422076251383,195213.6455070215,4.333571462033698
492600,2.79805250320896,3.014298667817414,195251.08789980807,4.333946373905603
492700,2.7986030872459424,3.0149588501716065,195288.57308628949,4.3344133085489585
492800,2.799151546751772,3.0153488079585293,195325.80467628542,4.334811163194951
492900,2.7996281646306227,3.0158487809633012,195359.1053347092,4.33530776543153
493000,2.800179421533829,3.016527530221147,195397.04078335656,4.335712715345313
493100,2.8006767381144906,3.0171172060592957,195433.0468048327,4.336307844992764
493200,2.8011948630106054,3.0178309740207627,195469.5137099984,4.336859175481055
493300,2.8017627142998194,3.018331683649207,195506.5807832354,4.3372933178268065
493400,2.802196624607513,3.018954315912003,195539.85164466192,4.338065359924483
493500,2.802639429531651,3.0195612386111867,195572.15523156896,4.338440661418093
493600,2.803138491714266,3.0201389451079907,195607.83456464866,4.339177972603075
493700,2.803713797681111,3.0205558859818744,195640.81668915457,4.339847131771145
493800,2.8041950740848796,3.0209682623753706,195675.6463519248,4.340343743529268
493900,2.804642868415361,3.0214237335795127,195711.26752178313,4.340969976018514
494000,2.8052012670386643,3.0219294466957423,195742.48940027397,4.3414007368398435
494100,2.8056205799439216,3.0223090968112682,195777.52848308557,4.341822827579707
494200,2.8060840257898225,3.022833301050563,195812.53313961808,4.342376431291622
494300,2.8065448256601147,3.0235252684367646,195850.602709268,4.343090776699359
494400,2.8070119492080825,3.0242011483379416,195883.56763132455,4.343873064702917
494500,2.8075277636744733,3.0246215286557367,195916.10944262738,4.344672200060667
494600,2.8080524270471066,3.02503091043087,195954.63648517086,4.3454302589578555
494700,2.8084640442578475,3.0256689174070464,195987.9213789052,4.345837568702002
494800,2.8089007592758812,3.0262480820990914,196024.0963546871,4.34655398640306
494900,2.8094449353552697,3.0266695394250704,196061.14004658884,4.347390815656682
495000,2.8098679135993665,3.0271654858636987,196092.98266753665,4.347905537724292
495100,2.810445812458007,3.027636123344189,196129.26603190223,4.348727761167705
495200,2.810947207937149,3.028316522984505,196166.92358723152,4.349224524147962
495300,2.811430727032418,3.028879850017684,196198.80635094352,4.3499719057285615
495400,2.8119462970622258,3.0293293918595885,196233.58801918864,4.350337322999449
495500,2.812464839352677,3.029871971189619,196271.85375242078,4.35070005530026
495600,2.812922276865443,3.030329074174794,196308.3064168502,4.351166544292805
495700,2.8133859289819516,3.030753922116192,196340.7566030369,4.351683554893959
495800,2.8139268768481274,3.0312741724501935,196379.1192422401,4.352042039618129
495900,2.814354282460454,3.031763454252998,196415.7129368967,4.352875671690479
496000,2.8147969017626955,3.0323617563704435,196451.6602382458,4.353541700473319
496100,2.8153787028756847,3.033052228267149,196484.49843542758,4.353892155848838
496200,2.8159292857706535,3.033717728056809,196522.8158569318,4.354273556568837
496300,2.816463092722023,3.0342205338804464,196554.85714306144,4.35502330815866
496400,2.8170305277099166,3.034717407312777,196593.11875877675,4.355366533926542
496500,2.8176082795511976,3.0354299267843055,196625.61067887838,4.356082398935688
496600,2.8181778942682594,3.036130979513144,196658.0472940925,4.356536464785687
496700,2.8186364110905195,3.0367934173852857,196691.84635706255,4.357209375786293
496800,2.819130677854334,3.037339165361258,196724.48783149876,4.358018891031388
496900,2.8196704654869005,3.0380028878010776,196759.84715835055,4.3583778651853855
497000,2.8201582721815472,3.038480878129077,196792.28432593562,4.358841605956294
497100,2.820675527987254,3.038912913803905,196826.22687264916,4.359472096425855
497200,2.821119675327938,3.0395584732939955,196859.37660699585,4.36023611170648
497300,2.8216413085548364,3.0402493252792078,196891.15003840864,4.360965275192522
497400,2.8221361217636276,3.040801437002657,196925.77949225178,4.361541126595565
497500,2.82266602296556,3.0412112302297785,196957.53335907805,4.3623695633307245
497600,2.823113116722169,3.04179167255425,196991.9619592701,4.362717863949104
497700,2.823524772115757,3.0422871846242328,197026.98957067257,4.363358928467945
497800,2.8240240489370065,3.042897905125161,197058.7818989901,4.364133373475525
497900,2.824554673993322,3.0432959268574327,197092.50196962067,4.364791437873225
498000,2.825089680507971,3.0439824970851683,197124.1554846552,4.365420584080873
498100,2.8255737310364393,3.044428647537494,197156.7589373673,4.366216526697749
498200,2.8260061224994293,3.0450994846469124,197191.341625346,4.3667911803974855
498300,2.826417788361719,3.045691058913082,197224.24030832446,4.367255022342641
498400,2.82693594749331,3.04609385000836,197262.07708715234,4.3676447412709045
498500,2.8273774713323596,3.046657172729681,197300.56070561105,4.3684082268343545
498600,2.827919488337068,3.0471628242182183,197337.11207015504,4.368858869799836
498700,2.8284093364734795,3.047738435519016,197368.72021569565,4.369635035246635
498800,2.828991888564972,3.048344373620384,197401.04718755514,4.3703098385182
498900,2.8295427480607644,3.0488276845489253,197436.53867379352,4.370936296590626
499000,2.8299792818035865,3.0494502091556743,197469.7457931192,4.371742289022459
499100,2.8304855230524715,3.05008439292647,197501.30576085448,4.372324963852512
499200,2.8309043762633523,3.050516815598638,197537.3334117405,4.372711391729387
499300,2.8313667642750238,3.0509216886445873,197573.9927310864,4.373224103261539
499400,2.8318996908344864,3.0514324350108906,197605.86845069195,4.373801559402147
499500,2.8324694185487216,3.0520663170189066,197638.7087545192,4.374264030514748
499600,2.8329165863411174,3.0525339338211124,197671.74473825743,4.375087914781599
499700,2.833353628361559,3.053058984155786,197706.89492611107,4.375850744842608
499800,2.8338797457942215,3.0534724083581573,197743.0934930473,4.376520350532505
499900,2.8342925896484,3.0540492973458857,197775.50123511138,4.377285689277097
500000,2.834804339677201,3.0546529744804065,197813.496711286,4.377950762906898
500100,2.835245615613745,3.055312594788583,197848.1316335749,4.378424129111584
500200,2.8357380744460596,3.055791636235278,197883.15154193016,4.3790963133332745
500300,2.8362254474020157,3.0564672185643174,197914.597860562,4.37964627190448
500400,2.8367474605882395,3.057110137894652,197950.60663544887,4.380278608069167
500500,2.837320264575184,3.0576285311540454,197986.13113266858,4.381106135402
500600,2.8377967851359904,3.0583146722480894,198020.19231957517,4.381833574278214
500700,2.838325209327104,3.0587407153429145,198056.92956756632,4.3825154684833185
500800,2.8388991108226374,3.0592225961699784,198088.22788498068,4.3830017072664775
500900,2.8394297864952867,3.059773963097837,198122.47990198666,4.383378032764293
501000,2.8399426571261044,3.060418651751959,198155.29119013532,4.384150994226563
501100,2.8404190491972976,3.060875730791774,198187.6025708362,4.38479675705563
501200,2.840967674058779,3.0615800716758104,198226.19972319077,4.385230287857372
501300,2.841473492429491,3.0620228156814377,198257.66714624935,4.385982625872577
501400,2.8420368535223526,3.0625733510930413,198294.22716194796,4.3866835526001955
501500,2.8424476679571384,3.063246682240491,198328.503245712,4.387506028334103
501600,2.8429846595618047,3.0638534947511333,198361.71263710211,4.3881870991019145
501700,2.843555639341346,3.0642265783585283,198392.97041303338,4.388658004299502
501800,2.8441338579780293,3.0648973903749863,198428.2224641475,4.389272907422989
501900,2.8446412817331654,3.06541055311659,198465.53542756388,4.389793524503366
502000,2.8451224647695956,3.0659829113701345,198503.4400678406,4.3905432817944074
502100,2.8455601836235878,3.06654049809321,198536.0392018843,4.391216697676084
502200,2.846086408473404,3.0670826437661525,198570.74447912662,4.391910532867654
502300,2.84661028896568,3.0674786457432166,198603.40956158948,4.3924452868997
502400,2.847111165922986,3.067960681462909,198635.75292633713,4.392977996275846
502500,2.847649637047285,3.0684999521510705,198671.7862226162,4.393722324099148
502600,2.848196220277202,3.0690250753398214,198704.9205245099,4.394481666549673
502700,2.8487110170584042,3.0694963483495195,198737.7967301403,4.395120429336164
502800,2.8492444540057624,3.070146572483957,198768.86584798226,4.395661628062528
502900,2.8496679932838216,3.0706230635042124,198803.66423979434,4.396327975461707
503000,2.8502468829892296,3.07126290452683,198838.17366702209,4.396853292455502
503100,2.850760322106496,3.0718337508741453,198875.85814790046,4.397328131678802
503200,2.8512085681006365,3.0724561524544787,198907.34113676153,4.398089343810243
503300,2.8516315641528904,3.0728271374226437,198941.099722904,4.398515990227519
503400,2.8520888843908954,3.073224521703489,198973.49682152615,4.399198509033139
503500,2.852568530636137,3.0736294848731345,199004.46838137385,4.39957275842418
503600,2.8530430543320016,3.074253811925471,199039.91482263178,4.400245081248043
503700,2.853511701657272,3.0746662349108944,199075.5672494281,4.400997999419282
503800,2.8539584685158674,3.075141967673066,199107.17000759018,4.40172152142111
503900,2.8544625343439805,3.075798929027307,199138.257281215,4.402401336174438
504000,2.855030695592467,3.076290839137432,199173.9448076981,4.403138276355216
504100,2.8555696133127793,3.0768650966636115,199210.71463761348,4.403902098284803
504200,2.8561530045639585,3.0773263118223917,199249.07433786726,4.404293729822311
504300,2.8565622351200446,3.0780050300052304,199286.629921119,4.404708685350111
504400,2.8570482577332648,3.078554444406784,199318.15947341468,4.405468397758299
504500,2.857522008030938,3.0792644273656324,199351.2323928962,4.406259952867731
504600,2.858086346600083,3.079970296596009,199387.42475706068,4.406810821622792
504700,2.8585767663724817,3.080510055190891,199421.85593131176,4.4074063877091865
504800,2.8591104741006754,3.0810130220428715,199456.36890025568,4.408005195912604
504900,2.8595742291151303,3.081491265689827,199490.8750380703,4.408800235838129
505000,2.8599973216817025,3.0820302574361316,199524.72588350245,4.409520921053487
505100,2.860515578543264,3.0826340152525384,199560.13223378587,4.41021008813983
505200,2.86105125515017,3.083017151101683,199596.05357572972,4.411023715048416
505300,2.8615002810393855,3.083497093283437,199631.02213207202,4.411731600670969
505400,2.861928681605678,3.0840945246767304,199664.40933948592,4.4120912841549265
505500,2.8624442005013755,3.084596613870706,199700.17132563554,4.412830046193938
505600,2.8629881774737704,3.085008962908709,199733.4479396208,4.413263390859201
505700,2.8634183629940573,3.0854036099331346,199766.03571308678,4.413845719025209
505800,2.8640003436464974,3.0858515041623273,199802.3721994815,4.414591664718077
505900,2.8644784027962844,3.0862624355084614,199833.68271708165,4.41509010623206
506000,2.865041437333197,3.086623117476002,199866.74791659857,4.4157984616864985
506100,2.865493950946998,3.087322984524406,199902.2667116135,4.416237714080812
506200,2.865982284638365,3.0879921448469374,199934.8894718299,4.417027590587761
506300,2.866403586367379,3.0887001533453464,199971.39435493867,4.417613895622239
506400,2.866981262841315,3.089131093573518,200005.89541251748,4.418146981976048
506500,2.8674198468444874,3.0898095879421663,200044.28062129687,4.41887112557509
506600,2.8679177824885795,3.0904416046895933,200078.33153927675,4.419660409210752
506700,2.8684426538870937,3.090843327279396,200114.4644671575,4.420386186262537
506800,2.86899208927708,3.091513699370637,200150.97246730688,4.4210320131274985
506900,2.8695467384132445,3.092187158241649,200183.58795071772,4.42144337747023
507000,2.8700240709716835,3.092768593476506,200218.4628571784,4.422121813246927
507100,2.8704347808900947,3.09345086463477,200249.8060458532,4.422620704582222
507200,2.870988768042656,3.093904349300848,200282.14415803988,4.423066825827418
507300,2.8715617163606963,3.0943168368035336,200317.2007577833,4.423874204523143
507400,2.8719955698140316,3.0948107117332517,200353.02621360193,4.424230774658544
507500,2.872527316513443,3.095466045726649,200388.8436436686,4.424988786726507
507600,2.8729355801895426,3.0960029847223605,200423.93538214287,4.42548088444734
507700,2.873365990392334,3.096513104579888,200458.8643684054,4.426265612693688
507800,2.873813215439949,3.097094658015841,200491.10463007982,4.4268989349629715
507900,2.8743340186816733,3.0976625425555735,200525.7726171028,4.427701557806619
508000,2.874808476847286,3.098119157511383,200559.53561567538,4.42847271625378
508100,2.8753677040276475,3.098548566128735,200591.0467094439,4.42882484098708
508200,2.8758975379792555,3.098971696677186,200622.19474116663,4.429188416383535
508300,2.8763703348323872,3.0994706305063313,200657.6610829119,4.429878599269126
508400,2.87691316035574,3.0999655397163535,200693.36196147793,4.430300868269885
508500,2.8774498409673117,3.100570877209083,200731.0169772655,4.430882500902632
508600,2.8779936640075583,3.101163023036478,200766.12822025074,4.431500186871532
508700,2.878501193377796,3.101655999300719,200803.5578139327,4.432035722246311
508800,2.8790709373112624,3.1022613421555065,200835.1590157139,4.432671260528724
508900,2.8795771933123557,3.1027776176354176,200869.54939720576,4.433499203980256
509000,2.880140481553279,3.103312064242236,200907.545188615,4.434182671054903
509100,2.8805784788913336,3.103825953437745,200943.49518955484,4.434779955184748
509200,2.8811052516162534,3.104314319844842,200978.9375792644,4.43538292546415
509300,2.8816067614018523,3.104894223386471,201015.64904903874,4.436134404420632
509400,2.8821304730774964,3.1054620339891534,201051.0221213848,4.436628952653486
509500,2.8826759687259096,3.1060488839636795,201084.59364698557,4.43700033160609
509600,2.8831085366899574,3.106572697139555,201115.88956061256,4.43781207820736
509700,2.8835583216597094,3.107232000676165,201152.23373758062,4.438312461663936
509800,2.8841355931116053,3.1076616502095753,201190.5266669574,4.438931453450175
509900,2.884634397850296,3.1080510112953066,201224.16174675245,4.4397448143277805
510000,2.885097343545788,3.108755625734198,201258.9912178258,4.440342622026841
510100,2.885637836816779,3.1094368150812555,201292.5200447907,4.4407686376558235
510200,2.8861653554203746,3.1098033163834367,201330.36470997077,4.441550956525173
510300,2.8866839231017427,3.1102372022226694,201367.69967371988,4.442103296010945
510400,2.8871865552083227,3.110769777502387,201405.55100164484,4.44270574959686
510500,2.8876400708466132,3.1112440168949007,201441.18630074605,4.443200807069776
510600,2.888144829534301,3.1118740352880194,201478.35414487156,4.443569758391487
510700,2.888690437958076,3.112341048399407,201514.5303046624,4.4441564020238715
510800,2.889214495884597,3.1129058024064387,201546.76583006905,4.444849296848318
510900,2.88968131095752,3.113273283198561,201583.45009094392,4.44534196858019
511000,2.890228428169704,3.1139689000962054,201618.87911691313,4.4458095265587945
511100,2.8907079357576735,3.1145027590922223,201653.9939419939,4.446208661553554
511200,2.8911398886288056,3.1150841523525834,201691.59199049682,4.447026392862304
511300,2.891551754954277,3.1155120614477827,201723.0274780994,4.447698324890376
511400,2.892052241885492,3.116007393296783,201757.7564867246,4.448395609731628
511500,2.892511585002275,3.116419664429526,201792.872520586,4.449153274171352
511600,2.8930139060481452,3.1170765647710286,201824.81707071257,4.449916667288535
511700,2.8934376763040985,3.1175257369261344,201862.40023072629,4.4506963840660125
511800,2.8939230473393542,3.1180280614172724,201894.52757733723,4.451446239172367
511900,2.8943924586979453,3.118446526844998,201926.90676919057,4.451898960871824
512000,2.8949023031141623,3.119020477481217,201960.622081526,4.452516534261313
512100,2.8954354417557884,3.119592334698237,201994.23314460332,4.453054922114862
512200,2.8959793571063486,3.120105978605862,202030.46117393137,4.453817365148844
512300,2.8964646692518974,3.1206971550212774,202068.61209056573,4.4542637499186135
512400,2.8970101377749184,3.1213128486726824,202099.76456016974,4.454784363612812
512500,2.897547702389628,3.1217462703049,202136.7291956091,4.455139837492939
512600,2.8980096626495517,3.1222547878013516,202169.68120933976,4.455483876882267
512700,2.898554898711774,3.12274652705147,202205.19328822006,4.456121268151828
512800,2.89903763284694,3.123336825708724,202238.2212086294,4.4569153350422175
512900,2.89950318579227,3.1238078494256007,202273.82548206134,4.457639489257923
513000,2.899957937582527,3.1243103193557453,202311.22680413874,4.458313727913146
513100,2.900368259998006,3.1249499374707628,202349.32611797488,4.4589639956188725
513200,2.9007889992233262,3.12562754062222,202384.06514122174,4.459549871341756
513300,2.901316514838214,3.126261901484297,202418.82983817373,4.460092470493378
513400,2.9017383397688583,3.126749812147269,202456.4296722702,4.4605610729616805
513500,2.90228062847763,3.1272474970640167,202490.93731038045,4.46135049197138
513600,2.9028094977991916,3.127719185550838,202522.0616891806,4.461904604295815
513700,2.903228790450318,3.1282945608158004,202555.19729816262,4.462353247192211
513800,2.903646964220636,3.1286856377596544,202591.25874164933,4.462759064812325
513900,2.9040741627430973,3.129353595019828,202622.53448440583,4.46329809628213
514000,2.904505081240586,3.129831589349457,202659.25213277555,4.463853529978151
514100,2.9049677972971377,3.1305020716073306,202696.25519815352,4.464265461572223
514200,2.9053745098339294,3.131136052139465,202727.2910811623,4.4649422564461405
514300,2.905791176200454,3.1316351472823944,202763.7701564522,4.465457971338596
514400,2.9062393302656755,3.132174972571942,202800.57562701576,4.465912239230511
514500,2.906644318134911,3.13286073389618,202835.595010923,4.466384643668695
514600,2.9072048884818416,3.133306781493191,202868.36504175732,4.466954598327509
514700,2.9076920769649077,3.133680250791852,202901.55838181783,4.467421316531116
514800,2.9082261195856205,3.134106790483043,202938.5130722896,4.468100271054171
514900,2.9086988228514077,3.1346555707867054,202969.4887526132,4.468515518715935
515000,2.909220776498145,3.1352118269720926,203004.92896671774,4.468876170845043
515100,2.9097042353357088,3.135882002764142,203037.4609501027,4.46931368790427
515200,2.910192365320512,3.1364467640415716,203074.0652536095,4.469832421970364
515300,2.9107708575283247,3.136934349807041,203105.41925871078,4.470640187442714
515400,2.911209530516295,3.137606923320249,203138.91329352188,4.4711356047024955
515500,2.9116584338320477,3.1381639725832713,203172.60407373292,4.471787510787093
515600,2.9122370263350326,3.1388038598455523,203209.52252135953,4.472393394822807
515700,2.912785676254617,3.139308083763811,203244.4113858186,4.472816738505034
515800,2.9131956421583842,3.1397165730871275,203276.97502624115,4.473266482271014
515900,2.9136077460527012,3.1402057886292036,203309.3108047855,4.473934432073166
516000,2.914147623349221,3.140801624885835,203341.61008949092,4.474288656110525
516100,2.914696013050531,3.1411630348980637,203372.3694037689,4.474710592398603
516200,2.9151191424787233,3.1418015942418522,203407.92867924293,4.475370095601725
516300,2.915567736221428,3.142362442348067,203439.51575340945,4.47616647368416
516400,2.916072984737622,3.143041812068819,203471.9415892476,4.476748155769726
516500,2.916527711338993,3.143467698424342,203504.01087649495,4.477167718427188
516600,2.9169468824287246,3.1440407547959834,203534.67869947062,4.4775458238746575
516700,2.9174083308835783,3.1445509584285576,203566.69851366465,4.4782586880939235
516800,2.917984475289112,3.1450590384032373,203604.78502640766,4.478735609063495
516900,2.918410676245974,3.1455659019886446,203641.37260365198,4.479325481634573
517000,2.918912898946556,3.146248312508915,203674.32387821042,4.479708348055861
517100,2.9193494487601477,3.1469114548215953,203705.12531140965,4.480408046258435
517200,2.919753533978047,3.1472724827993934,203736.03958056925,4.4808363859587335
517300,2.9202750709134206,3.1479365137668807,203770.59432953337,4.481270974076484
517400,2.920789688344166,3.1483610087332776,203802.1588006064,4.48188657421599
517500,2.9212235289983766,3.1487838131411277,203838.0537542607,4.4825253923816115
517600,2.9217367637907623,3.1493525691365227,203875.030253754,4.48298290880135
517700,2.9222036941594474,3.1499196451974685,203906.95974308343,4.483361592427686
517800,2.9227312223708695,3.150316106717012,203937.6919009578,4.483773169644582
517900,2.92325384610077,3.1507502477165614,203969.53600090052,4.484589298921962
518000,2.9237685656396013,3.151427836679847,204004.00703257928,4.485355575363846
518100,2.924264544681424,3.1520804219603886,204040.9922967368,4.486097047418534
518200,2.924753707060946,3.152581059913219,204076.61341296285,4.486849652841925
518300,2.925209790842,3.153069518871298,204110.78273106346,4.48725479930354
518400,2.925709177537101,3.1537365691019397,204143.30291590808,4.48794721156316
518500,2.9261317479059983,3.154241847965899,204175.90929946987,4.488672731109015
518600,2.926688785629944,3.1549367966674287,204210.44256634117,4.489378717461402
518700,2.927263936024143,3.1553114428749764,204245.8041680574,4.4900682714167806
518800,2.9277513293155994,3.1558173531336555,204278.62871427153,4.4907579892835585
518900,2.928277308013848,3.1564252532982664,204313.57409483145,4.491539628012994
519000,2.92874642397943,3.1568620976597193,204347.96473258908,4.492159382202912
519100,2.9292758846086064,3.157312185741615,204385.31776561835,4.49266059245691
519200,2.929683497612269,3.15791350405635,204418.0599163005,4.4932805279594215
519300,2.930086137160508,3.1583921388604375,204449.1814476848,4.4939592129219825
519400,2.9305492939485944,3.1588394612537196,204484.25521934478,4.494354115692368
519500,2.9310645644738678,3.159301483190277,204519.7693032742,4.495057294225306
519600,2.9315928193037224,3.159988772916451,204556.0530758959,4.49548096785168
519700,2.9321299931124334,3.16056050349613,204590.30950587906,4.496181795492573
519800,2.9326553146884726,3.1612375397737367,204623.02818994256,4.496871459015771
519900,2.9331693185527263,3.1616926113678727,204655.39877232027,4.497377560104252
520000,2.9336004592737916,3.162090036786465,204688.04845000958,4.498009922880835
520100,2.934090479759481,3.162474380647949,204723.56488099275,4.49836117932741
520200,2.934553672318214,3.163098793287608,204758.2781998677,4.498721091395681
520300,2.9349862116092247,3.1637034563746433,204794.47905797162,4.499181256985043
520400,2.9354077643235987,3.1640893502787675,204825.42815896994,4.499635145309285
520500,2.935936034670718,3.1646214196135585,204863.0314266843,4.500150668759209
520600,2.9365004819421348,3.165011151513667,204896.97507858975,4.500694414901838
520700,2.93705096619664,3.1654407785892182,204934.79505468145,4.501405973349969
520800,2.937595397178158,3.1658640880011975,204969.47943256111,4.502003103550746
520900,2.9381352051751755,3.16627950115037,205007.19757418454,4.502407649642059
521000,2.9386428967759515,3.16673612098853,205041.60697759187,4.503039534705034
521100,2.9391671962298926,3.1672624958174396,205076.0563947631,4.503791243958072
521200,2.939635523042205,3.1677198311926715,205109.11935463457,4.504450498490661
521300,2.9401444412496045,3.168162962845736,205143.70556103773,4.505012602608786
521400,2.9406464058373567,3.1688138471251976,205176.67536823006,4.505790843309178
521500,2.9411020163755834,3.1692702897511493,205209.92529036733,4.50635026426566
521600,2.9416248296815666,3.169853052795645,205244.87345601417,4.506819997351727
521700,2.942072502845089,3.1703583363351,205279.93522281494,4.507349812200386
521800,2.9425105523982245,3.170896976850579,205311.68677040955,4.507924452460445
521900,2.9430581522891073,3.171519575665983,205345.30279786006,4.508462585520106
522000,2.9435023261623825,3.1720913741858845,205380.89082069774,4.508853574260163
522100,2.9439484401320573,3.172529347889372,205411.45462424215,4.509346900846289
522200,2.94448027825621,3.17312454312739,205442.34632988457,4.510167500771536
522300,2.9448844535545557,3.1737098094465104,205473.0884399924,4.51086352835828
522400,2.9453768228175328,3.174132717473931,205503.89757757928,4.511470046811396
522500,2.9458579406095318,3.1745283909441904,205538.61932925732,4.511827945440575
522600,2.946373104470119,3.175032361142326,205570.26217618704,4.512380075562865
522700,2.9469180913451587,3.175693083540588,205604.74689515392,4.513200349230624
522800,2.9473239027876663,3.176288336429663,205636.2744666503,4.51358115940419
522900,2.9478862877258734,3.176728790431814,205667.15765734055,4.514106963394514
523000,2.9483258355812234,3.177104953761485,205700.39721666212,4.5148238352667
523100,2.94874733136097,3.177628598379826,205733.48222395018,4.515638843328016
523200,2.949214218287423,3.1782820883695146,205765.32277776397,4.516239829413586
523300,2.9497297405796177,3.1788275938442547,205797.5316946098,4.516932906804084
523400,2.95028944359691,3.1795025385220614,205828.67962896224,4.517752426206936
523500,2.950748145203942,3.1798959986487834,205859.42626792548,4.518290945440704
523600,2.951268123246566,3.1805159988129734,205891.77499911125,4.518939288151151
523700,2.9517644608172295,3.1809342348180385,205927.94888670076,4.5193610037887275
523800,2.952329113581695,3.181291453988911,205963.8655582023,4.519956675753093
523900,2.9528574882650105,3.1818130465585135,206001.7180047595,4.520575744055133
524000,2.9532638859816744,3.1822800580202717,206038.43613654032,4.521155021256857
524100,2.953749892722799,3.1828721671084232,206071.54084826526,4.521892197027342
524200,2.95421965137992,3.1835100710987323,206108.4964102577,4.52270245073479
524300,2.954641186385824,3.1841185632581874,206146.13212629815,4.523126849745099
524400,2.9550436435932563,3.184711467032181,206179.01753509446,4.523883478026848
524500,2.95555219959024,3.185250654829288,206212.8160996361,4.5246336618365826
524600,2.956120531901302,3.1856661276454914,206244.93697714398,4.5250509359698405
524700,2.956676047033085,3.1860964356235515,206280.95744068275,4.525696809849229
524800,2.957196273599952,3.1865768360239994,206314.12093403595,4.5261849503117
524900,2.9576886465771484,3.1869474406788885,206348.4144507889,4.526810496030982
525000,2.958134053135494,3.187507660546364,206386.26490241018,4.527449720884424
525100,2.9586110297858825,3.1879558993275525,206423.89741450181,4.5279541113037
525200,2.9590972296535036,3.1886140997722423,206458.22235885717,4.528668189076584
525300,2.9595963365363067,3.189071946277023,206489.80379734703,4.529140212723067
525400,2.9600530859757344,3.189491616026605,206522.65734692485,4.529726826315954
525500,2.960477918015585,3.189848481728902,206557.93102181988,4.530225430512603
525600,2.9609658845288953,3.1903179763783776,206593.20424916042,4.530933332599695
525700,2.9614181863310725,3.1908609988159524,206630.72126302807,4.531370721481122
525800,2.961918826174655,3.1914170321149964,206666.10779158567,4.53175185959293
525900,2.96246589302242,3.191947521705429,206703.37567264086,4.532350256001473
526000,2.9629730628160185,3.1923350719416894,206734.74543448232,4.532844380287993
526100,2.963441329454154,3.193031727154193,206770.03550323582,4.533633140526371
526200,2.963950153243553,3.193608533913887,206803.51200029065,4.5340454199314735
526300,2.9644252453938753,3.194183088704879,206835.51007943624,4.534489543489067
526400,2.9648342734075026,3.1946189004004597,206871.13740377277,4.534981975007444
526500,2.9652955800836733,3.195206857630717,206905.3146300948,4.535405259891531
526600,2.9657661392582035,3.1956948365542206,206936.39579429931,4.536066625236163
526700,2.9662232079401085,3.1961284841197086,206966.96084514374,4.536823274187664
526800,2.966638580086886,3.1967443271485383,207002.0088635503,4.537444249468676
526900,2.9672136389749437,3.1973178356457788,207036.17385372668,4.538204321521131
527000,2.967655695339415,3.1978286871899084,207066.58063239796,4.538561175540348
527100,2.9680884122898212,3.1983108603475805,207103.30024698682,4.539016254087446
527200,2.968531045850056,3.198969109786646,207133.89770302447,4.539452154677875
527300,2.969097546515857,3.199349177243274,207164.90224183176,4.540016904204688
527400,2.9695379482949487,3.199729751308956,207195.53660228502,4.540405533150634
527500,2.9700368550274163,3.2004290191897895,207226.7524593389,4.54082045288287
527600,2.97046160990714,3.2009445188016237,207259.4144269703,4.541265965801704
527700,2.97099700641686,3.201636153891655,207291.40821273232,4.541978458936073
527800,2.9715553393101204,3.2022914550789623,207322.70674396385,4.542512880130396
527900,2.971979535993241,3.202902134834719,207354.65874793072,4.543260460965614
528000,2.9725266139001687,3.2034513559261963,207389.7492118174,4.5438941721415524
528100,2.9730219999733993,3.203964023719486,207423.21838281173,4.544624628794568
528200,2.9734902334681284,3.2044123912218545,207456.999049514,4.5451289700478466
528300,2.9739318967062016,3.204989891502033,207492.06095237273,4.545497742889806
528400,2.974362659246394,3.2056411134013123,207524.73164992174,4.5461927157473765
528500,2.9748547361811366,3.20605446997579,207558.87185637638,4.546967148064094
528600,2.975403872320259,3.206509836627278,207590.2079919433,4.5476538890811895
528700,2.975861367228488,3.2068783115133397,207620.54692300363,4.548459165737995
528800,2.97628989843915,3.2075161703844017,207656.57055011718,4.548981544607207
528900,2.9767457271658393,3.2079966092175063,207687.17172984598,4.549705620168154
529000,2.977252571188838,3.2086542118678025,207718.61184287534,4.550285269072983
529100,2.977807475038822,3.209247184320027,207752.01527798496,4.550719446079717
529200,2.978345359704423,3.209882131197958,207783.10119820767,4.551384385072153
529300,2.9788366264100703,3.2102797201797117,207814.5661427844,4.552000842374942
529400,2.9792428636903074,3.210642924267517,207849.39076640873,4.552650716127781
529500,2.979669238527816,3.2113282067302578,207879.8948005401,4.553445525443519
529600,2.980150293260203,3.211840209458326,207916.30515987574,4.553943641441549
529700,2.9805775667754912,3.2123388629706873,207953.2607036812,4.554728033478992
529800,2.9811457453704095,3.2128435679742537,207984.58918892982,4.555111915733433
529900,2.9815832586141346,3.2133194514249026,208015.72802595113,4.555616851493887
530000,2.9821518387002928,3.213997717054116,208051.2939756296,4.556009408112816
530100,2.982582270403102,3.214543265468343,208087.24625102454,4.556538483944073
530200,2.983101002045681,3.214993529028594,208120.20199381455,4.557083119854275
530300,2.983565591973141,3.2156550699736988,208153.23267437084,4.557574156600175
530400,2.9839733627370673,3.216038255812827,208187.19391287747,4.558024414356348
530500,2.9845380476667676,3.2167214782346965,208223.61242342525,4.5585299353657245
530600,2.9850416215364284,3.217342756983934,208257.12090466527,4.559071818129477
530700,2.985614973035309,3.2179537851682287,208292.39713594993,4.5595998383884
530800,2.986146230538038,3.2185200241672356,208330.00879714708,4.56039276885813
530900,2.9866280839864214,3.2191020422918624,208363.27037907153,4.560983996908183
531000,2.987181040893636,3.219621181836383,208398.85938963853,4.561732011583707
531100,2.987703947764931,3.2202282287384167,208435.50678949617,4.562182219957856
531200,2.9882677970188545,3.2207262616258525,208470.26511269304,4.562625092063899
531300,2.9888045011634876,3.2212754525661045,208504.26748799116,4.56316184419715
531400,2.989215883116772,3.221802788091771,208536.08985455218,4.563678063432281
531500,2.9897167915154674,3.2223648456972116,208572.59141660115,4.564355101913685
531600,2.9901413170780873,3.2228321781905906,208603.41610127655,4.564907339914093
531700,2.990562914542585,3.2234041344013677,208638.1473104761,4.565446272805429
531800,2.9911250876787716,3.224089828163875,208674.26010271764,4.566131441999955
531900,2.9916487576083433,3.224645630864901,208711.15371032202,4.566654464355809
532000,2.9922213163038416,3.2252280735884993,208744.96197330687,4.567426192299417
532100,2.9926630721973937,3.2256475609276016,208778.1086967945,4.567848874120202
532200,2.993198241383813,3.22613968399573,208814.04770803792,4.568663399562676
532300,2.993671806138394,3.2267613214695476,208850.0422706297,4.569458834867152
532400,2.9940993258844237,3.227340962754445,208882.0601303972,4.569984336885146
532500,2.9946128329723654,3.2280086441809943,208916.56107249676,4.570440353684854
532600,2.9950409983822435,3.228434399680873,208951.05340635826,4.571158300936073
532700,2.9954899463034965,3.2289519453628324,208987.7896408898,4.571909137289877
532800,2.9960538574326843,3.229454523565248,209020.70187020916,4.572568657306691
532900,2.996573978752998,3.2301184989600875,209054.76709242497,4.57325939826683
533000,2.996998477581055,3.2305833548454737,209088.05457472042,4.57377415057566
533100,2.9975602707527025,3.2309488577911734,209120.7644561823,4.574535272607189
533200,2.9980198156452618,3.2313150176134395,209152.19856633813,4.575240570587717
533300,2.9984559576125878,3.231769572944431,209182.63408580841,4.575857095944532
533400,2.9988787851550547,3.232253864177846,209217.737634214,4.576585990944635
533500,2.999313474983453,3.2327976763848674,209252.0073835966,4.577386712191095
533600,2.9997404119302726,3.2334443376916013,209283.49839821347,4.577884468428923
533700,3.0001401898665288,3.233811706267622,209320.44068005195,4.578518035815383
533800,3.0006346881115253,3.2344977316045163,209356.08363323094,4.579175305713962
533900,3.001176520014067,3.2348911171836034,209392.27628255356,4.579718569378262
534000,3.0016519312019545,3.2352692976489297,209428.32345843248,4.580516860640926
534100,3.0020889301337554,3.235882443942541,209462.60443172068,4.58118027663608
534200,3.0025487895183733,3.2362428234848477,209493.12415313063,4.581841239493954
534300,3.0030823922163177,3.2369373724308903,209523.46176448133,4.582442378836768
534400,3.0035484909994152,3.2375520188678797,209555.97100026827,4.583148624570393
534500,3.0040446159916434,3.2382428493255406,209586.71514217544,4.583930441656963
534600,3.004445697101679,3.2387322534285907,209618.2929886316,4.584475132652339
534700,3.0048587210897653,3.2391473551749743,209649.43824802514,4.585113100152044
534800,3.0053950345985756,3.239669618832403,209680.25535166883,4.585563973084313
534900,3.005833299690474,3.2401445408086724,209716.35732654066,4.586349863542277
535000,3.0064044613904106,3.240696760660898,209751.47198642438,4.58706872404094
535100,3.006854498912305,3.241217282750857,209782.46861662949,4.587875217078977
535200,3.007423339215456,3.241753118254816,209813.1753258376,4.5885394934652055
535300,3.0079754435325716,3.242129779237721,209848.1815412887,4.589333401095054
535400,3.008471019730202,3.2426132087369277,209884.22512292763,4.5899929913384225
535500,3.009028002307362,3.2430918887172306,209918.17487279055,4.590663181438571
535600,3.009487952832323,3.2435665596035026,209948.96265537577,4.5910557807369825
535700,3.0099767065718264,3.2439955449598457,209982.22127206187,4.5915836656040385
535800,3.0104808565676175,3.2446211291099187,210019.49725178946,4.5923197343295605
535900,3.010966782369537,3.245271077137354,210054.82931092306,4.592684419162577
536000,3.01149905421282,3.2458576757846047,210092.3543003668,4.593283348285708
536100,3.01192820494515,3.246465020654322,210128.8759605519,4.594025978722235
536200,3.0123467693634067,3.24700627728053,210159.94781923256,4.594748205912596
536300,3.012869980723793,3.2476985439562345,210195.37568284638,4.59517568156728
536400,3.01336426593016,3.2481175509799582,210229.82281047996,4.5957721082904825
536500,3.0138651940508097,3.2485622870623945,210261.27314618498,4.5961229480916055
536600,3.014320368292411,3.249016560003953,210297.29887669493,4.596911502663451
536700,3.0148822934280424,3.2494374640847,210334.76458359623,4.5974905136349475
536800,3.015438539466682,3.249863178741067,210370.48126073135,4.59795208409736
536900,3.015956772540469,3.2503394095637965,210401.3801143257,4.598447531295694
537000,3.0164248901301294,3.2509630659897804,210435.32960112393,4.599144514156862
537100,3.0169358644207365,3.251617119150812,210470.9050622694,4.599523905763419
537200,3.0174450721580888,3.252057127443524,210507.83897033593,4.599939105604281
537300,3.017980364491377,3.252528701867874,210544.54375996845,4.600665659679884
537400,3.018402750280317,3.2529524358033077,210578.0395193588,4.601088373409833
537500,3.018926802775167,3.253557974567923,210611.2063639765,4.601693146133055
537600,3.0193409998758187,3.2539124504573684,210645.94251817995,4.60222526678332
537700,3.019786901997281,3.2544617867711714,210677.3957385911,4.602841173605834
537800,3.0202016834325307,3.2548922699895204,210712.50398408948,4.603197270054354
537900,3.020616065008705,3.255324733950288,210742.79904647844,4.603559745988317
538000,3.0211867702413033,3.255795642402984,210776.2361653643,4.604368438073871
538100,3.02165237660217,3.2561546410407356,210810.54044148792,4.6051018890166
538200,3.0221026203899606,3.256583069351981,210846.48882145403,4.605682624247403
538300,3.0225585698001978,3.2569356383197814,210879.88359006704,4.606243198526212
538400,3.0230972264592064,3.2572918135877194,210912.2411132135,4.6068406027595845
538500,3.023585323505504,3.2579209522707537,210947.10532783045,4.607561042702312
538600,3.02406492128581,3.258376625009676,210980.09246943003,4.608064963953151
538700,3.0245074456916154,3.2587621033865117,211016.13417502015,4.608421452833114
538800,3.0249527914105716,3.259302072111295,211047.30084661316,4.60889847913037
538900,3.0253549763216525,3.2598398417123255,211081.45125133282,4.609469985191011
539000,3.025785402829175,3.2604100313271216,211114.116767231,4.6102562916418455
539100,3.0262012226252737,3.2607613946291383,211146.5278240788,4.610841501169723
539200,3.0266374921221653,3.2611458663110766,211181.487177298,4.611206318440865
539300,3.027101838851255,3.261607718026796,211218.53497713068,4.611642604634314
539400,3.027543291829722,3.262209448613184,211251.70663542597,4.6123270106674426
539500,3.0279616814516346,3.262802068504783,211283.22755306237,4.612743459922577
539600,3.0285304605930663,3.2631997495278675,211319.9327119836,4.613422052016402
539700,3.028967838032484,3.263813677662084,211351.62600591592,4.613848565438993
539800,3.0294093162713893,3.264437079276732,211385.48361142984,4.614181302065702
539900,3.029878078057996,3.264953597018723,211418.94107952542,4.614868837660021
540000,3.0303090450255747,3.265409176498872,211450.6829959515,4.615387518891415
540100,3.0307189875646907,3.2659032758783013,211485.89823162917,4.61618773446002
540200,3.0312149427541173,3.266262596704301,211516.61196801046,4.616705608901151
540300,3.0317252882681927,3.266938035522225,211553.1718547292,4.617291894225265
540400,3.032231224593052,3.267288108947774,211589.4544035357,4.618092053829825
540500,3.032737586960628,3.267680084494774,211626.03260033153,4.618719137607707
540600,3.0331562461288493,3.2683062619022856,211662.89473911992,4.619502719808653
540700,3.0337004702612655,3.2687595154114266,211698.2776452958,4.620292772279555
540800,3.034156005790079,3.269450040432289,211729.92695053096,4.6206990224919124
540900,3.0346412966024383,3.2698005006922615,211765.59087158,4.621418461434074
541000,3.0351370997406746,3.2703124167192317,211800.39135231287,4.622210596155729
541100,3.0356933904589023,3.270795129163119,211835.12596378548,4.622924155095438
541200,3.0361086508645867,3.2711711011279245,211871.61059698215,4.6235520999118975
541300,3.036576393236941,3.2718531195011757,211909.0058713046,4.624037254107887
541400,3.037057860985613,3.2724164753370326,211940.51368618425,4.624414557801735
541500,3.0375198137180974,3.2727836251416713,211975.66088980465,4.625152005528292
541600,3.0380633295529047,3.2732693617353874,212009.2156677834,4.625564753322174
541700,3.0385748678296123,3.273928477281239,212043.3795121124,4.626367854390196
541800,3.039017136851115,3.274599264133795,212075.07894580511,4.627109957826352
541900,3.0394675875598955,3.2751053009307336,212107.29330569188,4.627557767829546
542000,3.0399256496609195,3.27552131665988,212141.79689091977,4.628223295528669
542100,3.040351752250698,3.2759905162688265,212172.57661039158,4.628938529482447
542200,3.0408830357054795,3.27655146255912,212209.94860809733,4.629488533935623
542300,3.041350416885309,3.276973826155059,212245.4921390253,4.629966839676086
542400,3.0418603925045273,3.2775650233270746,212280.85004881053,4.630502216973492
542500,3.042424304802193,3.2780369634740123,212316.73947875394,4.631284768355106
542600,3.0428840311161336,3.2785523521617583,212348.5193570824,4.631749628432871
542700,3.0433514366639725,3.279138263468618,212378.7334532792,4.632163019162106
542800,3.0437717542179907,3.279559457106376,212415.6473342764,4.63260191188742
542900,3.0442407878855553,3.2802307021051105,212449.83406428713,4.633059936895897
543000,3.0447006880902054,3.280585955196642,212485.98049871033,4.6338169221148195
543100,3.045106079532037,3.2809410070569567,212519.20651300828,4.634585755881106
543200,3.0456303904507993,3.2814445735711106,212549.817928487,4.635224800734172
543300,3.046033488231415,3.28196563785596,212582.48981432908,4.635591356479443
543400,3.0465293512943656,3.2824758358652515,212617.89292790802,4.636234972364139
543500,3.046963218873195,3.2831458592235823,212648.4767429122,4.636568950564944
543600,3.0474308370298924,3.2835516662814257,212680.23889563297,4.637258579405331
543700,3.047945452072964,3.2839222763612415,212717.5493783506,4.637926447976889
543800,3.048444011667523,3.2845237647075667,212749.16244156874,4.638436076766058
543900,3.0488403109309505,3.2852089619007567,212781.45731925638,4.6389035329423
544000,3.049289765383739,3.2858443619174413,212813.73887185537,4.6394263352215965
544100,3.049777614022784,3.2863229176731448,212844.24566528038,4.639938895823054
544200,3.050217520994016,3.286686688202663,212876.71691547288,4.640449905860678
544300,3.0506591648564987,3.2872332813715515,212910.54294243013,4.640986928371252
544400,3.0511293808585513,3.287629328967137,212942.5054989299,4.641715846993161
544500,3.051609724785618,3.2880626555865295,212976.88464403924,4.642383467709271
544600,3.0521605998692003,3.288671681087774,213007.5739481078,4.6429403199263115
544700,3.052586394129119,3.289202103793604,213040.77439482833,4.64367164293142
544800,3.0531214108415528,3.2896394418096753,213073.60247467516,4.644193624289982
544900,3.053622352670306,3.2900926799759294,213110.61844129645,4.644561193421663
545000,3.0540929041949156,3.290472585660384,213143.14689690666,4.645362313825579
545100,3.054593440686283,3.2910750481422153,213174.68337621717,4.646148824748537
545200,3.055068098570351,3.2914801154259883,213209.1759544553,4.646729551632364
545300,3.0555781670208813,3.2921008281321313,213246.07081973174,4.64749100156578
545400,3.0561060807354585,3.2925091757286364,213278.83888221736,4.6481212901383095
545500,3.0565412672259815,3.293043802943227,213311.54112921044,4.648857433315545
545600,3.057001451155134,3.293544606747808,213346.8612147627,4.649606578265018
545700,3.0574807528526216,3.2940568190892194,213379.07200542564,4.650166579509347
545800,3.0578815470263088,3.294669414653968,213410.31013911395,4.650956704166646
545900,3.0583255844795056,3.2953193483736944,213445.073780788,4.651587015614431
546000,3.058799762052882,3.2958706255165744,213480.6786538998,4.652275777914025
546100,3.0593022849600895,3.2964624346687734,213512.00975823277,4.652927525632977
546200,3.0597246424911098,3.2970201660530596,213548.90775895372,4.653359845891464
546300,3.0601657816115644,3.2975108937158346,213581.31477674513,4.654037654919677
546400,3.060705020635943,3.2980205117290344,213614.82876662046,4.654726074358227
546500,3.061106362060293,3.298566638378708,213647.78962300767,4.655445730826995
546600,3.0616608143825426,3.299216802688747,213680.0015969229,4.655926280400233
546700,3.0621922136436086,3.2998086606959385,213716.78025254916,4.656628455393318
546800,3.0627119847041984,3.300448572423286,213752.74243490136,4.657183210267285
546900,3.063128404399394,3.3008413075067695,213788.95931121096,4.657691887443954
547000,3.0636691487366408,3.3015207604017247,213825.9227971032,4.658412312259173
547100,3.0641168232142393,3.3021792751603205,213860.40985953476,4.659161967290848
547200,3.0645935855815036,3.3027821869808665,213895.89882023406,4.6597281132934265
547300,3.0651487481536717,3.3033048179941433,213928.5422612376,4.660199496759957
547400,3.0655459766896525,3.3037031084758723,213958.68372315707,4.660556378273772
547500,3.066093201127421,3.3042994620301864,213993.88193075903,4.660971366231005
547600,3.0665362604493356,3.304727403521997,214026.84863429292,4.661607959371918
547700,3.06698540015682,3.3052661021930256,214057.45728381988,4.662060328288178
547800,3.0674346903185494,3.3057786150374358,214091.22291148672,4.662804810280675
547900,3.067860598809121,3.3062222424585994,214125.50098565215,4.663350657950931
548000,3.0683732296307142,3.3065906828068865,214160.45413388492,4.663886331559889
548100,3.0689050901790678,3.307156396867194,214192.84159189137,4.664523576066884
548200,3.0693047312728012,3.3077214866474396,214228.10728172777,4.665113538160706
548300,3.0697476625839633,3.308339556685655,214260.93948096744,4.6657928131407775
548400,3.0701804108212087,3.308718485330633,214295.67182756713,4.666176076235519
548500,3.0706259592608096,3.3090700897143575,214325.60955957862,4.66686174052558
548600,3.071035555645838,3.3095473592071154,214360.14115762574,4.66725483991624
548700,3.0715765983840746,3.309988855692815,214397.3040661704,4.6677108289228295
548800,3.0720550923096326,3.310374409330615,214428.73089895234,4.668303062224004
548900,3.072548487792586,3.310806072690143,214463.38448911346,4.668649597862555
549000,3.0730104354473964,3.3114826842150413,214494.3351923187,4.668981986598378
549100,3.0734863010377054,3.3120054483820267,214529.4610461937,4.669414740051516
549200,3.0740271883434014,3.312523018251148,214561.4604406227,4.670055112388614
549300,3.074577129172877,3.3129357925640837,214597.00651947557,4.670390407325481
549400,3.0750087597245988,3.313546867250407,214631.230300175,4.670903957239314
549500,3.0754187195266223,3.3140966292337497,214662.5874709071,4.67165164757614
549600,3.0759561475012878,3.3147705455892016,214694.02021200248,4.672366203570625
549700,3.076356988662158,3.315167164299027,214724.90445125487,4.672849010828202
549800,3.0768148499327985,3.315812899605128,214759.25822516272,4.67361796322685
549900,3.077260707694222,3.3161654696171823,214792.60758358514,4.674057024248014
550000,3.077788917980401,3.316729829705514,214826.7354825167,4.674831766631411
550100,3.0782818434755264,3.317276936021217,214860.84225613115,4.675236103668013
550200,3.0787321403650902,3.317634056168836,214893.0185678628,4.675854837327339
550300,3.079216711411245,3.3181337711489167,214925.08225079754,4.676476513838634
550400,3.0797698211797235,3.3185899545592386,214955.74069411962,4.677129487522905
550500,3.080231478093257,3.3190654003882862,214988.51239935154,4.677668384726144
550600,3.080644516500954,3.319652051446801,215019.55058449748,4.6783819624249325
550700,3.0811585421022687,3.3201785301936035,215050.66234989613,4.6790009336115075
550800,3.0816217180877605,3.320656647810874,215085.34713729232,4.679510809687959
550900,3.0820361930151967,3.3213446989871858,215115.96891906078,4.679936817133727
551000,3.082570400240542,3.3216990467886145,215146.3727218115,4.680307255348846
551100,3.0830309858247666,3.3220837975449817,215182.55911092405,4.680815160903527
551200,3.0835480195971816,3.3226797572843108,215219.24800165594,4.681204346428844
551300,3.084106950143428,3.3230717502314837,215256.32873806797,4.681750889084481
551400,3.084659956336027,3.323422803360532,215290.3420838506,4.682453631611421
551500,3.0850593540744238,3.3238496416952943,215326.67241030786,4.6828969466874035
551600,3.085558019421815,3.324331706026249,215358.70650299118,4.683291725553143
551700,3.0859775240790093,3.325002578657577,215388.9442753196,4.683816735857453
551800,3.086514912580059,3.3254563822713945,215420.1397574257,4.684489796479387
551900,3.086996422972505,3.3258736377676406,215455.11554491997,4.685243617832645
552000,3.0874931899593574,3.3262999993038096,215488.21412153903,4.685959757643462
552100,3.0880340440759912,3.3269745989561206,215523.45406011396,4.686329079723556
552200,3.08849355086424,3.327566547284385,215554.52239720407,4.686679789396858
552300,3.089000270061185,3.3279269838774312,215588.60252802595,4.687473728850541
552400,3.0894534312084394,3.3283340477575973,215619.4769860244,4.688102799456252
552500,3.0899572654069125,3.328911820675535,215655.8797606125,4.688668639150843
552600,3.0905160301119707,3.3294595808738454,215689.15301023851,4.689434613152915
552700,3.090960761703247,3.3300781579751293,215721.7162299811,4.690158640663891
552800,3.0914538263844755,3.330480368990763,215758.59049102716,4.690956027095054
552900,3.0918854200121664,3.3309101696616246,215788.63924495273,4.691617417364954
553000,3.0923527196082294,3.3314524903325444,215823.65101232694,4.6919569860464945
553100,3.092907923412049,3.331976462133059,215856.0788049655,4.692563351461908
553200,3.093345523945022,3.332654656727836,215888.48196242948,4.693162975076489
553300,3.093846913296935,3.333033002792728,215924.77973398034,4.69349307729327
553400,3.0942708435793453,3.3333948461724296,215957.5618318856,4.694108299831937
553500,3.0947874702300178,3.3340471380331174,215991.05463635747,4.694589600980466
553600,3.0953202863284166,3.334704354080071,216025.0202708913,4.695017708210765
553700,3.095756322306156,3.3350983286197122,216060.28299865566,4.695697335632221
553800,3.096282012287969,3.3354690254115105,216096.708170359,4.696433070925775
553900,3.0966840309945933,3.3359076099465477,216129.48722387667,4.697123008996523
554000,3.097154224949167,3.336591378540247,216160.82052634354,4.697496053035032
554100,3.0975917637017654,3.336968050922925,216192.19895962998,4.6980578869471215
554200,3.097991992562408,3.3374700810819604,216224.6565461567,4.698765165067222
554300,3.0984652154483365,3.3379888851002044,216256.8717850307,4.699347831596962
554400,3.099015196639082,3.3384575473836944,216288.4987590408,4.699679496502958
554500,3.0995432070697095,3.339121837729527,216319.64363854975,4.700476423044376
554600,3.100011488114693,3.3395971511917764,216353.4339546722,4.70108972637651
554700,3.1005062552465734,3.3400885778323377,216385.0336788675,4.701793055832975
554800,3.1010136107270116,3.340689566786853,216421.66996316033,4.702220843393951
554900,3.101501717056038,3.341193038592717,216455.83196073186,4.702734958141875
555000,3.101960235286187,3.3417629275578067,216488.25886860117,4.703091810528131
555100,3.1023790068221735,3.3424049011261334,216519.15804704413,4.7035435099371865
555200,3.102807782686526,3.343013252621794,216552.17127752161,4.703937919922541
555300,3.1032364143895044,3.343370162283458,216582.12551399693,4.704353804885055
555400,3.103773138910741,3.3438113131237364,216616.5422122305,4.704734555607643
555500,3.1043173861310454,3.3444545625181332,216647.92098044875,4.7055195361090645
555600,3.1047418496447765,3.3448742784640793,216681.4458726666,4.706150947331865
555700,3.1051630133761736,3.3454923046289937,216712.08947068293,4.706711310249728
555800,3.1055900346200533,3.34604910851986,216745.26513503413,4.7071494180632225
555900,3.106028693700903,3.34653136206065,216779.4685239178,4.707883380573449
556000,3.106583043343631,3.3470131345557927,216810.97865202374,4.708670128041445
556100,3.1070228564183378,3.3476008165817013,216844.76372093675,4.709271457361176
556200,3.1075265280540343,3.3481252687745515,216877.75409809413,4.70972771220908
556300,3.1079620876391707,3.3485952737791793,216914.26692677801,4.710517447292943
556400,3.1084547153395574,3.3491433661250034,216946.3596914987,4.710870762274932
556500,3.1089312506229825,3.3497363704870797,216977.323312228,4.711305039581847
556600,3.1093635017149586,3.3503319528959072,217007.02737261757,4.712009392390505
556700,3.109834930485968,3.350749081287708,217039.28410566118,4.712747792297343
556800,3.1102409140855465,3.3512920872888543,217071.80526569058,4.713162448319244
556900,3.110670148131578,3.3519351166021596,217108.42729324024,4.713703933519792
557000,3.1111001374243834,3.35253252904067,217142.40949508638,4.71418078676147
557100,3.111652178362847,3.3529709583441694,217172.291837859,4.714831142213003
557200,3.1122023304324156,3.3536523861227154,217204.8566028854,4.715510121695963
557300,3.1126022847920374,3.3541911782380125,217237.74380760212,4.716148476284278
557400,3.1131566539722417,3.354712410507165,217268.35460097188,4.716616558026835
557500,3.1136404847847627,3.3553816424338416,217305.20572046697,4.716948811984626
557600,3.1141800122910612,3.3558521194403754,217340.79284714544,4.717630474686184
557700,3.114575939077271,3.3562058411039417,217371.52952938672,4.71834897060601
557800,3.1150979379892254,3.3566487711996142,217402.26762930368,4.718739406835224
557900,3.1155699825580254,3.3570773407820127,217438.975879411,4.719087299998806
558000,3.116000963741355,3.3575536886119157,217475.38063058368,4.71950876155021
558100,3.116475516450527,3.358004863729379,217505.27433057324,4.720234473648438
558200,3.117002481001121,3.3585885505463344,217540.62187282502,4.720915715042544
558300,3.117557810849922,3.359221245833724,217576.49510957577,4.7215506491867005
558400,3.1180511136878937,3.35987426088647,217613.10245352128,4.722028023391358
558500,3.1185077752430015,3.360337356128993,217645.06112458106,4.722597600110183
558600,3.1190438675450727,3.360969488746893,217681.0560703058,4.723300071606604
558700,3.119467142322252,3.361556612576634,217711.42729099334,4.72366154020682
558800,3.1199758602764964,3.3620482683013644,217746.05695274004,4.724056644123556
558900,3.120375071407244,3.3627129165507053,217779.1928159192,4.724839963128179
559000,3.1209174489110167,3.3632509262716472,217815.60840152792,4.725596761741975
559100,3.12145259717817,3.363851441025585,217845.81467238217,4.726203748688249
559200,3.122006546035228,3.3644867131775262,217876.71290073334,4.726857287974147
559300,3.1224863010927026,3.365149702736708,217911.62791591833,4.727275790376211
559400,3.123022939137879,3.3655985818785057,217947.1130850185,4.727723242701291
559500,3.1234486406337227,3.366232493943483,217982.96173030487,4.72815990037251
559600,3.123943739935872,3.366828807578409,218019.69412777992,4.72857215457069
559700,3.1244219696107036,3.3674655696750713,218056.0289128826,4.729146144738055
559800,3.1249135764067315,3.368049450213983,218087.27082692448,4.729908873274286
559900,3.1254022016026552,3.3684590807174777,218124.02331729024,4.730238768615071
560000,3.12583913401484,3.3690997350649385,218158.00888205774,4.730738980462254
560100,3.126325625063258,3.369688021863704,218191.98505934555,4.731235470411956
560200,3.126843339392762,3.3702260647284787,218228.60300925586,4.731837431443928
560300,3.1273360885189208,3.370634765636828,218264.34804099423,4.732482213267663
560400,3.127780813294393,3.371153463364052,218300.47461330972,4.733163566539711
560500,3.1282651098394005,3.371546682658857,218333.92259158348,4.733808893557477
560600,3.1288168986375533,3.3721951016662084,218364.77862906724,4.734390866820006
560700,3.1293694099405984,3.3726944863762616,218401.48172013173,4.734739019422226
560800,3.1298410879194796,3.3731777786580395,218435.9926465898,4.735088520570194
560900,3.130243382525408,3.3738504976149613,218470.86598737029,4.735553228600031
561000,3.130702119642617,3.3742816992013855,218502.4561806755,4.7361814688248085
561100,3.1311655257145206,3.374880185896311,218536.65333700745,4.736842207845623
561200,3.1317191616968736,3.375231519618166,218568.4200476382,4.737479672198138
561300,3.132119826853198,3.3758548482283266,218598.32928397166,4.738093556825714
561400,3.132516471628463,3.376255548367815,218632.30414222204,4.738746991538518
561500,3.1329671478793655,3.3768337683439356,218664.37056141876,4.7394870385235555
561600,3.133456755381977,3.377215067036108,218696.516729109,4.739999599547232
561700,3.133914243178907,3.3778514548054024,218727.19997433585,4.740578515351136
561800,3.134444139091517,3.3783393023969572,218756.91943399783,4.741157863829747
561900,3.134871676100502,3.3787059649892925,218790.79094003694,4.741923033033725
562000,3.1353540130681217,3.379260485634742,218827.3891334809,4.7424634657000295
562100,3.135858254371332,3.3797274513412496,218859.8936770017,4.743083341417844
562200,3.1363076699360635,3.3800931066847912,218896.15613234643,4.743822842222117
562300,3.136731804584263,3.380640621868151,218927.48662895156,4.744316995276327
562400,3.1371412773363767,3.3812625086895465,218962.26772387954,4.74509683995238
562500,3.1376220072448473,3.3816847667450993,218995.65599803277,4.7456542746650925
562600,3.1380537171729648,3.382113346486305,219025.66862220486,4.746130331069452
562700,3.1386007555153213,3.382569088512523,219062.1969293948,4.746805181248819
562800,3.1391234152677354,3.3830474647205087,219097.75216031968,4.747258094503931
562900,3.139577228192031,3.383624869868204,219128.39058768752,4.74774307656982
563000,3.140060397840396,3.384083712310378,219157.97818390888,4.7484940407425755
563100,3.140557173062868,3.384480469680286,219193.43559690224,4.749011905817704
563200,3.1410660310368606,3.3848271143332465,219225.28550665636,4.749690608657081
563300,3.141621189923793,3.3854719415746786,219255.16823707384,4.7500457277623545
563400,3.1421531399464384,3.386051592914436,219287.56675558552,4.750543745909907
563500,3.142582332707759,3.386449434695832,219319.48252553077,4.750882727311612
563600,3.143113302592637,3.3868629055555926,219355.36280419078,4.751351712194538
563700,3.143624643245192,3.3873573093574225,219388.6161629663,4.75197445670075
563800,3.1441002083904364,3.3878768673446564,219420.3033675817,4.752403713233546
563900,3.144496556399859,3.3884052081650413,219453.53501346655,4.752791302544749
564000,3.14489693017889,3.388864566373338,219484.7574189454,4.753137046375899
564100,3.1454344864747523,3.3892362965422236,219515.69739517497,4.753695505584446
564200,3.145926072619739,3.3896080212115516,219547.2821457379,4.754246528175755
564300,3.1463270139799495,3.3899683080171954,219583.09092408716,4.754819906018674
564400,3.1468529881018026,3.3904603197338274,219612.98511523125,4.7554590352607145
564500,3.1473008833581204,3.3908126122043702,219645.8919430891,4.756059651217118
564600,3.1477626536277863,3.391235812644469,219678.69774442146,4.756549954108789
564700,3.1482197175988986,3.3917095958500356,219713.82865433613,4.757250352089893
564800,3.1487534303764173,3.3923877786418055,219749.1002943063,4.757780524052182
564900,3.149164640030149,3.3930253359725397,219780.4503838261,4.758474258693613
565000,3.1495652259261715,3.393620585637909,219809.97596195235,4.758912561869771
565100,3.149953552608274,3.3941964423983553,219843.90685181625,4.759257167272648
565200,3.15043882426049,3.3948647148240294,219877.54340565347,4.7598217255165824
565300,3.1509756755992773,3.395241850316512,219913.18424300585,4.760529371975735
565400,3.1515137156077784,3.3957106644491284,219942.79172242686,4.76126142107642
565500,3.151962718856409,3.3963414484368766,219974.03956435045,4.761926741101839
565600,3.1524329225994006,3.396704184545692,220008.0998935322,4.76255429193152
565700,3.152856844441997,3.3973270424954864,220038.92223241442,4.763197370004703
565800,3.1533152461359477,3.3977990392415496,220070.3836720129,4.763823632767189
565900,3.153859631557547,3.3982083021691936,220105.90824076053,4.764309165218213
566000,3.154381203972595,3.3987225727382246,220142.01027149847,4.764945464322778
566100,3.1548839275632226,3.3993968727373356,220173.2243798256,4.765339745238574
566200,3.155322363917374,3.399859098898676,220206.0123631975,4.766122248846494
566300,3.1557107904861437,3.4002885027118883,220240.5889075167,4.7667697784373875
566400,3.15615979557147,3.4007234034383527,220273.37015118293,4.767493990365602
566500,3.156636669356959,3.401116589305655,220307.38026973192,4.768270763070987
566600,3.1571270822039352,3.4015445785753515,220340.4796640963,4.768650284776086
566700,3.1576165576037845,3.4021181544026393,220372.950371313,4.76907165148726
566800,3.158157567020377,3.402670315678877,220402.40042233965,4.769822971279789
566900,3.1585736421379145,3.4031689582592675,220438.98007431603,4.770267179251679
567000,3.1591099210448896,3.4036329501428435,220469.53684768133,4.7706043049165086
567100,3.1595456788744554,3.4042598431413365,220499.48845336275,4.771069051924113
567200,3.159936614566137,3.4046137318325513,220531.13766807684,4.771564599682462
567300,3.1604203195613834,3.4049905704170205,220564.72254966106,4.771977353036328
567400,3.1609340423132837,3.4055397657925344,220596.4169104049,4.772443077720323
567500,3.1614809564012734,3.4061381062593323,220630.55510036208,4.77298805670153
567600,3.161904540511774,3.4067560168147923,220662.47087240717,4.7736663107954564
567700,3.162312364575963,3.4073769798877427,220695.175332472,4.774213998971555
567800,3.1627648531781314,3.408026474636453,220726.25189320813,4.774603916534705
567900,3.163295015192048,3.408590050965478,220759.90280112173,4.775384782104713
568000,3.163718623218155,3.4090990120493183,220789.8669628741,4.776089912118994
568100,3.1642407978823384,3.4097326310868272,220823.3632849822,4.776813209714122
568200,3.1647397347428856,3.410086936698774,220859.65303176595,4.7775161549833
568300,3.1651524346218958,3.4105599128446538,220889.54952514952,4.777940466101066
568400,3.1655663270204313,3.4111965827779995,220924.2007821413,4.778633249275534
568500,3.166028661155509,3.4117251832344206,220955.46172695694,4.779320786049717
568600,3.1665423193241997,3.4123392252093105,220985.39072624178,4.779830394376438
568700,3.167035235753654,3.4128168337392077,221017.49516675717,4.780357496501721
568800,3.167525652160126,3.4133487564647944,221049.11514411808,4.781134886322722
568900,3.1680681379972384,3.41402470027009,221084.0923386533,4.781605904449323
569000,3.168513024374507,3.4145172321546684,221115.7018311712,4.782155322159243
569100,3.169045058254231,3.4149213660264977,221145.32880870384,4.782523796037796
569200,3.169533976408027,3.415426078587522,221181.451650409,4.783272553148955
569300,3.1700321687822046,3.4159985791639587,221214.920039708,4.783830726421721
569400,3.17046027945745,3.4165392375430907,221251.35068341,4.784535068953065
569500,3.1709718225101238,3.4171315269238596,221284.18313597603,4.785200685613959
569600,3.171361773439003,3.417772150287898,221318.73997545318,4.785884465251907
569700,3.1718348669558067,3.4183326017276805,221348.68649493967,4.78648173573074
569800,3.1723118591341404,3.418842150831568,221380.64261083532,4.787013545316841
569900,3.1728670893780024,3.419206809430546,221409.9819813015,4.787716539882395
570000,3.173261364990534,3.4197197405207054,221441.86773622682,4.788140892147361
570100,3.1737368708724576,3.420180132879594,221475.46683689003,4.788742966402819
570200,3.174205015235168,3.420536239441871,221511.7496807275,4.789520678043413
570300,3.174591228826479,3.421085594123183,221545.96122841034,4.790013567440807
570400,3.1751427142908124,3.421761713883935,221581.11737238878,4.7907302102134945
570500,3.175577464704833,3.4223536950929203,221616.30645010807,4.79112977355315
570600,3.175966887234059,3.4228958499231714,221646.26348231186,4.791859098866398
570700,3.1763666870712943,3.423320130401441,221676.05785390196,4.792565391604642
570800,3.176835834756786,3.4237697907911566,221705.99950566245,4.79301853257584
570900,3.177381184576128,3.4243279801403617,221737.03444140198,4.793358914716379
571000,3.1777719251169585,3.424878160294876,221768.20297555794,4.793857634271895
571100,3.1781865248702315,3.4252705076193672,221801.12290566243,4.794361439952529
571200,3.1787333759791334,3.4258259398744304,221830.75357826526,4.795124811655285
571300,3.179183082724263,3.4264979568623684,221865.82358328192,4.7955955867629925
571400,3.1796407651512917,3.4270083076744298,221896.48026280163,4.796249242771009
571500,3.1800337579640217,3.4276722888862348,221931.59137400225,4.796808145566554
571600,3.1805873108657683,3.4282754141237106,221964.6340832375,4.7972328906179715
571700,3.1811102073464976,3.4286391217780112,221999.15447190663,4.797914480461678
571800,3.181606870459444,3.429239815379195,222032.95936749206,4.7986438153593225
571900,3.182019736934791,3.429641313862817,222062.47756455775,4.798997518563273
572000,3.182438941812108,3.430301469686493,222097.39936094676,4.799771311699787
572100,3.182868382202786,3.430701514129757,222131.0418451887,4.800281978322856
572200,3.1833314813094677,3.4312050398672254,222162.694398856,4.801027792247907
572300,3.1837981268868396,3.431779428656816,222198.49754057423,4.80135360396959
572400,3.184323357639126,3.4322947344341594,222230.5308056639,4.80167600876826
572500,3.184716131997279,3.4327073488686275,222263.63549673418,4.802315412878073
572600,3.1851828741236776,3.4331832005591343,222299.70969793067,4.802726780372987
572700,3.185572853382577,3.4338099279415597,222334.60522147725,4.8031332644175935
572800,3.1861028689147743,3.4342681054698416,222364.5653919456,4.8036291487549265
572900,3.1865704738771403,3.4346695279997204,222394.06436460695,4.804227945065789
573000,3.18700753914948,3.4352978139578094,222425.62432448083,4.804967909542434
573100,3.1875104666817298,3.435867402860783,222461.5690045058,4.805372742719064
573200,3.188003852950171,3.4364074063355283,222494.5836208424,4.8060570427833005
573300,3.1884400649016578,3.4368540841833264,222524.99869187712,4.806537115731602
573400,3.1889546810715212,3.4375162822055656,222557.96988519377,4.807233556687857
573500,3.1894517480464404,3.4381340537583,222590.6593590222,4.807833711785582
573600,3.1899963056775285,3.438677872081431,222626.77644287466,4.808397328068811
573700,3.190510952720536,3.4392293625831636,222659.1189750118,4.809112844288057
573800,3.191053653051487,3.4397462754965105,222688.54918391316,4.809878522704565
573900,3.1915605929175355,3.4404122775014194,222724.0110915661,4.810349916182529
574000,3.1919889125703715,3.4410034685006705,222759.71980643907,4.810731058617872
574100,3.1923909960428163,3.441464331089725,222794.28600445733,4.8111034636793235
574200,3.192923989583649,3.4419957697237042,222828.76433019424,4.811807858665937
574300,3.1933889558152644,3.442366045865188,222862.0574536498,4.812363304693871
574400,3.1937843897703537,3.4428951443572737,222893.690765381,4.812803280033195
574500,3.194187888596052,3.4433903595219264,222929.28242155825,4.813344958086596
574600,3.1946082104751463,3.4439488977948174,222959.33110898043,4.813676994675511
574700,3.1951518355604134,3.444494421065694,222989.28734403814,4.814123767850004
574800,3.1956668559928407,3.445045513929649,223023.26736267158,4.814604359604972
574900,3.196186030686459,3.4457045562001913,223052.57304599657,4.815243056688116
575000,3.196690265738483,3.446064423462476,223084.55280297197,4.815797513174443
575100,3.19722288078484,3.4464935892733295,223117.17420301164,4.816574387657793
575200,3.1976233401294354,3.447067569495753,223151.97718460902,4.817248452000152
575300,3.198036966398189,3.447703798955178,223187.9988470551,4.817872206890771
575400,3.1984560081321343,3.448355751753703,223218.95995373058,4.818565178650773
575500,3.1989986607575114,3.4487642860173207,223252.39902299285,4.819074199857759
575600,3.1994881845230623,3.449113059733634,223286.47475003084,4.8197828487139756
575700,3.1999411056340734,3.4495493593974484,223321.79844723342,4.820439966142038
575800,3.200375778668066,3.450209364478097,223352.65587306704,4.820919593176294
575900,3.2007649294689515,3.450872125542407,223388.98587522854,4.821383252895361
576000,3.201267113840119,3.451476578824469,223420.33648810728,4.821852675628001
576100,3.2017893268942177,3.4521314686206916,223452.75632934552,4.822631898340905
576200,3.202302560349846,3.4524767517690016,223482.35756120807,4.823241023639813
576300,3.2028509586387615,3.453124231941949,223511.79570221566,4.823921460892709
576400,3.2033273727143365,3.4535721403651776,223542.09236933338,4.824655791346291
576500,3.203749418761872,3.4539623841213163,223576.44900090972,4.825206528175203
576600,3.2042521471339507,3.4543500306962045,223607.96166929364,4.825545149350132
576700,3.20470193896955,3.454997547280617,223641.03985042011,4.82608874899791
576800,3.2051846592476836,3.455350846097938,223671.70958831868,4.826487522865633
576900,3.205677652618954,3.455975404698986,223707.2498693521,4.82721827290098
577000,3.206217343121852,3.456538828555778,223737.97013607607,4.827822057554076
577100,3.2067542900842056,3.457045868562163,223772.6370686453,4.8281453378347
577200,3.207145290178611,3.4576996195682437,223802.2022676146,4.828552405789836
577300,3.207558877091202,3.458303965662679,223835.7553652094,4.829317347703112
577400,3.2080857028986967,3.458885006139991,223866.28192224586,4.829786173521947
577500,3.208532978824054,3.4594412945719557,223899.41504091007,4.830318634236267
577600,3.2089726196128128,3.4600038016301764,223932.15521014231,4.830968190423111
577700,3.2094290032280535,3.460607145683111,223962.66311644067,4.831421551550887
577800,3.209976862207585,3.4611765219958532,223993.4835387714,4.832116297733142
577900,3.2104203168319385,3.4616414800354325,224027.02878404807,4.832584710251932
578000,3.21093758073803,3.461981950865308,224057.04840272473,4.833121355820375
578100,3.2113250166405063,3.462422357075188,224088.59525449984,4.833798044732327
578200,3.2118551272495206,3.4627919916005134,224119.84795079698,4.834399194419531
578300,3.2123239326330864,3.4633620416089044,224152.328022711,4.835004728955061
578400,3.2128305472707965,3.4639484063360677,224184.48276808808,4.8356384463114175
578500,3.2133478726413007,3.4644001032698117,224215.24475400327,4.8361919141173795
578600,3.2138581814930856,3.4649861057956732,224244.40143432067,4.8365731178088005
578700,3.2143039151361856,3.4655539216739353,224278.56963520165,4.837286005958331
578800,3.2148463291378553,3.466219505811837,224311.7474951806,4.837971073089508
578900,3.2153951106832355,3.4668602567707696,224341.2841079809,4.838644941619443
579000,3.215809480089428,3.467252419255738,224374.30255386667,4.839118561663594
579100,3.216275237140617,3.467789659642382,224404.2314218069,4.839633142448997
579200,3.2167679101988726,3.468137660379114,224440.48863511128,4.840294636221123
579300,3.217207862205501,3.4686693503306536,224471.62843550195,4.8408120054884725
579400,3.2177261855919963,3.469282847378669,224507.30076629046,4.841179915327977
579500,3.218216177343188,3.4696809180445443,224538.0073191124,4.841587147911061
579600,3.218709472972389,3.4701628649885308,224573.08698304248,4.841959591833727
579700,3.219198868697115,3.4705269620696435,224603.3032569833,4.842577033789289
579800,3.21961321162752,3.471169039689102,224634.47970239486,4.843049228643515
579900,3.220072779487453,3.471787823184612,224666.600414473,4.843454357242633
580000,3.220622943520802,3.4722444533556653,224698.66939651262,4.8439775957772655
580100,3.2210764442708486,3.4728174230738857,224732.03528294354,4.844314239560201
580200,3.22152843943969,3.4733531246050506,224764.30803638147,4.844746761419496
580300,3.2219795746653785,3.4737843513457367,224797.40172434796,4.845196958041765
580400,3.2224430623710862,3.4742880939140295,224831.75794463506,4.845619985892002
580500,3.2229603524740327,3.474885791378581,224862.76914004615,4.846080192176886
580600,3.2233543406649003,3.475437883571234,224892.7032512428,4.846664418002422
580700,3.2238045429181046,3.475942266610738,224924.53333281176,4.847358204417606
580800,3.2242532320545267,3.476385873111312,224958.16467097864,4.847870105626468
580900,3.224733535127608,3.476893603633827,224987.819764317,4.848641408950746
581000,3.2251992652398984,3.4775580479491643,225022.70688923902,4.849014084296432
581100,3.2256970814611057,3.477982862956824,225057.22267292344,4.849543215938346
581200,3.2260986212112863,3.4783565998558585,225091.50478151336,4.850106123094768
581300,3.2265376027167094,3.478794422869301,225124.58191532298,4.850699687981263
581400,3.2270824813105494,3.4792961332030616,225157.5542659114,4.8512328757032925
581500,3.22756342873762,3.4797063503051735,225188.18142115232,4.851947238248078
581600,3.2279777934381495,3.4802138049240883,225219.4599717901,4.852369761522574
581700,3.2284032908716913,3.4807234818145982,225253.62498678864,4.85298910279132
581800,3.2288686177520196,3.4813178388806123,225288.12632125075,4.853381898919609
581900,3.2293289555073206,3.481925917626208,225322.1764520737,4.8537193017399805
582000,3.2297299963529986,3.4824582643266853,225357.24238152406,4.854325291379996
582100,3.230215971309001,3.483036082507599,225390.65946030832,4.8549830115839985
582200,3.2306750071540904,3.4836042543760737,225422.44569186773,4.8554581725148855
582300,3.2311598672366375,3.484250924144274,225456.77759235198,4.855862844715477
582400,3.2316442145311104,3.4848554853445783,225489.56848700315,4.856297741462231
582500,3.2321093191202652,3.4855177223659553,225521.96655494318,4.856622390031612
582600,3.232604282614649,3.4859537628958437,225557.60266883162,4.857277919804144
582700,3.2330415085781,3.486528856102745,225593.1824205258,4.857680577093493
582800,3.2335275757558044,3.4870987406125873,225628.64691936932,4.858015610125413
582900,3.2339274385817944,3.487707944156533,225663.30008006454,4.858520101344636
583000,3.234320938463922,3.4882640750470895,225696.14126792614,4.858859785907259
583100,3.2348558686786246,3.4888583434358322,225725.713055107,4.859572828740783
583200,3.235280818992644,3.4892675728634113,225759.1924447231,4.860023264354717
583300,3.2357786748507755,3.4897426367533098,225793.32467389296,4.860620426573506
583400,3.2363151304269513,3.4902575588784384,225825.51311687543,4.861388079174452
583500,3.236801717826999,3.4909088793339467,225858.56563062823,4.861811734081403
583600,3.237253508631184,3.4914948883872725,225889.75309486614,4.862218004023914
583700,3.2377527364649485,3.4919862017098127,225925.65043184935,4.862971649810662
583800,3.2381964395356273,3.492406932485494,225961.56481877624,4.863492379326257
583900,3.2387009797745536,3.4930726270180275,225996.74642896748,4.86406758665312
584000,3.239119791248815,3.4935918723759634,226028.05323627763,4.86471375967682
584100,3.2395161495903566,3.4939334935182353,226061.70102564737,4.8651214052627365
584200,3.2400067119872955,3.4945300816137674,226092.33781428038,4.865841218275518
584300,3.240517185168942,3.49517065859783,226123.41990116952,4.866431766121079
584400,3.241018887883345,3.4955580797080064,226153.10775265572,4.866964013509552
584500,3.2414358166784307,3.4961357022930257,226183.33282677177,4.867573520276237
584600,3.241890533556108,3.4966628839917293,226218.94882323136,4.8680626472552015
584700,3.2422764515529097,3.4972989364221525,226255.04433409346,4.868759761873009
584800,3.2427062355687437,3.497934554939106,226285.73535820053,4.8691110007145015
584900,3.2431006536061417,3.4982831455350007,226316.99227971464,4.869832291812119
585000,3.243578086772009,3.4987498119067433,226351.34057500964,4.8705223311322134
585100,3.244073616320383,3.4991395070198092,226385.7861122611,4.870948584117075
585200,3.2444866757342563,3.4997426111623082,226419.57552381954,4.871472559193017
585300,3.244888614581435,3.500254987770207,226454.11384882897,4.872084182559125
585400,3.2454284323062543,3.500882000204782,226485.7580834627,4.87276460482614
585500,3.2458218064967026,3.5012733759671435,226518.819247145,4.8731867119626
585600,3.2462615078212087,3.5016241357101925,226554.5171877652,4.873691482881135
585700,3.2467262539684048,3.5019696907042888,226590.2516658761,4.874454630780665
585800,3.2471591462588014,3.502404300432264,226625.490889274,4.875024558416677
585900,3.247551780811652,3.5028257486762717,226657.66336216193,4.875626313124349
586000,3.2479352235768184,3.5034428341595425,226691.78345665205,4.876388136150272
586100,3.2484541945659187,3.5039281336425234,226721.12642761023,4.877005277333531
586200,3.2488835728150622,3.504426542842516,226752.8882332736,4.877777293284684
586300,3.2492659121838448,3.5048668163699137,226786.1992676165,4.87815977287802
586400,3.249796349083099,3.505471972828031,226820.30385302062,4.878883384127233
586500,3.250292962962134,3.506093890030136,226853.53858083076,4.879420185815626
586600,3.2507372653856037,3.506452043526907,226883.31598926822,4.880097967616789
586700,3.2511346101317007,3.5069826049225363,226916.51387289714,4.8804966311028055
586800,3.251657946561814,3.507645564543822,226950.0116839783,4.8809666440478185
586900,3.2521298756016126,3.508072458147681,226979.13672013034,4.881660859999899
587000,3.2525567901220724,3.5084141169847265,227012.88710101557,4.882220480307246
587100,3.252942490193547,3.50906987539921,227047.67623649354,4.882708440266416
587200,3.253383707193672,3.5096811705947606,227081.68960964834,4.883220733851811
587300,3.253794693432295,3.5101150755211323,227117.33974241297,4.883835106462168
587400,3.2542221170871293,3.510628834647524,227147.44308495615,4.884282620487825
587500,3.2547613205655987,3.51109369803644,227176.70298983614,4.884691835902227
587600,3.2552199200157186,3.5115128496867283,227205.82960458595,4.885264079801566
587700,3.255705730242977,3.512074941252693,227239.9231261081,4.885861809804323
587800,3.256112211970226,3.5125653179595253,227269.53412412756,4.886375399578422
587900,3.256528022281517,3.513010579582252,227303.2962137492,4.887002109782183
588000,3.2569282371223744,3.51350885398482,227337.34195951922,4.887395622143177
588100,3.257423829314506,3.5140864384476638,227366.21677103455,4.8879938843671
588200,3.257916833313783,3.514579766602353,227395.21580095898,4.888767785960995
588300,3.2584352641802776,3.5151879128919443,227425.66902112012,4.889135647655793
588400,3.258823807145494,3.51585056204938,227457.85574850038,4.889735166796621
588500,3.25926910048318,3.5162800386632815,227487.5364398737,4.890507356915625
588600,3.2597289813116777,3.516741328695964,227522.45757003277,4.891216953951548
588700,3.260113190170169,3.5171491014544447,227555.52895498107,4.891615524888237
588800,3.260646104054756,3.517527857481236,227584.58842612983,4.892010941300049
588900,3.2610410965609504,3.5180448786095244,227617.48633450508,4.892615882309548
589000,3.261457037349586,3.518385972078803,227650.24033299164,4.893044385906766
589100,3.261926774903391,3.5188851722717205,227685.57491287467,4.893474863824186
589200,3.2623650440759335,3.5194458367077655,227714.48345265308,4.893941799425358
589300,3.262868706311316,3.520038751714758,227745.39547012246,4.894592673055212
589400,3.263263823115862,3.5204725782494837,227776.71489458717,4.8950901986169715
589500,3.2636614825491197,3.521003715990328,227810.01774500567,4.895611671370863
589600,3.2641136410114826,3.521488301915257,227842.54571561364,4.896157243756597
589700,3.264559481048564,3.5220139551826533,227875.78096445152,4.89669898411261
589800,3.2649758653165577,3.522597982688678,227906.88458201062,4.897207667313006
589900,3.265409953716957,3.5231799793580163,227936.73150540335,4.89765644529752
590000,3.26580446181894,3.5236280963887188,227968.51313321563,4.898257958152907
590100,3.266338497079268,3.5239672271114526,228004.3200792387,4.898978503461001
590200,3.2668347122260633,3.524453644943675,228034.14953792215,4.899493271583229
590300,3.2672238726973277,3.524837689853319,228064.6583350813,4.899926563373892
590400,3.267719876789918,3.525222902607905,228098.97595809147,4.90025403494257
590500,3.26822674804753,3.5257078561311452,228131.67876530983,4.900970447176188
590600,3.2686064007715347,3.526203048332164,228164.59845453888,4.901571572818979
590700,3.269004559422019,3.52655769156444,228193.91722807058,4.90205682013121
590800,3.269500464054063,3.52703123165696,228227.38344539268,4.90278807379669
590900,3.2699414351215155,3.5274584127409505,228262.37679565907,4.903271121721691
591000,3.270364829590531,3.5280815870936126,228294.54195209732,4.904036861796705
591100,3.2707595160379648,3.528450751103126,228324.8421571945,4.904439491685175
591200,3.271195521806993,3.528913688362599,228357.27170697422,4.905036657785536
591300,3.2716465184357175,3.5294067409137244,228386.59950197054,4.905629801679493
591400,3.2721146498279907,3.530060056455485,228419.35533479875,4.906026323181943
591500,3.272603364247075,3.5305904820730967,228454.47269621593,4.906426370851746
591600,3.273094050873461,3.5312012469915928,228484.0062545957,4.90700222905485
591700,3.273492219967885,3.531600295046431,228513.2920969382,4.907560180580374
591800,3.2739920638799904,3.5320524000018034,228548.78665450448,4.90831246735459
591900,3.274468531139229,3.5326123354480647,228584.39043329627,4.909028546212811
592000,3.2748679167945127,3.5331623333040336,228614.49661758632,4.909740346296074
592100,3.275312298746393,3.533500629677247,228647.87887411338,4.910181320514136
592200,3.275798854294503,3.5340054554160947,228678.418605394,4.910899682975014
592300,3.276200002773937,3.5343707535291147,228713.44615743516,4.911612638713906
592400,3.2765953630086404,3.5349632811115477,228747.56721674607,4.912002085585783
592500,3.2770714014576563,3.5354280157874967,228782.02635150196,4.912531086324498
592600,3.277539018383648,3.5358150536642103,228815.6917500705,4.913119655756835
592700,3.277953302749994,3.5362785835448007,228846.7266757355,4.913697845707139
592800,3.2784351186618483,3.5369160639691284,228876.98624392282,4.9140463911213335
592900,3.278841137813239,3.537310339688328,228906.6494263663,4.91442075198231
593000,3.279275355625608,3.537653329714903,228937.3519015817,4.9150393136547645
593100,3.2797468838274737,3.5382681444235486,228972.87846578698,4.915545812541864
593200,3.2802037641607598,3.5386410552918957,229005.90110235958,4.91609719650985
593300,3.280652560875493,3.538990249355101,229040.09723384609,4.916653748632406
593400,3.2811470517389627,3.539535080679398,229073.99587325557,4.917196423517081
593500,3.281657396413377,3.540149121171593,229104.55057810352,4.917567007883509
593600,3.2821497143842304,3.5406988356811615,229138.7918263617,4.917893093599798
593700,3.282668131016798,3.5410405456923137,229171.37167311605,4.918284309947942
593800,3.2831644418590105,3.5414306828400757,229205.71808418067,4.9187363473692205
593900,3.2836440573421,3.5420461093522886,229237.1169916576,4.919420443208504
594000,3.2840820655382164,3.5424200350718635,229269.88618617482,4.920104810275039
594100,3.284521334285141,3.54277718586735,229299.76729585274,4.920718047051082
594200,3.2849818835050115,3.543399060658446,229333.2345989331,4.921255546465179
594300,3.2855128906217024,3.5437417888783753,229365.12983322688,4.921654387346329
594400,3.2860303467926997,3.5442687965232125,229400.80508588307,4.922389187881743
594500,3.286419186974953,3.5448725277473287,229435.22466503855,4.922978230900946
594600,3.2868823708876707,3.545311469231326,229465.52546913296,4.923573432451729
594700,3.28727503772797,3.5459276819970853,229496.77022741886,4.924040661935568
594800,3.2878096905005454,3.546448390842865,229531.0136960681,4.924774484923102
594900,3.2882950306479573,3.5470390265939247,229563.17012240386,4.925322791719068
595000,3.2887582774290465,3.54762845903382,229595.2078099074,4.925827815484797
595100,3.2892719522236886,3.548077404560569,229627.48018996502,4.926465498409176
595200,3.289758219203978,3.548494157297364,229658.29222736633,4.926858860584034
595300,3.2902993027289535,3.549019281621808,229692.64319015283,4.927280611785196
595400,3.2907835431259276,3.549561738466916,229726.0351049104,4.927929720699605
595500,3.2911907707409918,3.5501782704672182,229760.69139848914,4.928517430245185
595600,3.2916872843162106,3.5507387208705294,229791.23460314597,4.9289659162505615
595700,3.2921849969844654,3.5513832113870887,229826.34363304928,4.929368537329348
595800,3.2925670471951722,3.5519073694701584,229860.3622624859,4.929960547783793
595900,3.2930021798178446,3.552309325406834,229891.2251820323,4.930556735836278
596000,3.2934611263121196,3.5528175403260613,229925.8089209141,4.930965941534867
596100,3.2938679519579903,3.553432644910926,229959.38748691985,4.9313126898980935
596200,3.2943008471396835,3.5538941774731194,229994.79890976477,4.931668779886301
596300,3.2948086269664048,3.5544262640898894,230025.51687915545,4.932349510133404
596400,3.2953033530652136,3.555007855317563,230057.41976291686,4.932990462587974
596500,3.2957300408691363,3.555662489050219,230090.36119751303,4.933552417225281
596600,3.296196526794622,3.556208186950611,230124.28744100136,4.934101338610123
596700,3.296610197799111,3.556643953652655,230153.59011987178,4.9347669884499945
596800,3.297101627085206,3.557152178181671,230183.37034457663,4.9353698008149145
596900,3.29749900902116,3.557692711214606,230216.17042075374,4.936049595061357
597000,3.2979600412240777,3.5583297526294064,230251.50210169124,4.936652398666238
597100,3.2983924875015433,3.5589752121418092,230282.13591371124,4.93700143553067
597200,3.298911605496654,3.5594345152599156,230317.7463324772,4.9375583366101425
597300,3.2993863325283277,3.5599104232822576,230348.41917374718,4.938320535792191
597400,3.299909094005852,3.5605069658315722,230377.54761013173,4.938693007421209
597500,3.30038238197307,3.5608946963751817,230406.27166382718,4.939431780420535
597600,3.3008867361257797,3.5614130863304676,230440.23019428705,4.940174491213611
597700,3.301305053957674,3.562038716992081,230473.96188617952,4.940590245842051
597800,3.3017149865732707,3.562436520154467,230508.7159228464,4.941041591469721
597900,3.3021636102573337,3.562996017852475,230537.46822724672,4.9414666752647625
598000,3.3026362182218674,3.5634232899158773,230572.13575135908,4.942116292895422
598100,3.3031071505393816,3.563832224398902,230605.9790474264,4.942537426335757
598200,3.3035526345473145,3.5644425551660586,230637.41869098632,4.943064804809709
598300,3.3039672743980333,3.564862960510888,230671.23674847026,4.943734662166544
598400,3.3044516503605337,3.5653156030745365,230700.25365663486,4.944424547067688
598500,3.3049036727248913,3.5657061784273445,230733.01540163773,4.944961693361597
598600,3.305436329786954,3.566065052302777,230764.9868874924,4.945620474370244
598700,3.3058782621564586,3.5666266156938886,230797.36439892766,4.946167326161943
598800,3.306312392752836,3.5672673648747764,230829.2949357777,4.946600420357422
598900,3.306751440234326,3.5677048437478023,230859.98935339288,4.947367908073994
599000,3.3072630140670105,3.568341830463381,230893.20928400956,4.948116465290191
599100,3.3077165739722023,3.568776097022507,230924.20437761344,4.948820423951714
599200,3.308187056647769,3.569303670053256,230958.7875234898,4.949255458180392
599300,3.308628672388153,3.5698560129124433,230988.97166340772,4.949997147535088
599400,3.3090502216100846,3.5702760581522015,231022.14470008507,4.950753119378699
599500,3.3094570817751507,3.5709167202379812,231057.29685850083,4.951279893249956
599600,3.309963981067954,3.5714478257964855,231090.69674102208,4.951860844290185
599700,3.310452644842596,3.5719099616289034,231119.27812274164,4.952190562474423
599800,3.3109363802951686,3.5725211664473644,231148.8266913726,4.952764835802149
599900,3.3113221125316055,3.57316432916782,231183.23250175262,4.953251089807477
600000,3.3117663401621154,3.5737929472037475,231216.80049425858,4.953879077757465
600100,3.3122805696501434,3.574157339708013,231250.95872481633,4.954449158632051
600200,3.312783813366402,3.574735740183755,231286.00207220056,4.955105406530556
600300,3.313216845469949,3.575391683087111,231318.506224747,4.955532016253351
600400,3.313740380058411,3.575949504074735,231348.5146981942,4.9561801045756795
600500,3.3141472878939866,3.5764563187571845,231377.6130334584,4.956686903860093
600600,3.3146589834246023,3.57688596036042,231408.21223083744,4.957061577454605
600700,3.315072439566727,3.577246693321937,231441.08662929342,4.9576614831487325
600800,3.3155799902819445,3.5778503627034395,231470.07108688517,4.958414200251908
600900,3.3159618753113005,3.578307052965264,231505.61309604085,4.958761602005972
601000,3.3164619684419363,3.5787179529039936,231536.70336312472,4.959451426751141
601100,3.316903174812974,3.579220642337228,231568.32204721743,4.959905576268476
601200,3.3173803752295825,3.579600642921882,231602.39969647786,4.9602318132372964
601300,3.317797967063262,3.5801551257750717,231636.5054506149,4.960981631527923
601400,3.3182641355195353,3.580616894777287,231665.11567899058,4.961476103152277
601500,3.3186765964598965,3.581264938758935,231693.96852802832,4.961929926904977
601600,3.3190898938038123,3.5818060917121373,231724.3074510596,4.962568163443032
601700,3.319593543767562,3.5821985693608065,231757.2212296125,4.962933866060633
601800,3.319993054587395,3.5827761851337887,231786.19521580948,4.9636527844298355
601900,3.3205162763933895,3.5831456366977608,231817.6617287657,4.964325649816789
602000,3.320988826716492,3.5837407171663482,231852.67339995372,4.964947712837561
602100,3.321462640508934,3.5842734075683085,231883.5708927748,4.965713356759402
602200,3.3220010752382394,3.5846703374849067,231914.75614723397,4.966425915649207
602300,3.32251050897269,3.5850069938775566,231944.0762760374,4.966932319900775
602400,3.3228962530061374,3.5855792659775165,231975.22281415603,4.9676322606325405
602500,3.3233654016793475,3.5860889822325253,232003.8015282153,4.968038611627361
602600,3.323755561321442,3.586692157354429,232034.34515212337,4.968429997171331
602700,3.3241336700578827,3.587155955842501,232065.41087009906,4.969137304749283
602800,3.3246600382334845,3.587623433636459,232097.87656609304,4.969586752107502
602900,3.325078419646119,3.588038302050493,232129.15556465436,4.970240469745202
603000,3.325517824066644,3.588593679027491,232163.9252010932,4.970778456635822
603100,3.326026077851019,3.5891990078500435,232193.56889177317,4.97142674541654
603200,3.3265179962485316,3.5898197611312277,232224.95240492563,4.971814585348505
603300,3.326955293140648,3.590364198948355,232260.23231754015,4.972496873258725
603400,3.3273725639968945,3.5909101962311634,232289.11064361662,4.973148247393168
603500,3.3277588038163026,3.591461335718959,232318.198421457,4.973778991998008
603600,3.328243446171594,3.5918246608769406,232353.52341679158,4.974203788633395
603700,3.328635080437029,3.5922015161388474,232385.862862844,4.974564725147676
603800,3.32903069343922,3.592567181970202,232418.3511271928,4.97507078680729
603900,3.3295574975488367,3.5930521424431126,232448.21863346675,4.975613419366942
604000,3.329986323919068,3.5934196664093454,232478.68695031758,4.9759930001310035
604100,3.3303681152390516,3.594035534002216,232512.26102703976,4.976663172256944
604200,3.3308283410814328,3.594590211206782,232543.83423427548,4.9773058173983245
604300,3.3313627315300676,3.595009795475641,232573.85001930094,4.9780375187597645
604400,3.3318877233870268,3.5954869213808514,232602.7695117041,4.978387817098103
604500,3.3323207844706824,3.5958739610431607,232633.62601827987,4.979132651524013
604600,3.332737203929592,3.5963812033328555,232666.65736238347,4.979545953806195
604700,3.333250942841228,3.5968442810899384,232698.19385783476,4.980056682051453
604800,3.333726743889545,3.597480811766621,232727.0723825636,4.980389645121983
604900,3.3342526453565156,3.598028022008394,232762.2139333654,4.980742413887352
605000,3.3346473001327106,3.598557735484968,232793.38694984157,4.981397880584765
605100,3.335136267957698,3.599191063132139,232824.86587841169,4.98185623168605
605200,3.335552196833032,3.5996317997538383,232859.15316884546,4.982408732705739
605300,3.3359578751443033,3.6002702866506127,232888.67743966004,4.983104560228611
605400,3.3363347074348884,3.600886338426527,232923.1701741108,4.983631294158041
605500,3.336808763727136,3.6014883859900366,232956.88656737944,4.984175529662541
605600,3.337308047903722,3.6018508993494134,232991.34186178746,4.984576253401255
605700,3.337762328917152,3.6024286352970245,233020.372982992,4.985256947087151
605800,3.3381656485730047,3.603064336551384,233051.51763357717,4.985758392461148
605900,3.3386616354181156,3.603614191125792,233086.42645024607,4.986115796652022
606000,3.3391121436632045,3.604021524352629,233117.06173392138,4.986585092567943
606100,3.339561192624101,3.6046277300766776,233150.17604406024,4.986913418783801
606200,3.340018921797652,3.6049691376892183,233182.07825455014,4.987551246361619
606300,3.340544013422309,3.605475709715688,233213.11139766057,4.9882297075545585
606400,3.34094772763709,3.6060548304028885,233241.6682919614,4.988828018702858
606500,3.3414268426362894,3.606457408777563,233271.4957897624,4.989160404915207
606600,3.3418045563838694,3.6068961619722897,233303.12268587993,4.989708858362759
606700,3.3422811716641783,3.6075250719168235,233332.61164595227,4.990312928238782
606800,3.3427038447385864,3.607859779723742,233364.0984232711,4.990706694014642
606900,3.3431983428550884,3.6084938981396384,233398.77071287515,4.991447893390994
607000,3.343728905435187,3.6090293588856652,233427.33099500905,4.991974587445472
607100,3.3441215718635044,3.6094987397103875,233456.23884989647,4.992320945009048
607200,3.3445140968621914,3.6099009169937264,233487.83726866473,4.992800848576711
607300,3.3450031740834527,3.6104076027258163,233518.03542832145,4.993114136653794
607400,3.3453949973465966,3.610746016150475,233549.6029063443,4.99362370304652
607500,3.34585015204577,3.611366567137295,233583.49231718367,4.994190810146842
607600,3.346318829263334,3.612008336681309,233617.0218279902,4.9948808705344225
607700,3.3468381028064833,3.612394625736298,233651.08509621667,4.995392491996012
607800,3.347351218538344,3.612908319092495,233686.27830276312,4.9959789552034435
607900,3.347754173676435,3.6133091048175854,233718.2721635555,4.996530592328132
608000,3.348267395231347,3.613926890850551,233749.23031196676,4.996865313422259
608100,3.3487139581104772,3.614526775076383,233779.04222224656,4.99732820405541
608200,3.349237289834018,3.6150774934604684,233810.5711137825,4.998039020687131
608300,3.3497746151147103,3.6156319553120384,233840.32440284858,4.9984870571422375
608400,3.350288626762738,3.616249625941454,233872.26214208675,4.999217447502947
608500,3.3508241517806825,3.616691216570218,233907.1230554943,4.999600225389796
608600,3.35134145162508,3.617266360174734,233937.97915549544,5.00026156272523
608700,3.3517619855397474,3.617769670533833,233968.8596549337,5.0006694189729615
608800,3.3522262712656965,3.6182837801138423,233999.38710726233,5.001374845250569
608900,3.3527566912825764,3.6187065918170096,234033.93798063457,5.002122899834493
609000,3.353223960194317,3.619307975828423,234063.6689689258,5.002455290690921
609100,3.3537362457025894,3.61991531611679,234096.90885901096,5.003065733310997
609200,3.354182223369019,3.6203748901918185,234130.6517234634,5.003547994449707
609300,3.354660889161711,3.6207363957214564,234164.35071088866,5.004142942507053
609400,3.355140167599359,3.6212843281558875,234193.16417363918,5.0046616386399005
609500,3.355530706881149,3.621657406176275,234222.8327379149,5.0052933813209375
609600,3.3560450125250796,3.6220927737503668,234255.60809082363,5.006047859245614
609700,3.3564629299837323,3.622572144993727,234286.98491635284,5.006701157608485
609800,3.356905460877539,3.6229553323276877,234320.69990524676,5.00712552821932
609900,3.357359092659044,3.623341099276133,234355.90742827757,5.007855649863358
610000,3.3578153682255802,3.62380021297468,234387.50975524122,5.008563548795904
610100,3.358304249386011,3.6242715008159547,234422.13985645483,5.009283966764646
610200,3.3586779605202195,3.624773397608428,234455.31253051423,5.009884715331658
610300,3.359138499113728,3.6252411065364463,234489.27013298753,5.010515480453048
610400,3.359593272935774,3.6256809651682014,234519.52323326207,5.010956303441801
610500,3.360093878395911,3.626032596433899,234551.54907909423,5.011634151232386
610600,3.3605614386978755,3.6264865056663096,234580.21501158667,5.012325202198472
610700,3.3609507600941835,3.626835425187671,234609.99218484698,5.012695567128262
610800,3.361432362049835,3.6273551453256156,234644.5532378393,5.013086922850628
610900,3.3618232547109637,3.6277593072648506,234679.43091854863,5.013843227312235
611000,3.362290360973154,3.6282935361787945,234709.45838769042,5.014288015006024
611100,3.3627719984201665,3.6288267044127482,234743.8389250713,5.014708216230063
611200,3.3632363940343537,3.6292409308203335,234772.21069089134,5.015212786782025
611300,3.3637614964329066,3.6296640953540797,234801.93860182725,5.015664745879131
611400,3.364144896249729,3.6300549026025193,234830.87365212737,5.0162882812944565
611500,3.3646688243817313,3.6305337325418905,234861.9334587668,5.017016969294207
611600,3.365091837937162,3.6310024793369755,234891.90917571165,5.017477897659197
611700,3.365468033048535,3.6315219250733555,234925.29538811266,5.017801755545556
611800,3.3658921533783936,3.631868284860364,234957.55891486575,5.018478270553052
611900,3.3664133933742715,3.632293554054125,234991.59252892327,5.019176918322811
612000,3.3668116109862214,3.632694742460044,235020.5058389009,5.019897526124973
612100,3.367245028987658,3.6331346437782623,235048.92064336126,5.020343825318546
612200,3.3676210661434056,3.6335283430635514,235081.06788979456,5.0209436531550695
612300,3.3679979158940654,3.634102331946404,235110.00994427243,5.021520218517215
612400,3.3685308425974725,3.6345797317936746,235140.6443029735,5.022276799004529
612500,3.3689120095918033,3.6352234360664513,235173.9801839411,5.02261145361723
612600,3.3694243504752897,3.635587083734401,235203.76460131828,5.023036062427774
612700,3.36981797961699,3.6359492887073452,235235.40052143473,5.023702242267012
612800,3.3703434293077623,3.6365822380444235,235265.88388847455,5.024306385507604
612900,3.3707552633776077,3.6371059403457027,235300.05779390188,5.024862447541626
613000,3.371258328570112,3.6375188162330394,235332.72367962048,5.025378729967357
613100,3.3717064298085258,3.6381434504121914,235363.11861352352,5.025709291096316
613200,3.372168351505876,3.638663725652876,235392.0413364353,5.026390135463832
613300,3.3726006785551825,3.639015981582676,235421.04775085734,5.026887877649004
613400,3.3731174843127425,3.6394222973485615,235453.35873629068,5.027222175821676
613500,3.3736206871028864,3.639881048162497,235485.4385193012,5.02772915824352
613600,3.374064610286759,3.640237236934894,235516.01897823522,5.028056427222805
613700,3.374551280887851,3.6407292035224357,235550.17110114003,5.028796042390454
613800,3.3750095488191874,3.641263187254025,235581.37422608223,5.029158666411229
613900,3.3753866838780877,3.641673902354257,235613.9761287435,5.029573801195834
614000,3.375916896921572,3.642008434295087,235648.28733282912,5.029956928436841
614100,3.376365205913134,3.6424152616192904,235679.37593136114,5.03044764221461
614200,3.376808772120578,3.642828087578537,235712.06087167395,5.031002153321477
614300,3.3772641728186095,3.643281235178984,235744.59548809708,5.03161176178032
614400,3.3777509756178565,3.643862607106687,235777.15717076667,5.032339438246436
614500,3.378176714526745,3.644222707448446,235808.20185463625,5.033003496691331
614600,3.378559330924575,3.6447579550399,235839.65803172078,5.033443038872439
614700,3.379030220837285,3.6453426125740886,235872.39414681288,5.033959343788144
614800,3.3794319105083868,3.6458056716297054,235904.61230745233,5.034310266055961
614900,3.3799642586385445,3.6461620373399666,235938.85239861853,5.034743605833419
615000,3.3803699370476012,3.6466259815656956,235969.4652898421,5.0353190517396635
615100,3.3808716289355085,3.6470800908858023,236002.88693611202,5.035694842782802
615200,3.3812665042595764,3.6476057260122063,236037.30991046046,5.0363396433361745
615300,3.381794457247948,3.6479690869219072,236068.28746231744,5.036841425078053
615400,3.3822247441844544,3.6485269850542776,236098.7670841409,5.0375751774998
615500,3.3827505145215375,3.649151678670503,236127.40323832634,5.037904997334188
615600,3.383123400602166,3.649701927194721,236159.7085599806,5.038216634855686
615700,3.3836385520006607,3.650294248668872,236191.75985726237,5.038961579448752
615800,3.384031198145473,3.6509434028106993,236223.0439040309,5.0393328162242375
615900,3.384427192894715,3.651298000425006,236255.13663385494,5.039769421574221
616000,3.3849318671665634,3.6519220847720897,236287.45036648537,5.040416151951635
616100,3.3853950481432813,3.6525693506810124,236315.78207420945,5.041147286594949
616200,3.3858514181163235,3.653109394566316,236345.44581307392,5.04167033724593
616300,3.386227560456464,3.653702614193066,236375.7569645572,5.0423910349500085
616400,3.386643114011613,3.654189410829738,236408.2928988168,5.042707854883966
616500,3.3871511351169756,3.654615198104871,236438.5756128141,5.043225778805586
616600,3.38759237964693,3.655220950820392,236471.0718950207,5.043697785138138
616700,3.3880542816414776,3.6555596747068337,236500.01851985723,5.044275728824547
616800,3.388514108890401,3.6559003206675897,236529.90031509267,5.044925481224044
616900,3.389044846684419,3.6565379066926775,236561.06827976537,5.045398139673953
617000,3.3894440254297358,3.657047000067235,236591.21051565788,5.045763137729849
617100,3.3898856113628324,3.6576851347049173,236623.02728648586,5.046115765767895
617200,3.3903221065568894,3.6581229120815406,236651.25059138885,5.0465061564853055
617300,3.390833647842983,3.65867328714773,236683.78066999212,5.0468323881477835
617400,3.391234058761188,3.6591211486041617,236715.29619847794,5.047565931999168
617500,3.3916241835014813,3.6597021726245362,236748.54411774816,5.048005040201338
617600,3.3920743138524645,3.660128425408149,236783.47288117037,5.048562669095164
617700,3.3925304153586913,3.6607709937057926,236814.06307113325,5.048954002713862
617800,3.3929378158662624,3.6612149586254263,236848.39224326782,5.049491436873157
617900,3.3933791958171104,3.6617522348489095,236880.83166226774,5.050096252476636
618000,3.393844366726639,3.662131626902916,236914.62338086028,5.050573895787933
618100,3.394324542544183,3.662485269395072,236945.37544106733,5.051168343126853
618200,3.3947182609629736,3.6629360955748607,236974.90509297285,5.051920315546589
618300,3.3951666123411597,3.663394813517887,237004.34401368987,5.052524685303763
618400,3.3956680823761847,3.6637823509702145,237037.8671733542,5.053019874163112
618500,3.3961499918146623,3.6644173631679906,237067.2202461961,5.053334990473561
618600,3.396568191215444,3.6650010750385635,237097.696113209,5.053697336082251
618700,3.396961563286007,3.665352288279904,237126.63150025206,5.054090372751613
618800,3.3974693595728747,3.665684234103712,237157.20634595194,5.054836947394639
618900,3.397968127659042,3.666074554258554,237190.90594716743,5.055416696461259
619000,3.3984330425537124,3.6665660321411484,237222.21968234185,5.055875511872348
619100,3.398961703717959,3.6670455156397197,237250.7423102874,5.056535207248727
619200,3.3994156201160126,3.6676406039065217,237280.6551711868,5.057005141276222
619300,3.399934554854966,3.66801458011828,237311.7204921229,5.057502039992612
619400,3.400323972532354,3.6686281956373525,237341.34657004595,5.058106516814311
619500,3.4007352021422954,3.66899414830589,237370.6024250998,5.058646393369327
619600,3.401242723651377,3.6695697162356855,237400.51672366683,5.059241133341564
619700,3.401757216633679,3.670093135142021,237432.89303303306,5.059932674977083
619800,3.4022823637658717,3.670509582324671,237466.34111093948,5.06032240690178
619900,3.4026859603859427,3.6710135038012646,237494.92404175358,5.060793352779934
620000,3.4031008466643637,3.671397658371972,237525.5172817956,5.061493554365902
620100,3.4035890840071086,3.671895872394542,237558.26821734812,5.0621521974282695
620200,3.403960789229658,3.672455911544372,237589.85333076108,5.062888764450004
620300,3.404415589848986,3.672942394225051,237622.5037852133,5.063451243473989
620400,3.4048096258557643,3.6734457041394575,237655.16317165238,5.063857626269457
620500,3.405228846892268,3.6738029833494443,237686.06986919857,5.064404288235561
620600,3.4056641576431845,3.674311359559551,237717.18619365338,5.064811829352082
620700,3.406168693507997,3.674877598227171,237745.79044827208,5.0653462009676735
620800,3.4065587093831757,3.67543569351718,237775.32788940356,5.065888575362526
620900,3.4070465495468216,3.676034784746471,237808.28815268844,5.066500532040889
621000,3.407544147491522,3.676565894582116,237841.17556672715,5.066974227885596
621100,3.40803508499477,3.6769989242800314,237870.57291447945,5.067366531343803
621200,3.4085185031018197,3.67759238426708,237899.20385147972,5.067736784709998
621300,3.4089135382070404,3.6779691428914947,237927.50075611915,5.068487655912205
621400,3.4094283756041164,3.6783634125638485,237961.82035176788,5.068971704855792
621500,3.409954952134516,3.6787182156124154,237996.33185587105,5.069700808914786
621600,3.4103729606741067,3.6792261113410256,238029.3764633862,5.070100323016451
621700,3.4108316113616644,3.679621837132151,238064.15488870762,5.0707618980630045
621800,3.411206637843645,3.6800107395756996,238094.46960317568,5.071086930717255
621900,3.4116243151114007,3.6803595485332994,238129.12979109545,5.071803561045666
622000,3.412122021237148,3.680881696343892,238163.91937301468,5.07247125293027
622100,3.4126440025782214,3.68140990264201,238195.69103406934,5.073094825800023
622200,3.4131086324891884,3.681857176999372,238229.70800254296,5.073598305230068
622300,3.413514684694573,3.6822291891872174,238263.3693335731,5.07404119137418
622400,3.4139353381820707,3.6828644149409513,238294.45646639305,5.074760821442351
622500,3.414367222024927,3.683388055986193,238326.25431226363,5.075241775611865
622600,3.414859058652799,3.683776677666812,238360.5331044602,5.075570356812269
622700,3.4153662945038272,3.6841422562540815,238391.51246019726,5.076295949474219
622800,3.415881693407515,3.684581608007318,238425.37931207838,5.076945131749105
622900,3.416363201166128,3.6849717210282744,238454.11323359882,5.077632083150026
623000,3.4168215733466583,3.685441267165138,238483.02073898568,5.078185839116336
623100,3.4172045906520587,3.6857888623129846,238513.44351886996,5.078683955564779
623200,3.4176132985276664,3.6862851492883686,238542.8216013523,5.078993298075143
623300,3.418041915413375,3.686681444962137,238571.5641948637,5.079376647155574
623400,3.4185015024274152,3.6872541507389847,238605.8735376711,5.080086044082733
623500,3.418952270794515,3.687685810734625,238636.98230259644,5.080562826157068
623600,3.419422201511699,3.6881872147456027,238666.7144323422,5.0809540118535175
623700,3.419818564318557,3.6887148537641954,238699.89796741298,5.081327307733365
623800,3.420227326463604,3.6893559397378866,238728.49759368235,5.081837113245955
623900,3.420667971265271,3.6898601076416337,238757.48098333477,5.0823873631319865
624000,3.421125523962107,3.690459375653797,238791.68933668628,5.0827563424819955
624100,3.4215609976620915,3.691029871857909,238824.82039519798,5.083293615577387
624200,3.4219968781855545,3.6914360807960147,238854.3441101954,5.084016399629379
624300,3.422486083370713,3.691974829044588,238884.7316999298,5.084437849911944
624400,3.422894048371227,3.6924334335135756,238912.7098228337,5.084772784685903
624500,3.4233559735289973,3.6929038668566583,238946.29101394024,5.085211973886698
624600,3.423823997681636,3.693252750533859,238979.9537358216,5.085596756915406
624700,3.4242909062898526,3.6937375523840665,239011.13489222308,5.086100701795957
624800,3.424795122528743,3.694114585847326,239042.474067604,5.086640875624206
624900,3.4252108417550637,3.694478772790233,239076.62148417727,5.087389821036056
625000,3.425663717121395,3.6949234375085935,239106.7788603757,5.087787921116937
625100,3.4260753033885005,3.695472840354361,239140.16743809488,5.08833480101715
625200,3.4265696359672253,3.6960605925632497,239174.16068318908,5.088712069855844
625300,3.4270295897773275,3.6965547281003954,239203.88439246872,5.089281942164044
625400,3.4275360404774897,3.696979968261983,239232.3797591566,5.090025149813143
625500,3.4280406919306916,3.6975877766284095,239265.56156048737,5.090586783289828
625600,3.4285451089224535,3.6981842746446163,239295.973612237,5.091114155931072
625700,3.429059488433358,3.698594408671208,239324.12340306173,5.091738727302091
625800,3.4295070057394805,3.6990299382181187,239352.57214571768,5.0921241187654225
625900,3.429897169066514,3.699362015645471,239382.38097789048,5.092684244228923
626000,3.4303412860384292,3.699840206385582,239412.47613507035,5.093090555484967
626100,3.4307535368190405,3.7002598158929016,239441.3433394806,5.093532976471333
626200,3.4312303045352865,3.7008100854606245,239475.45076063153,5.094222755180655
626300,3.4316757820601707,3.701140781430553,239506.0995316795,5.0948023246312175
626400,3.4321745171638622,3.7014808390564493,239539.0122554648,5.095295876440965
626500,3.43263207096072,3.7020593714027847,239572.7381860794,5.095742402890854
626600,3.4331182041231245,3.7026550044613953,239607.15209377414,5.096418247039265
626700,3.433619333674049,3.7031316230495674,239639.95229099522,5.096904049102975
626800,3.4340775795290805,3.7036670264794953,239669.339995955,5.0974406936753285
626900,3.434584138464117,3.704296059321358,239700.02956770494,5.097962749818508
627000,3.435100464357512,3.7048577371353377,239728.17736443848,5.098662803897619
627100,3.4356150475291707,3.705297389795993,239759.066337784,5.099105997955046
627200,3.4359971078970166,3.7057839247554254,239789.7294696962,5.099794782098874
627300,3.4364745985055616,3.7063757371920585,239824.349296522,5.100189607437526
627400,3.4369915709543983,3.706870448019745,239857.1351024902,5.100723636970225
627500,3.437377579914034,3.707218643924309,239887.42348636547,5.101303485051647
627600,3.437771802954237,3.7076828423848354,239921.4819327957,5.1016950318161465
627700,3.438141009953735,3.708011495712345,239950.0106875981,5.102424683496556
627800,3.4385172818975716,3.7083718002382176,239981.66599836684,5.103134578707641
627900,3.438897621009099,3.708724113912462,240015.4432880528,5.103577430199945
628000,3.4393103917567487,3.709236886416433,240045.55632925508,5.104244770402544
628100,3.4396945580197387,3.7098312036964067,240077.53957099843,5.10456145478307
628200,3.4401308210721484,3.710427100070619,240111.1438242455,5.105086199946889
628300,3.440639510971354,3.7108852563575163,240142.4625751954,5.105714312636537
628400,3.441029412443838,3.711513649649563,240175.38678299251,5.106425515049807
628500,3.4414567248659047,3.712051872547118,240203.50286019736,5.106838962004345
628600,3.441824195699555,3.7126584256504755,240234.97424172072,5.107264533397534
628700,3.4422323008482323,3.7130544084272232,240267.94885968894,5.107774579722273
628800,3.442755764585624,3.7135565279150433,240300.8285679905,5.108382679482787
628900,3.443269116815003,3.714138665878974,240331.65006584214,5.108890215759067
629000,3.443767424526407,3.714561932180611,240363.55572748484,5.109470699879648
629100,3.4441549466225196,3.715150390497412,240393.0708920726,5.110147687331163
629200,3.4445851261204083,3.7156036326402124,240427.31039517638,5.110589829205006
629300,3.445091925755716,3.716029884603136,240458.01271273577,5.111314812354975
629400,3.445494114025759,3.7166135288015014,240488.23566073022,5.112023745087981
629500,3.4458721793249416,3.7171290499765153,240517.24708344258,5.112349384467531
629600,3.446321625336531,3.7177396480421283,240551.86181650346,5.112935226716198
629700,3.4467002192204017,3.7181031595123977,240582.74104586898,5.113505881033663
629800,3.4471149611330985,3.718706869849261,240613.89984649277,5.114253063962545
629900,3.4474873804816366,3.7191510813560877,240643.82741568267,5.114758655344717
630000,3.4479042616276963,3.7196162102580344,240671.83946212227,5.115278255283044
630100,3.448289581978031,3.7202322103885845,240705.9362418328,5.1160025482615215
630200,3.448733428125264,3.7206110446940923,240735.2386701686,5.116417169944443
630300,3.449182000283496,3.721245805814085,240765.3205549026,5.11703977769832
630400,3.4495707229509103,3.7216599909175927,240793.3073207778,5.117576631577478
630500,3.4500821772224572,3.7221311941849544,240827.80758175743,5.117979687764469
630600,3.450529079789885,3.722751932000919,240857.36337922988,5.118523431054316
630700,3.450955768729692,3.723197519353642,240887.9879079219,5.119060146819892
630800,3.4514010141812395,3.723768091837009,240920.4471547689,5.1195230550653745
630900,3.451874914222612,3.7241702508928953,240950.18800959608,5.1202400646221315
631000,3.4523662929752907,3.7245633145803825,240980.9019750928,5.120616443764277
631100,3.4528852839528,3.724907597774191,241013.09871869723,5.12131356369515
631200,3.453371814545081,3.725247097063909,241047.4700631912,5.121756426722161
631300,3.453822196634242,3.7258531263797474,241077.5441757361,5.122378340700757
631400,3.454328980789386,3.726202272886047,241110.34547946267,5.123013982233768
631500,3.454734885213402,3.726718562193384,241139.3211905062,5.123357217021586
631600,3.455146284233052,3.7272988398217106,241167.6263508339,5.123816474698108
631700,3.455574432127357,3.727697874243448,241196.28729711095,5.124215098631762
631800,3.4559436749899355,3.7280607701458415,241230.59459041065,5.124628560553273
631900,3.456347560517962,3.728522219292605,241259.0488118751,5.125195535598829
632000,3.456792534236031,3.7291378309513536,241287.5714638166,5.125812828256924
632100,3.4572849025731522,3.7295591013422613,241317.9137625573,5.126314972052013
632200,3.4577326902147947,3.730178806636496,241347.62505939713,5.126628879579328
632300,3.458199458901998,3.730661758402216,241375.36667998222,5.1271876370182445
632400,3.458569231604186,3.731174937544274,241404.63998645038,5.127547307657222
632500,3.458973343185424,3.7316033319686692,241434.3876077193,5.128102291420255
632600,3.4594874823647923,3.7320864500301,241465.32252174275,5.128521128433577
632700,3.4599269669166364,3.7325656112950765,241498.60676400026,5.128890592522855
632800,3.4603530820148416,3.7329454001719973,241532.58679813932,5.129395596252522
632900,3.460846675268714,3.7333889910349627,241566.56091990077,5.130013617273259
633000,3.461360526791834,3.7339370923860487,241600.54766979584,5.130371355912434
633100,3.4618427375642504,3.7343237040925454,241628.66859886458,5.130867050553767
633200,3.46221353681738,3.7348280586070683,241662.93148193683,5.13124776239253
633300,3.462585674956337,3.735289955666726,241692.55625584983,5.131770685704073
633400,3.462951757700497,3.735766187296822,241724.55395500525,5.132366031946866
633500,3.4634340243084547,3.736359695218118,241753.83096417133,5.133058215933241
633600,3.4638587243086305,3.7369423380609517,241786.5522338507,5.133737042807456
633700,3.4643762838083125,3.7375013495264664,241814.45777446925,5.1342850853802515
633800,3.4647995011041735,3.738094712281485,241848.1807322334,5.134597398155107
633900,3.465303172525762,3.738492278263347,241881.62007105004,5.135314924494257
634000,3.46581273105878,3.7389343789079628,241914.37870009555,5.1358244528757915
634100,3.466194094799361,3.739388120441234,241942.12519068815,5.1364311735801635
634200,3.466687908945885,3.7399983876139657,241972.46246211525,5.136911830281387
634300,3.4671281215589116,3.7404063264443352,242001.39667560047,5.13763999150665
634400,3.467531874347583,3.7410373218370627,242035.14630229742,5.13808276618958
634500,3.467991750916134,3.741612785105563,242068.94424967922,5.138672204166747
634600,3.4684959278912455,3.7422113224407396,242102.13303493336,5.139099838029002
634700,3.468890055109596,3.742586722237687,242134.15254472592,5.139841223439911
634800,3.469299600627907,3.743143156958321,242167.02512720018,5.140450055564139
634900,3.469696525693583,3.74354873008789,242197.3804073178,5.141009678123453
635000,3.4700779208554007,3.7441033022926504,242225.13413970862,5.141348575420901
635100,3.4704543170335205,3.744654246226851,242254.6421554651,5.141834170149016
635200,3.470923287238128,3.7452438540445616,242288.12399484223,5.142287480955833
635300,3.4713415349232957,3.7455798608965187,242318.68055403078,5.142842030492244
635400,3.471804024907409,3.7460385534412404,242352.43607739918,5.143368788422524
635500,3.4722887187920453,3.746383926448603,242384.53430857707,5.1436726002630175
635600,3.4727885563699696,3.7469139697082356,242415.1473377901,5.144167608716443
635700,3.4732257920582335,3.7474662717194738,242447.417309966,5.144490592746905
635800,3.473604007661377,3.747966535246598,242477.54231199154,5.144804579849368
635900,3.4740050499384694,3.7483408231098347,242510.91880347242,5.145336232850942
636000,3.47440752461552,3.748922944718641,242539.46164845472,5.145991926148732
636100,3.474927298712894,3.7493048098947424,242567.47745079815,5.146420403534533
636200,3.475397561977427,3.7499136484161077,242601.42649047368,5.146957879984934
636300,3.4757888689823364,3.7505397139135463,242632.7580404213,5.147292603796014
636400,3.476287479494536,3.750883165959352,242666.54429238598,5.147927985238882
636500,3.476705622641352,3.751482308562443,242695.71604356883,5.148435169247594
636600,3.4771270712504143,3.751877215020971,242723.74889080707,5.149152363261966
636700,3.4775714392381945,3.752310136309169,242758.1108019697,5.149674903024304
636800,3.4780818606017117,3.752811766327434,242791.53016967978,5.150136889792461
636900,3.478493652237406,3.753338683349569,242825.2598183144,5.150836473842032
637000,3.4789344469095935,3.7537093271349713,242858.02893832108,5.151144859373942
637100,3.4793232960395017,3.7540508020338583,242888.13162132766,5.151503218237373
637200,3.4797694040879943,3.7544903834262184,242919.0754942576,5.151833705297546
637300,3.4801693076664333,3.75511918565594,242947.23348430227,5.152185048950472
637400,3.4805465965944995,3.7556455138377633,242974.97540662656,5.152678001825623
637500,3.481033889300635,3.7560569119377827,243009.36742421173,5.153135522024814
637600,3.4815265846166903,3.756524366068245,243038.51178970502,5.153694635946405
637700,3.482021546403679,3.7570714185663348,243067.59851673877,5.154074261368399
637800,3.4824192671042495,3.7575977682108257,243099.24872742995,5.154470341137393
637900,3.4828003797983036,3.758014933509554,243131.45773990784,5.155115787547059
638000,3.483250996672003,3.7583398512661983,243163.3284502226,5.155835525284682
638100,3.4837046827502394,3.7588641409410495,243196.57887142824,5.156551042547561
638200,3.4840792137683194,3.7593015068636193,243229.61796339758,5.157043521770805
638300,3.4845751602468065,3.7597780208832683,243260.43981451495,5.157573523536744
638400,3.4849757759509425,3.760178790243693,243292.25512714678,5.158240079875422
638500,3.4853570992747738,3.760659662620714,243321.60634383548,5.158901913908146
638600,3.4857839973009823,3.7612639930326646,243349.31777563898,5.159370316501523
638700,3.4862111979320543,3.7617532655085246,243382.1274473073,5.1598412546777634
638800,3.486727318219389,3.762315343574389,243410.58377402913,5.160348082552842
638900,3.487131242406055,3.7627805392566662,243440.123926467,5.160966380882984
639000,3.4875714891812937,3.763337822819057,243473.6037838963,5.161617696447917
639100,3.488075073401324,3.7636594708487876,243503.87399674472,5.161965430156086
639200,3.488475941027976,3.7641889474261476,243537.19897897379,5.162651364648874
639300,3.4889240306808964,3.764524754688461,243568.8090178685,5.162975808160391
639400,3.4894441648520407,3.7648520167284296,243599.16877229625,5.1635431850898055
639500,3.4899043896475748,3.765230449581795,243630.68865838993,5.16393236534601
639600,3.4902754204785182,3.765743520995163,243664.0924227904,5.164372247591909
639700,3.490745530396861,3.7661774380830244,243696.22097793396,5.164941021976068
639800,3.4912607533557036,3.766699481311112,243725.86633882744,5.165439783786524
639900,3.4917371310278327,3.7673076353994617,243759.614017897,5.166067222210667
640000,3.492164575668829,3.7678396714017137,243791.45528679917,5.16675539467399
640100,3.4925800940939165,3.768407242454211,243822.00818024887,5.167086235207898
640200,3.4930219294963925,3.7687480507673925,243850.81212063777,5.16778419325998
640300,3.493469362894571,3.76926105821006,243883.10477372512,5.168143596584051
640400,3.493904358955025,3.7698021039249467,243914.23609543478,5.168852064323935
640500,3.4943936627153054,3.770309369833456,243947.8271803005,5.16940561940658
640600,3.494899523447562,3.770695176826813,243979.0003513513,5.1699389560342945
640700,3.4952758972740887,3.7712267380943243,244006.87439514953,5.170514656579487
640800,3.495731067662001,3.771551140773113,244037.35517520396,5.171121950491321
640900,3.4962076211712088,3.7720861024406567,244070.14770684246,5.171597347725399
641000,3.496721213275157,3.7727071423953378,244103.5185060567,5.171925815384665
641100,3.4971086882860845,3.773337647778141,244135.9977014598,5.1723791249498845
641200,3.49754324392458,3.7736886102470293,244166.8201884664,5.172957468418756
641300,3.4979792774906397,3.7743214321230623,244195.87348348962,5.173602341793759
641400,3.4983770104889484,3.7746490915622726,244226.0125060796,5.17409232815579
641500,3.4988198047343317,3.7752248465577427,244254.3078992279,5.174489347893389
641600,3.4992161958002352,3.7756561153239443,244286.91506742837,5.174885701490089
641700,3.499718311180939,3.776102415472527,244318.5321691249,5.175541765028758
641800,3.5001578422203847,3.776451757318073,244348.4541730266,5.176073953729903
641900,3.500629325823345,3.7769591159136646,244380.09097260167,5.176384128161018
642000,3.501076853589542,3.7774128250523344,244412.15260884946,5.176937732196237
642100,3.5014907231947188,3.778025123145526,244442.64106203278,5.1774490718514246
642200,3.5018792145026376,3.7783910916086128,244474.99354353122,5.177967438306515
642300,3.5022815295274343,3.7787877167209016,244503.13087774513,5.178321296178877
642400,3.5027244287107218,3.779266852102389,244531.5432577233,5.178957739086315
642500,3.503226467209277,3.779715120821665,244560.04737161385,5.179468160641081
642600,3.5037473060495428,3.780177359876166,244589.55017923875,5.179880985855618
642700,3.5042534564501797,3.780549035749307,244621.0727342651,5.180363054282191
642800,3.504773646734972,3.7809401998765453,244650.89311490025,5.180809852061021
642900,3.505252418201146,3.781525837968059,244678.73298446607,5.181466062306814
643000,3.5057331366136517,3.7818908008605074,244712.28643140785,5.181873965670836
643100,3.506186118387739,3.7824521069070802,244739.77024153408,5.182518626398668
643200,3.5065598491337804,3.7829715994684188,244771.9604175673,5.183230456332784
643300,3.507038789400439,3.7835475004453185,244801.32656186572,5.183822161857597
643400,3.507541300424351,3.7840408554061122,244832.33052134127,5.1844238455409855
643500,3.5080193312660133,3.7846094776810064,244861.73742848667,5.18495282787665
643600,3.508520973040293,3.7850610339022945,244893.3070400975,5.185334062520188
643700,3.5089543247793062,3.785537696438224,244922.93777284567,5.185690231833698
643800,3.509413750176114,3.7861149122465174,244953.02497409921,5.186221259287626
643900,3.5097986567964536,3.786690724126474,244984.42033847547,5.186920787896032
644000,3.5102876486353107,3.787221992832679,245014.22260336534,5.187268787800157
644100,3.51075566812248,3.78784500061528,245042.5869364339,5.187952595835082
644200,3.5111562776721232,3.7883070488306183,245075.41326391327,5.188318932741406
644300,3.5115724937222033,3.78876093359967,245106.07757256393,5.18874382689638
644400,3.512087808248538,3.7890903811611856,245137.98115008182,5.189208271231973
644500,3.5124787569273512,3.7896810764861915,245168.42464450438,5.18989877657521
644600,3.5129799984225674,3.790078619043947,245201.53435316117,5.1904785484013285
644700,3.5134809362316544,3.7906260947716395,245234.08052715438,5.19103730669005
644800,3.5138597820391118,3.7911912200977382,245263.75268814925,5.191385381705549
644900,3.514355316408784,3.7917340158705093,245291.86841980525,5.191754376768506
645000,3.5148440383892616,3.7921962746603874,245324.97115056182,5.1924740322531155
645100,3.515361626701467,3.7926162883755308,245355.6354237397,5.192907827016966
645200,3.5158278008508024,3.7929404977359162,245383.71354347563,5.193517517923184
645300,3.516315818039638,3.793537430712014,245417.6631430738,5.194115864294286
645400,3.516762737462227,3.7941371613850605,245448.36551459445,5.19454929033735
645500,3.5172817758148285,3.7947496027965424,245475.74796213326,5.195039468333617
645600,3.5176588951043373,3.795089974134509,245509.56830109467,5.195517999500669
645700,3.5180433143577017,3.79557259712885,245537.3269696728,5.196190780231827
645800,3.5184421522444316,3.7961776771962668,245571.14762231693,5.1968833166272645
645900,3.5188174831745727,3.7967535761970623,245601.69477242025,5.19747476355578
646000,3.5193196943647354,3.797366287634093,245629.16988683672,5.197788300195872
646100,3.5197225832518524,3.7978155883367553,245657.56898634008,5.198420911635568
646200,3.5201766229714595,3.798248168244118,245685.40305391888,5.199080851613532
646300,3.5206953230006253,3.7987418885270503,245718.085765943,5.199390303773662
646400,3.521185277407359,3.7990838940649505,245751.93041585374,5.1997964444581415
646500,3.521551245686502,3.7995765386113685,245783.07861645616,5.200293334731093
646600,3.522059023264713,3.7999190596740346,245811.58123074213,5.200716247070557
646700,3.52249041466143,3.8004189804685926,245841.08126638224,5.201227211070895
646800,3.522877811230111,3.8009025570475505,245875.01193897618,5.201636827797288
646900,3.5233235278029733,3.801221814780312,245907.82228202195,5.2020930956099
647000,3.5238314939913935,3.801763251652061,245938.51089214248,5.202715792420217
647100,3.524309672650946,3.802091504829352,245965.94363591922,5.203334750095499
647200,3.524730149042703,3.802618026104748,245999.39904591252,5.204039437954407
647300,3.5252192579394057,3.8029829869188942,246028.66585848326,5.204752439239612
647400,3.525709853300535,3.803574669786601,246059.47919347032,5.20547999140827
647500,3.526106049755994,3.8041951344118363,246087.53771631565,5.205882300585984
647600,3.5264908291906636,3.8046503434310215,246116.79442064677,5.206210933037594
647700,3.526874426244418,3.805121374340012,246145.63475760006,5.2067515717722195
647800,3.527312737422793,3.805557288231584,246178.99725493643,5.2074011609332915
647900,3.5276751490350815,3.806028412247773,246207.5939644199,5.207763471435322
648000,3.5281864390546374,3.806407001484139,246234.95427125262,5.2080952269351615
648100,3.528588772785459,3.8068661649001294,246267.8883354116,5.2086150945202485
648200,3.529064625348639,3.8072326875602744,246298.43175483646,5.2089296698058645
648300,3.52951542749834,3.807718789598786,246328.81385080202,5.2092354390648685
648400,3.5299627071128277,3.8080653444628734,246359.65849723874,5.20974670595002
648500,3.5304318657511544,3.808497921206925,246387.15642587657,5.210308318058111
648600,3.5309084439956098,3.8089810648239455,246419.4104126963,5.211040378499281
648700,3.5312984557283054,3.8095176596067786,246450.1914435648,5.211650545573538
648800,3.5317814753064543,3.8100073050162204,246483.3979499499,5.21201314740813
648900,3.5322980342235706,3.81037610033317,246512.31643991265,5.212363655596352
649000,3.5327706536769803,3.8107922662484044,246541.73165558657,5.212735451383112
649100,3.533278445438521,3.8112578900074157,246570.06279967018,5.213160466608131
649200,3.533756589825289,3.8117833994646246,246601.07910920342,5.2137082574004365
649300,3.5342563423442144,3.81227895670799,246631.92438986574,5.214222222802601
649400,3.53463965359532,3.8128440868239215,246665.2221235099,5.214870196296449
649500,3.535066272741069,3.8133981297562167,246698.3830260432,5.2153033007121525
649600,3.535480469978168,3.8137727503052914,246725.6549202308,5.2159612938457265
649700,3.5359971981666143,3.814246282910868,246759.4385444465,5.216423726127843
649800,3.5364979110655033,3.814815259118109,246792.59790154418,5.217073495965112
649900,3.536873457989528,3.8153679034232995,246825.5718419929,5.21764978575091
650000,3.5372363070845187,3.8157794915992183,246858.886123825,5.218044414490871
650100,3.537660586412018,3.816211499493113,246892.24979361868,5.218730501540821
650200,3.5381169739833362,3.8167170553754772,246925.74847925207,5.2192404441176645
650300,3.5385310534299945,3.817068638626299,246957.4773705688,5.219751333263261
650400,3.5390018838092576,3.817546746943444,246990.14314675351,5.2201739736011605
650500,3.539417301163317,3.8178825500226687,247023.67574317838,5.2206316645530215
650600,3.5399332141041895,3.818454318245981,247052.7033836625,5.221348333829343
650700,3.5404153414782913,3.8189750631259964,247080.35202414577,5.221989113112111
650800,3.5407915896826134,3.8195807879097465,247111.89276408879,5.222398748241212
650900,3.5412799880842583,3.8201662864390924,247139.51536327798,5.222764708962567
651000,3.5416860992093495,3.8206412025938263,247169.14062862308,5.223116960255929
651100,3.542108191151917,3.820981753114623,247198.7501629729,5.223837940909849
651200,3.5426129560849056,3.8215898373862376,247231.96181059678,5.224396990692916
651300,3.543055884145294,3.8220983497150356,247260.94800129833,5.2247008432947295
651400,3.5434568650839955,3.822495497477899,247294.5435365728,5.2253250875896935
651500,3.543906918379206,3.8230170623367856,247327.9226260686,5.225908387376105
651600,3.5442705527485123,3.823486358439488,247360.9363432611,5.22628939127476
651700,3.544643290010893,3.823931363511038,247393.9810443475,5.226883941080631
651800,3.5450465828458784,3.8244905216084826,247421.34948798007,5.227358220815585
651900,3.5454467178148863,3.8248245921418467,247448.66503231187,5.227683105098663
652000,3.545866985108331,3.825331855167519,247477.97261489977,5.228338272529692
652100,3.5463321751416044,3.825735217010232,247507.4151021974,5.228700863409744
652200,3.546813586142768,3.826210430383862,247538.95981370314,5.229210726885882
652300,3.5471955064842304,3.8266476274018126,247572.8433755297,5.229544804491919
652400,3.547652377340822,3.8271983105038405,247601.38853124896,5.229969238724112
652500,3.548137962556503,3.8275901117671456,247632.49360882078,5.230381542977406
652600,3.548497512806772,3.828019305072586,247666.35919048387,5.231100038037206
652700,3.5489127427451206,3.828386202202938,247693.8128193451,5.2315449861975445
652800,3.549302699890754,3.828775152706692,247722.25404041534,5.232025037257659
652900,3.5496794180908555,3.8291584018875,247753.71524806586,5.232680662108107
653000,3.550132019668224,3.829579810177634,247785.14010224695,5.233001582378902
653100,3.550491562602343,3.8301244735703532,247814.6441603027,5.233495302736664
653200,3.5509056991003702,3.830715884193855,247847.60388151035,5.2338764439601775
653300,3.551388589664599,3.831250078272538,247877.9278356864,5.234513384922672
653400,3.551788883460235,3.831865132860666,247910.36820409386,5.234930265812678
653500,3.5522031978451274,3.8323916664181876,247942.37429414975,5.235433595561375
653600,3.552575861006715,3.832967616966531,247975.30378519325,5.236145295234967
653700,3.5529525220877987,3.8334121005605812,248005.62246600387,5.236835042964689
653800,3.5533865568031184,3.834008169012121,248037.0836909148,5.237558391398421
653900,3.5538556829097385,3.834534511531462,248064.85061088996,5.238200374896425
654000,3.5542587263411387,3.834871399691232,248092.28839086345,5.238633158058824
654100,3.5546886622145277,3.835306676099817,248120.78949172422,5.239338011732888
654200,3.5550848867877547,3.8357776004872663,248154.2874871385,5.2397413099926435
654300,3.5555489195182695,3.836334142638015,248185.83906079913,5.2400929909110525
654400,3.5559436697140314,3.8367013132464662,248216.21020436488,5.240453044638404
654500,3.556365753833715,3.837041929365392,248249.6412271251,5.241053175159511
654600,3.5568168992655296,3.837425621372543,248280.3705766915,5.241400248799197
654700,3.5572868982020984,3.837821846686672,248310.27379149504,5.241875140881836
654800,3.5576705324013145,3.8383211963972896,248341.05307137052,5.2422480326268195
654900,3.558149423820772,3.8387750021604297,248369.95582775437,5.24273560342586
655000,3.5585757754849494,3.839309025411864,248401.2111642125,5.243177079980126
655100,3.559046127654044,3.8399232966358454,248432.9193748018,5.243803504518953
655200,3.559471309730647,3.8404747298029154,248465.89161247533,5.244454247254082
655300,3.559981213271289,3.840905281439393,248498.872631752,5.245175784498151
655400,3.5604231300152342,3.8413987381497554,248527.8887184513,5.245739042830307
655500,3.560780989310278,3.8418921887293473,248560.6283008892,5.246392545212176
655600,3.561277290463696,3.842437237855399,248592.80559507056,5.2470301703971005
655700,3.5616692850633016,3.842941309863642,248620.60581134076,5.247753500264361
655800,3.562098331181409,3.843358931916447,248653.3584141968,5.24810734238074
655900,3.562560312555132,3.8438432876456283,248682.95681509434,5.248657547213673
656000,3.562989873705978,3.844192404114697,248714.92826630647,5.249179893424971
656100,3.5634906297884994,3.844758786266412,248744.6652018753,5.2495031895543
656200,3.5638713106940103,3.845088796810744,248776.84428793474,5.2500697100782485
656300,3.564313276896223,3.8455906767865016,248807.72797985692,5.25064344897217
656400,3.564784173559767,3.8461688224722277,248836.1129498243,5.251312979249526
656500,3.5652004844238516,3.846619884791061,248866.83648110254,5.251941802207245
656600,3.5656457489005384,3.847040095417159,248894.3462425084,5.252367321719289
656700,3.5660765958257348,3.847495059687499,248923.91173271116,5.252875503458073
656800,3.5665740513183066,3.848092304962889,248956.09808509177,5.253333384017985
656900,3.5670322027452026,3.848484574164986,248986.23136835863,5.254056976283875
657000,3.5674818795244727,3.8488190912818365,249018.47273592764,5.254598008044366
657100,3.5679667598764357,3.8491935273614803,249051.79592140476,5.2552676632155775
657200,3.56845387356014,3.849759795823401,249084.24647385458,5.25572098717365
657300,3.568933843070144,3.8502799187530505,249113.42351883513,5.2561790044796375
657400,3.569357919746363,3.8508602774897347,249143.98262039621,5.256817425747058
657500,3.5697755341385324,3.8513590044199324,249172.35293834528,5.257527287839506
657600,3.5701336746105583,3.8519286968410205,249203.9337565865,5.258107808201911
657700,3.570503182723028,3.8523433081779586,249232.66656158364,5.258664730080045
657800,3.570900587444742,3.8528530898970503,249260.884991345,5.259324364584646
657900,3.571363269879679,3.8533993605715184,249291.41975548482,5.259684330156757
658000,3.5717683199042,3.853924648824545,249324.05366767992,5.260322857832238
658100,3.5722019587885003,3.854373130570273,249353.59170159788,5.26071315146081
658200,3.5726698387128546,3.854835430468222,249383.64053953235,5.261056651493739
658300,3.5730663999658328,3.855400335431467,249416.18113544205,5.261751504194703
658400,3.573476317623967,3.8559259150511807,249443.37715067304,5.262164438385521
658500,3.5738331495656217,3.8564756472300266,249472.8282110764,5.262608016956946
658600,3.5741995876813304,3.8569239364154564,249500.06176798933,5.262981791187469
658700,3.57466176992975,3.8574716768740993,249533.41706970523,5.263560651824471
658800,3.5750235176715788,3.8578154337625796,249565.53095689678,5.263875487455082
658900,3.575484849023699,3.8581303763982633,249598.53514710898,5.26450423622033
659000,3.5759920109918975,3.8586999238826962,249631.72806341966,5.2648013151880555
659100,3.576413527531695,3.85909510992766,249663.69775636285,5.265168479417966
659200,3.5767741971665217,3.859556244135156,249693.74071672192,5.265765376173268
659300,3.5771785681181707,3.85988740747374,249725.27419014432,5.266323690786497
659400,3.577564128302639,3.86027699967325,249756.95815031856,5.266834903661294
659500,3.5780448473869275,3.8606294157976864,249786.75008880455,5.267387507956697
659600,3.5785450534038894,3.861029586781456,249817.0475451167,5.268104155691432
659700,3.5789102491873,3.8614111120559986,249850.50679913873,5.268628983084082
659800,3.579322808060526,3.8617772434902027,249879.0738811369,5.269080039753705
659900,3.5798193811802315,3.8623052111759693,249908.8413257847,5.269710486968936
660000,3.580247253335957,3.862823442598659,249941.0877985433,5.270356361724812
660100,3.5807113648771636,3.863442157611098,249968.88155645833,5.270976176864238
660200,3.5810958038501925,3.8639060435866623,249997.24028811025,5.2713393487970555
660300,3.5815359122939245,3.8643942198771253,250026.9767758717,5.271822828506547
660400,3.5819637920321123,3.8647739964616585,250054.87773939845,5.27239780903607
660500,3.582425194591377,3.865351155567365,250082.72949282423,5.273029967867816
660600,3.5827856779175047,3.8659516551723594,250115.4851232579,5.27369432881054
660700,3.5832028419452553,3.8663096475206116,250144.2339880323,5.27426145857127
660800,3.5836676198522506,3.8668651003414163,250172.0866146313,5.274887850455613
660900,3.584083525773342,3.8672217631963224,250203.2896671169,5.275504764157039
661000,3.5845403352488745,3.8677188666409434,250231.03969044608,5.27590155087216
661100,3.585003523587527,3.868287736711943,250264.50147311357,5.276442247598994
661200,3.58544288154954,3.8686447317243413,250295.33309555263,5.276981904572301
661300,3.5859428605418486,3.8690626012092166,250326.8118440278,5.277491497250795
661400,3.5863612125382724,3.8695569001542958,250360.2480249612,5.2780930547369405
661500,3.586756515904738,3.869951471856522,250390.73145402336,5.278513371620556
661600,3.5871195525885047,3.8704370491646776,250419.79026133718,5.27922248016636
661700,3.5874771308130313,3.8707849745391774,250450.8783455778,5.279518637137563
661800,3.587886303727709,3.8711911497679763,250480.6222158871,5.279902053593285
661900,3.5882692243704075,3.871591885918537,250507.7734382234,5.280218231451861
662000,3.5887162381072564,3.872024038358436,250537.75807694247,5.280750244160326
662100,3.5892170306412625,3.8726063156575288,250568.36860459222,5.281046153131027
662200,3.589645162297537,3.8731095098301034,250595.4372355458,5.281626212157536
662300,3.590124956778298,3.873593354303843,250626.25605031973,5.282132363732926
662400,3.590598894953704,3.874011555775238,250655.9988493364,5.282819574877959
662500,3.591099723747711,3.8745890684309696,250689.1130925646,5.283458762369481
662600,3.591468776590339,3.875036206025542,250719.2203379136,5.2838555622530485
662700,3.5918973228399578,3.8755002111124055,250752.42348077908,5.284335414323551
662800,3.5923754374214805,3.8760066136618807,250782.63494098544,5.284754096649273
662900,3.5928317473862865,3.8764215553545225,250812.84285150687,5.285060321052436
663000,3.5932528355950772,3.8769191160827687,250841.48563671354,5.285453442134775
663100,3.5937069627953173,3.8773077953424777,250874.64711003535,5.285779993147664
663200,3.5941830910783916,3.877624792811265,250907.62666953515,5.286449548925549
663300,3.5946357370374673,3.8782149129852765,250941.11437241393,5.2868258011759055
663400,3.5950227126251684,3.8785444966155014,250969.4701583282,5.287515842201605
663500,3.595480096147371,3.8790806917927214,250996.85127165634,5.288238037653352
663600,3.595842858271925,3.87964653317832,251024.76663668462,5.288941222090782
663700,3.59629046420697,3.8801905180983454,251055.48558432976,5.28965686093495
663800,3.596794264524579,3.8805086804997027,251087.65737667432,5.290044713895885
663900,3.5971692026878084,3.880854104682899,251118.94010421724,5.290590130514841
664000,3.5975677969225988,3.8812517737299115,251147.34533832665,5.291260054588024
664100,3.597990165022148,3.8817424383987893,251177.40183189572,5.291889439614504
664200,3.598364336744881,3.8823528308162762,251207.35029046822,5.292468683626172
664300,3.598786003782554,3.8828854190857265,251235.72425065687,5.292878239810604
664400,3.599158039960951,3.883283902256981,251267.0899952695,5.293185432629519
664500,3.59963150351184,3.8837335872803496,251297.126678931,5.293686404753849
664600,3.5999911529868953,3.8841987234402726,251327.63164890336,5.294150959020602
664700,3.600404825806685,3.8845839788070364,251360.47198717247,5.294690035478517
664800,3.6007731573391943,3.8850357134216713,251390.89845826945,5.295291665223639
664900,3.601204370345763,3.88545310794847,251420.20513275397,5.295861278153855
665000,3.6015868875508996,3.8858139616098315,251448.48149865255,5.2964236327977385
665100,3.6020393019266437,3.886260820212954,251480.2550677731,5.296940724079877
665200,3.6024672273021356,3.886715503384987,251512.75192050406,5.297404678060361
665300,3.6028448472484045,3.8870514761719583,251545.89535236216,5.297942053371026
665400,3.6032311640577697,3.8874683627142512,251573.7494982464,5.298418759300833
665500,3.603623366147409,3.888004541128188,251602.76385542544,5.298728557770509
665600,3.6040193027375675,3.8884012494468845,251634.1498402378,5.299174026279571
665700,3.6044773653629716,3.8889444404610973,251666.01252534555,5.299813744499263
665800,3.6049109874628726,3.8895292871492604,251693.2451403876,5.3001702858857005
665900,3.605403168213367,3.8899829824555074,251723.21222715513,5.300519832894455
666000,3.605806535844226,3.8904344642403346,251753.25627814844,5.301056440624848
666100,3.6061776528817693,3.8907853716721634,251782.84859001258,5.301693220286294
666200,3.6065759799310917,3.891307774740689,251815.02111637683,5.302307515763946
666300,3.606979761667815,3.891776756083861,251846.48044689326,5.302687976094101
666400,3.6073647027576405,3.8922995851408504,251876.53982222654,5.303280657588023
666500,3.60773420113941,3.8926276281801893,251909.89738870258,5.303661372738141
666600,3.608142654749363,3.892985851628596,251939.90913300146,5.303967065445363
666700,3.6085969249024643,3.8934633350465093,251970.0485533035,5.304653071900401
666800,3.608988036136476,3.894054500234583,251998.29410838117,5.304959746167268
666900,3.609343730271831,3.894543859692237,252030.78457837043,5.305273406994439
667000,3.6098251242416377,3.895077055920992,252059.6099973006,5.305862834511957
667100,3.6102171857773784,3.895632234302735,252088.3718970092,5.306448534225828
667200,3.6107223318633594,3.896107463490858,252120.94605524003,5.30680294335581
667300,3.6111993553589525,3.8966688379285124,252151.57719681776,5.307462453555788
667400,3.61165964357891,3.897264727200715,252183.40174948963,5.307867388648476
667500,3.6121624628264946,3.8975825357950904,252212.96256933152,5.308340732634736
667600,3.6125370911620323,3.897902025220023,252241.17148929636,5.30885544264386
667700,3.6129891879132985,3.8982942606268187,252272.3169463521,5.309252117023835
667800,3.6134560917107486,3.898824927070251,252301.5126026651,5.3097510710912434
667900,3.613961189492641,3.8991405413605245,252333.8585400263,5.310359684157523
668000,3.614366217058467,3.8995102580594403,252364.1062259715,5.310906974999652
668100,3.6148502207373805,3.899992170300168,252392.71965377964,5.311568994343938
668200,3.615252299781628,3.9003476031973614,252422.2853922091,5.311936519292653
668300,3.6157086214842367,3.9007828478620667,252449.7218307469,5.312617475352219
668400,3.6161949896803507,3.901165280342402,252480.8139861096,5.313032033915114
668500,3.616664517043446,3.9015409949351225,252508.65299115557,5.313703035777218
668600,3.617091030443969,3.901924463929319,252538.2477709544,5.314359316813371
668700,3.6175891182709385,3.902422363643917,252565.32965668835,5.3148232991555835
668800,3.6180315433543333,3.9027446212611308,252593.860866505,5.315220586185138
668900,3.618535224304567,3.9033030811679343,252626.4288096942,5.315549564228163
669000,3.619042157131665,3.903785768551502,252654.70430725996,5.316145247621216
669100,3.619432907268318,3.904138928590181,252687.91166524726,5.3166667933931695
669200,3.6199071410106076,3.904464700532883,252716.2277948433,5.31724551771485
669300,3.620379071447163,3.9048135758343236,252749.2719715954,5.317843774817443
669400,3.620745448295288,3.9051923153195673,252776.89917763683,5.318532817769761
669500,3.6211607776225936,3.905664139872851,252809.07995336736,5.319045779399302
669600,3.6215555208239794,3.9062292805118504,252839.44425634362,5.319720030361109
669700,3.6220043268785145,3.9066690221347127,252867.061139249,5.3203101936403
669800,3.6224711928773936,3.907157369957853,252894.92377299588,5.320701610830246
669900,3.622893197217344,3.9077430590280526,252921.75581861028,5.321412893452238
670000,3.6233317248664356,3.908159165723128,252952.9880223186,5.3219781370391095
670100,3.6238081065148298,3.9086248568185296,252979.9328999971,5.322455471052311
670200,3.624296056593496,3.909218784809417,253007.11806281158,5.322758482953618
670300,3.6247632831624954,3.909830295681178,253038.74355110072,5.323426918017332
670400,3.6252487142709304,3.9104381545339315,253066.96922569198,5.323914200061645
670500,3.625639954253619,3.9109978822553373,253100.2246468466,5.324514972815681
670600,3.6260376552523526,3.911498914933511,253131.8524364076,5.324938907812312
670700,3.6264246669947573,3.912018137859395,253159.88009207774,5.325651130058499
670800,3.626854565101851,3.912607167484587,253190.8426103846,5.326034605566297
670900,3.6272177328286968,3.913088177770075,253217.78703577374,5.326646494177619
671000,3.6277164569567377,3.913506999883382,253246.45588369516,5.327129767442894
671100,3.6281123789165433,3.9138712765084818,253276.19171803643,5.327814971427304
671200,3.628541648370243,3.9142740582099074,253304.00395996196,5.328520798949903
671300,3.628922712561028,3.9148203136679744,253330.90845222404,5.328937461198302
671400,3.6293805697149426,3.9152583411023976,253361.1620327122,5.3295137549408595
671500,3.6297504509387446,3.9156167664983745,253388.39314448414,5.330092364537004
671600,3.6302512667038855,3.916026789746467,253417.15009903582,5.330479035530359
671700,3.6306977739531567,3.916478576574357,253447.35589877752,5.330865937930204
671800,3.6311771069245724,3.916827791856868,253478.74928802988,5.331274015490733
671900,3.6315637808980803,3.9172718724368414,253510.5036809222,5.331690833217743
672000,3.632051281944887,3.917810754142193,253539.49416075568,5.332137739148846
672100,3.6325026691512106,3.918276718429835,253571.29175950444,5.332680547102441
672200,3.632957664162081,3.918719206515756,253599.49413927106,5.333181691145254
672300,3.6333627862633935,3.919152630311213,253630.12440289155,5.333586696776195
672400,3.633797001074402,3.91964856750194,253659.13640367272,5.334101695163563
672500,3.6342394539518352,3.9202418197642745,253687.32021622022,5.334721709214248
672600,3.634668386655253,3.9205638598747723,253720.05585593113,5.335313605815215
672700,3.63509641525549,3.9208760812992325,253751.6124870693,5.335839337879101
672800,3.6355763133313945,3.9212956038597464,253782.1635461849,5.336527526039392
672900,3.6359795879164283,3.921606200831093,253814.66135448214,5.337238752637547
673000,3.636358604087687,3.922179466957146,253847.38056421766,5.337755378561738
673100,3.6367960672703883,3.9226052027515212,253879.03766355966,5.338400421284567
673200,3.637246486467047,3.922984017402788,253906.41869565527,5.338792764543744
673300,3.637717000309336,3.9235146233139653,253938.18224815695,5.339346090372363
673400,3.6382213791237006,3.9239319982622964,253966.6027228414,5.339811762184268
673500,3.638620571750713,3.924284150076912,253998.26657523616,5.340293881931718
673600,3.6390766130021657,3.924758409673144,254031.05549989172,5.340818042497531
673700,3.6394557091024806,3.925364410176913,254059.4916520022,5.341233131441487
673800,3.639889356366561,3.9257464842564382,254086.6403394209,5.341749129836913
673900,3.640272492477409,3.9260560831155327,254116.67286682964,5.34244560332392
674000,3.640699881928746,3.9266189376283456,254147.85053616567,5.34309596669405
674100,3.6410695363506065,3.927203501662567,254180.92663339167,5.3435963402065845
674200,3.6414374027443452,3.9276143108865083,254207.87666242916,5.344244463018429
674300,3.6417900421146197,3.9281101711070896,254239.0659076878,5.344847713118843
674400,3.6422631663298115,3.9284607536269247,254268.91326203168,5.345245975875382
674500,3.642750539821327,3.928798166218027,254296.35042997953,5.3458627112012795
674600,3.643160701733048,3.9294034100240167,254328.59925424046,5.346300271651559
674700,3.643645395868757,3.929911260602881,254356.50614972276,5.346748170457712
674800,3.644078791453332,3.93049566135197,254383.65448976503,5.347424649858845
674900,3.644441144164801,3.9310081726610044,254415.622420882,5.347882996507722
675000,3.644850136668218,3.9315269246265303,254448.7410383568,5.348557890606943
675100,3.645233058673508,3.932050454476995,254476.75326875434,5.349143594710283
675200,3.6456950983130176,3.9325189596509063,254509.11663828892,5.349520585933766
675300,3.646050990769902,3.933116527884215,254538.5573825706,5.35002354970375
675400,3.646471482704201,3.9336643867091934,254569.57862273685,5.3503996997148295
675500,3.6468549689358865,3.9342440747778924,254601.48688872915,5.3509043278659165
675600,3.647244571874646,3.934808211632326,254631.75960071167,5.3515652830933105
675700,3.6476960282410573,3.9352515186226236,254658.9318195585,5.3519183660382135
675800,3.6481566473577383,3.935852864860159,254688.41351339823,5.352332494254114
675900,3.6486453921186324,3.9362312987653154,254719.48911993147,5.353006941666473
676000,3.649081710741761,3.936560213720449,254748.2630833832,5.353697775471331
676100,3.649539732538303,3.9370492890090723,254774.93211752904,5.354169559289317
676200,3.6499065869408565,3.9374178947226466,254807.86763385354,5.354496938188171
676300,3.650397322736534,3.937914994672495,254838.6103942172,5.354878591755812
676400,3.6507575104706866,3.938328317251656,254866.45871560895,5.35521188206808
676500,3.651173137876649,3.9386912794379487,254897.73467281857,5.355601945206045
676600,3.6516093261035727,3.939222912853093,254925.19672195264,5.356221446056887
676700,3.6520923558480387,3.939796818373631,254952.54622854805,5.356898020775529
676800,3.652466433766138,3.9401239634145613,254984.6019474955,5.3575770965514
676900,3.6528979492232274,3.940506070607359,255013.0226729876,5.358015417037923
677000,3.653282439253908,3.940872557643623,255039.76555063282,5.358612168659678
677100,3.653637260309839,3.941260093426056,255067.0139292985,5.359305924828845
677200,3.6540570912232706,3.941704641100793,255093.6491802873,5.3599938494746935
677300,3.654463686841355,3.942098661958992,255121.9968279022,5.36064368912167
677400,3.654847027475467,3.9425637759957075,255149.4157041741,5.361266256998554
677500,3.655286787599114,3.9431036257341208,255182.29212372098,5.36171118685516
677600,3.6557516780623454,3.9437122437321555,255211.19618166328,5.3623831389249705
677700,3.6562134476614503,3.9441470584450906,255241.85098043116,5.362958794509223
677800,3.656694805436893,3.9446969928005946,255274.46819741407,5.363604099718273
677900,3.6571352173071947,3.945192729492135,255305.08319966923,5.364131224618261
678000,3.6575258647357884,3.9457307669861894,255332.40348428287,5.364775251788554
678100,3.6579272130315146,3.946128315155759,255360.44648649482,5.365129314624949
678200,3.658327141944179,3.9467053158248984,255391.53619227099,5.365593841406825
678300,3.658708275121657,3.9472996484856697,255422.87856178512,5.366284989680628
678400,3.6591720658560427,3.9476614665573915,255453.65426026666,5.366800340777478
678500,3.659608185714986,3.9481343203124966,255485.61345838424,5.367376309898095
678600,3.6600062425957485,3.9485197665914766,255512.11070486484,5.36806938411341
678700,3.660364433587106,3.948950072909409,255541.67917006084,5.368385644660342
678800,3.660827636882638,3.9494866249721907,255569.06227513243,5.368901711812515
678900,3.6611929501988625,3.950043139122574,255596.0653725217,5.369346617230191
679000,3.6616924380269227,3.9504354414430165,255624.4731430828,5.369743821961138
679100,3.662078384918438,3.951009962617439,255653.27162970311,5.370118594214691
679200,3.6624299750665936,3.9514072264014213,255683.48885695508,5.370558927610507
679300,3.6628337145940146,3.9517995495208824,255710.65739021118,5.37095261626199
679400,3.6632388133343734,3.952122315028425,255737.48912958632,5.3712857346196605
679500,3.6635952825733487,3.9526628025293102,255765.45725944676,5.371662278402234
679600,3.664082703060224,3.9531936723715964,255795.7419642852,5.372138255718945
679700,3.664469392192243,3.953778349313363,255827.7230141578,5.37282220384951
679800,3.664865202574562,3.954225176894619,255858.9997663776,5.373127146899582
679900,3.665264585573394,3.954619358429607,255885.8542766996,5.373748441621281
680000,3.6657639065605716,3.9549881799180326,255917.03682769483,5.374348970454117
680100,3.6661395594644293,3.9554134077981216,255949.13785636332,5.374789873029979
680200,3.666520486841393,3.955995146277029,255981.60985763525,5.375283985803103
680300,3.6669157579986433,3.9564124853925207,256008.9862520581,5.37565754379169
680400,3.667334378299005,3.956780379185723,256041.58854797579,5.376176223382267
680500,3.6677555017904093,3.957317866327757,256072.36140461292,5.3764919562581355
680600,3.6681819072050605,3.957814636191274,256102.19273962502,5.376818810687851
680700,3.6686191122882272,3.958195147757561,256132.81487263672,5.377167589972525
680800,3.6689792524007667,3.958714821743077,256161.8911645148,5.377552880494762
680900,3.669328462604064,3.9590237449063084,256192.1619804921,5.377989072257524
681000,3.6696850669804895,3.95945805618402,256220.6822451797,5.3784055755379985
681100,3.670112966539022,3.9600237614359934,256248.27917928642,5.3788450248571555
681200,3.6705563753226547,3.960425360998482,256276.5644632493,5.37934534083679
681300,3.671030408208536,3.9608459207099034,256306.66426477776,5.3799849284580015
681400,3.6715303998537165,3.9612802799787525,256335.39065826635,5.3805144824024
681500,3.6719551900240415,3.961736707724817,256362.321716875,5.38092760409907
681600,3.6723298054362288,3.962313304974004,256393.01748229112,5.381314890844548
681700,3.6728018054855545,3.9626947817371634,256420.9986926872,5.381765040012305
681800,3.6732148856999953,3.9632557347873756,256451.70646464234,5.382161709310743
681900,3.673685795349242,3.9636166959350296,256479.13513592628,5.3825749449437135
682000,3.6741619315051337,3.964197364924136,256510.17411896263,5.383214666128044
682100,3.674604400625536,3.9646132243029264,256537.0563816268,5.383847908964467
682200,3.6749620975610546,3.9651094078099023,256567.10521886768,5.384210209545056
682300,3.6753663668094774,3.9654393744208734,256599.22641183145,5.384806801564749
682400,3.675738355101692,3.965798312695024,256627.83732823373,5.385135772028098
682500,3.676122062924905,3.9664007148022016,256656.37878415524,5.385451452932545
682600,3.6765729730479757,3.966740183351123,256683.13608758754,5.385890025397596
682700,3.6770699904284507,3.967099033030112,256713.21457157735,5.386282755707331
682800,3.6774308225619747,3.967653687277791,256742.19589838394,5.386667183388741
682900,3.6778502525803094,3.967988769073669,256773.6658710085,5.387196249969404
683000,3.6782579630395196,3.9683683365178157,256801.72636205266,5.387722992804253
683100,3.6786232258709965,3.9687201012481785,256833.85214582583,5.388128876984016
683200,3.6790651691778242,3.969036020406115,256864.24743678683,5.388705965788161
683300,3.6794149314404763,3.9696388374397427,256891.57187488017,5.389189804637404
683400,3.6798698313159477,3.970208327939258,256923.71887668018,5.389595639006053
683500,3.680278824782888,3.9705679060686188,256950.32379279388,5.389983476474601
683600,3.6807357341483122,3.9711617997511643,256982.53881786173,5.390513672372195
683700,3.681103633448474,3.9714941120343097,257011.2732333129,5.390854942054887
683800,3.681577625881454,3.9720029731526796,257039.92320997125,5.39147263719598
683900,3.6819513152373022,3.9724610392635054,257071.0638340387,5.391925531950712
684000,3.6823287189112275,3.973023451662338,257097.83430238024,5.39251530232437
684100,3.6828033908291915,3.9734615334417245,257129.06381334178,5.39309450424256
684200,3.6832474250459817,3.9740279627761974,257160.01571564816,5.393550055571664
684300,3.6836121485153672,3.9745319434241257,257189.6004405926,5.393846452358212
684400,3.684052796561903,3.9750244297837707,257221.94001125134,5.394269259029761
684500,3.6845462651964582,3.9754530555969847,257250.32843161162,5.394735937100328
684600,3.6849179336639417,3.97578282464355,257278.87214258,5.395383400605283
684700,3.685371150199245,3.9761301835181304,257308.22454544753,5.395869081405931
684800,3.6858429790501948,3.976531309046442,257335.07161131263,5.396267340387772
684900,3.6862533298963753,3.976916460550924,257362.72691715564,5.396865105167929
685000,3.686686307399397,3.977417324332638,257390.94059794582,5.397155035357764
685100,3.6870905311948428,3.9777672931316372,257423.6087934963,5.397609374304634
685200,3.687499516054465,3.978203810941847,257454.14220562082,5.398067610014512
685300,3.6878560639462385,3.9786810463842346,257484.99614522522,5.398422847885572
685400,3.6882253454180214,3.979205462122454,257514.03781771546,5.39905335762764
685500,3.6887031306631335,3.979676405935736,257541.84830368287,5.399502701864481
685600,3.689117862412401,3.9801294117646417,257572.86477619605,5.400050023683077
685700,3.6894654327429963,3.980554240051733,257602.46202939597,5.400628337368204
685800,3.689906624245083,3.9810446367259797,257629.2429164398,5.4009625108033825
685900,3.690389790895738,3.981562897280029,257658.38114309203,5.401335489581696
686000,3.6908293178374922,3.981872170182015,257685.19051322364,5.401866703446635
686100,3.6913091238836753,3.9821845414990564,257714.8179731004,5.402247106088628
686200,3.691756566352513,3.982687774914252,257742.31935643693,5.402867861956631
686300,3.6922146865697623,3.983005096356005,257772.97067570762,5.403451959052508
686400,3.692676503143396,3.9833902204592344,257799.27725069402,5.403958456299374
686500,3.6930438275191926,3.983723016916946,257826.90513611177,5.4043345024797285
686600,3.6935260101951424,3.9841305710994224,257857.14027449497,5.404992174200663
686700,3.694000965461261,3.9847294070199744,257888.18981453535,5.405310688473716
686800,3.694452907101556,3.9852514654206543,257919.99490201828,5.405827300378656
686900,3.694930844041452,3.985591523353468,257951.97758313123,5.406220450649277
687000,3.6953627343335183,3.985912257358732,257982.0266507494,5.406746824545445
687100,3.695809041314418,3.986421850258213,258008.3333743946,5.407056994994397
687200,3.696177829855563,3.9867526407658125,258038.3959488041,5.407398976869233
687300,3.6966048548533306,3.9871524317739233,258068.91787348344,5.407790040831805
687400,3.6970977638585585,3.9877358402495813,258095.6606867802,5.408144483577763
687500,3.697506371249787,3.9881596091472367,258126.69794647474,5.408795122026133
687600,3.6978725814661186,3.9887059938698637,258157.6101230724,5.409313879481533
687700,3.6983133378079787,3.9891857155281754,258188.15375444142,5.4098296495280165
687800,3.6986679834098815,3.989660610776067,258215.77518440186,5.410424507433502
687900,3.6990563779206336,3.9900451877435374,258244.87779283844,5.410912724356856
688000,3.699449356147901,3.990585204852872,258274.8668565722,5.411268460755323
688100,3.6999099083114717,3.991125459202258,258304.40048254395,5.411886131852007
688200,3.7002644455385396,3.9916053763673864,258336.94259041594,5.412314099031968
688300,3.7007480750271884,3.992062672309024,258368.1768586542,5.412654127137496
688400,3.70114590983276,3.9923928245558686,258395.4145044586,5.413201471466607
688500,3.701496935576126,3.992872125225679,258427.61338156075,5.413818231486215
688600,3.7019684984978385,3.993289506391832,258459.86492524215,5.414334207494854
688700,3.702445886286881,3.993672325724782,258489.35801780297,5.414759045028919
688800,3.70286007889901,3.9941222805991066,258521.1033666538,5.415447732127921
688900,3.703218710586857,3.994706594258744,258547.8065730385,5.416026059675241
689000,3.7036006689129737,3.9951813999014827,258578.4870384543,5.416430467709682
689100,3.7040948380889525,3.9957757806876084,258606.5213646872,5.417045978315906
689200,3.7045555358342783,3.9962760462608347,258635.89130802834,5.417604445701273
689300,3.704903342258683,3.996780829976988,258662.92515770622,5.418236819181781
689400,3.705372790160163,3.9970969324949044,258692.62862217173,5.418781925327245
689500,3.7057686840365367,3.997450278014139,258720.07887128083,5.419418409584553
689600,3.7061491150096972,3.9978846213220165,258751.04514436176,5.41975307573663
689700,3.706503376216981,3.998289744434084,258782.46959088612,5.420439518818384
689800,3.7069619154938356,3.9987028692585698,258812.50278928288,5.420915514155359
689900,3.7073164967966177,3.9992553803174125,258842.9898807844,5.421254394330002
690000,3.707704953605882,3.999657190686294,258869.3805654007,5.421546886327501
690100,3.7080802223212785,4.00023477226398,258898.87941708468,5.421848993634087
690200,3.7084559870767686,4.00072245094364,258925.99808628345,5.422429715946918
690300,3.70890853135379,4.001219065764046,258952.69633019326,5.422988925693116
690400,3.709283907295067,4.0018101835055075,258982.455418809,5.423688502384266
690500,3.709777616267201,4.002342048970626,259009.7059367529,5.424088944721666
690600,3.710147943492203,4.002756790352884,259041.53690760367,5.424445689097477
690700,3.710519043562764,4.003072048941424,259068.05074858826,5.425009828994298
690800,3.710917717497279,4.0033944668120505,259099.6790767269,5.425429858019206
690900,3.7112945975880334,4.003751723925355,259132.2327393062,5.426025512798623
691000,3.7116797152927763,4.004241662552913,259162.108532018,5.426618329904496
691100,3.712029588543452,4.004719248588341,259190.2957881176,5.427299949277909
691200,3.712446191761208,4.005311256282935,259219.82134971098,5.427977992835736
691300,3.7128594023983754,4.005896703671266,259246.4573540212,5.4285925276920475
691400,3.713335328273273,4.006446237869193,259276.6772540269,5.429082097502075
691500,3.713773785042479,4.006930520917739,259304.80124773315,5.429451102901327
691600,3.714170005864147,4.007345038431305,259332.3576772818,5.429891237558452
691700,3.7145320023360817,4.007707611382107,259360.43733386224,5.430554296647833
691800,3.714915282211189,4.0082104405741195,259388.55711585935,5.431027733748804
691900,3.715328372848673,4.00879972856016,259420.74779427573,5.431333931437329
692000,3.7157017381304294,4.009336527787327,259447.16620181693,5.43189278597332
692100,3.7160760485191884,4.009701221337497,259476.51735940762,5.432365847731741
692200,3.716448334553588,4.010074547457654,259509.07495053607,5.432949817348214
692300,3.716797144869328,4.010553549635903,259540.248452783,5.433586658355783
692400,3.7171514421053384,4.010889265580754,259572.23935423527,5.433917789090951
692500,3.7175019068750417,4.011451921237435,259598.9080391216,5.43449257063863
692600,3.7179438014093344,4.011908549118883,259627.47611135154,5.43519128951312
692700,3.7183844592012663,4.012452534121476,259658.29325171854,5.435759761962721
692800,3.7187491607591485,4.01280436434795,259690.15289186244,5.4360469957102335
692900,3.7191717763853176,4.013313972865245,259716.36270293238,5.436640956336402
693000,3.719555447929697,4.0138368128204895,259747.1944486123,5.437278163357465
693100,3.719924234985189,4.014313373565503,259776.2770691687,5.437902990084601
693200,3.7203460992373056,4.0148200710587565,259802.57259168662,5.438329883881773
693300,3.7207472919231845,4.015245649517818,259832.6291260506,5.4386425294949685
693400,3.7211279938731368,4.0156677185590715,259861.24508533857,5.43930820062682
693500,3.72151445891351,4.015980576704444,259893.14005530463,5.439746161161988
693600,3.721993614859159,4.016371305445006,259924.6203824872,5.440189645998329
693700,3.7223630557449154,4.016864172556365,259952.53205201536,5.4405201674056825
693800,3.7227276261712885,4.0173859459559464,259983.25398373077,5.4410872424411965
693900,3.7230936074304837,4.0177756510792,260013.22891544976,5.441673544367049
694000,3.7234523445712457,4.018250359942432,260044.03292505484,5.442028667056516
694100,3.7238582770311597,4.018673193724301,260074.54138361706,5.442481591270409
694200,3.7242614279684023,4.019128353002141,260103.73131453968,5.4431734547727135
694300,3.7247227341034597,4.019664642609526,260132.38096878942,5.443501749995546
694400,3.7251342238690177,4.020094517636021,260162.975570692,5.443994432552345
694500,3.725561920903864,4.020681333267572,260193.26480102647,5.444342678682887
694600,3.7260532839907405,4.021040982934459,260225.66594773496,5.44500108470236
694700,3.7263991673007237,4.021526506616308,260253.0393739006,5.445396336626658
694800,3.7268397073353468,4.021998822381254,260281.1678149447,5.4459380586796
694900,3.7273155404080804,4.022592668286023,260313.3447222103,5.446609913212838
695000,3.7277564922398265,4.022924176729976,260339.78840186383,5.4469047341743195
695100,3.728221691502837,4.023403963697472,260372.11500549744,5.447382831740447
695200,3.728619846729363,4.0238480722610195,260398.29403462316,5.447714961930264
695300,3.7289884480103197,4.024165767600826,260428.32121608648,5.448063017514975
695400,3.7294466667500914,4.0245268440246145,260455.02901587187,5.448719410011921
695500,3.729925306788696,4.0250287255694985,260484.62678181514,5.449187794349075
695600,3.730277647202216,4.025337316590016,260517.05691967657,5.449626363284596
695700,3.7306893301887256,4.025689966559357,260547.03030427056,5.450193125900855
695800,3.731051851586502,4.026189533703366,260574.57574456517,5.450481261084821
695900,3.7314025358751195,4.026507973734724,260601.56689048206,5.45093212611875
696000,3.7318089766897287,4.0268630673423935,260632.38854660376,5.451472333597577
696100,3.732196013071442,4.027278455813117,260658.46606153497,5.452072759329776
696200,3.7326014723312917,4.027823750100822,260690.09771967915,5.452648636742659
696300,3.733001597755996,4.028370484423209,260720.4212513176,5.453322902453934
696400,3.733357074983922,4.028793452600856,260747.6183679286,5.453816214181278
696500,3.733717654675934,4.029181034649309,260778.17271282393,5.454432815025772
696600,3.7341725567033413,4.029501306779691,260805.81436409205,5.4551246011667835
696700,3.7345678847945085,4.03008733306869,260835.5989666029,5.4555168229468185
696800,3.7349272989679703,4.0304466404349695,260863.58758588493,5.456002473468559
696900,3.735313176759593,4.030950853272743,260894.32815124106,5.456536971775415
697000,3.735682997938237,4.0314935989921485,260922.21643256725,5.457014401898148
697100,3.7361138785231285,4.0319675664231145,260952.00021868368,5.4576632888590355
697200,3.7365691062972237,4.032477375636321,260983.07654531504,5.457985183654827
697300,3.7369344274845613,4.032882455386281,261010.65327853215,5.458515195601222
697400,3.737320191902633,4.033362236672456,261037.39599621718,5.4590768711866025
697500,3.737691650827999,4.033876684681757,261069.65334062433,5.459385601653987
697600,3.738123684046881,4.034425495065198,261096.47680167053,5.459684978655432
697700,3.738485793671751,4.034792323868531,261128.37585492915,5.460090798824924
697800,3.7388625586766944,4.035319611195436,261156.5508910436,5.460440329828892
697900,3.7392050322483894,4.035873604764691,261188.2622474082,5.460868140078225
698000,3.739602252835573,4.036336884383326,261215.27380358646,5.4615225844427115
698100,3.7399466531550627,4.036916241020236,261243.56234773586,5.461883539320862
698200,3.7403839736437643,4.037369227370356,261274.88640764728,5.462258980511879
698300,3.7407491142413,4.037940338299215,261301.1599980024,5.462744008761282
698400,3.7412141153078537,4.038388181776858,261330.99546718533,5.463085254679341
698500,3.7416651091462794,4.038838839731298,261362.97750871832,5.463632360787266
698600,3.7420603456000783,4.039221034149707,261391.2179659101,5.46420306875266
698700,3.7424353821929532,4.039572970429652,261419.68448261154,5.464796121145887
698800,3.7428433459806456,4.039938443249212,261445.83152053852,5.465321098644277
698900,3.7432876918103393,4.040394708891915,261476.82574309316,5.465728931871407
699000,3.743765254277553,4.040968619019351,261503.1131611344,5.466413177272397
699100,3.744191088833509,4.041419676978906,261531.8374221563,5.467081827317253
699200,3.7445727675146836,4.04199144790986,261558.46705599304,5.467501999503888
699300,3.7450622562732407,4.042350088821018,261584.65078599157,5.467988217503222
699400,3.7455100841386773,4.042736480632698,261611.1424828055,5.468506803700852
699500,3.7459007474658237,4.043203757747452,261641.13592258285,5.469088432079004
699600,3.7462588685766813,4.043566662516194,261668.38093396428,5.469766262131445
699700,3.7466242523421043,4.044075033929092,261695.95486349252,5.47024764485202
699800,3.7470971670736333,4.044568525288702,261727.20965617703,5.4707521401822685
699900,3.7475083079242757,4.044926888559793,261757.72331016653,5.47119730861116
700000,3.7479757992732674,4.045243579588339,261789.16468908257,5.471654173488368
700100,3.7484089383088004,4.045761672543019,261817.40960097132,5.472220710633643
700200,3.7487566526182996,4.046202346702887,261849.41429001756,5.47279601253788
700300,3.749105226045922,4.0467408322034855,261876.24315636314,5.473220918145474
700400,3.7495365162812107,4.047124897150172,261904.4325842233,5.473511492767721
700500,3.7499706301928666,4.047625026528778,261933.27488333365,5.473992324044919
700600,3.7503905937401107,4.048005545763997,261962.16422247398,5.474393752128127
700700,3.750751074627631,4.048404071722678,261990.07286849545,5.474760688103311
700800,3.7511978403084467,4.048923591158298,262019.36067903903,5.475337767277216
700900,3.7516361833080545,4.04948956931213,262050.61046977126,5.475835799312315
701000,3.7519892787950355,4.050031649819317,262077.24733616962,5.4762378522887705
701100,3.7524543426560513,4.050356391229593,262104.5607485534,5.476711157080921
701200,3.7528884112110945,4.050915946842515,262136.2499911983,5.477166248206522
701300,3.75331254810549,4.05135144290037,262164.0397292538,5.477812938373259
701400,3.7536858530624717,4.0519223291812585,262196.1409269218,5.478434391688208
701500,3.7541079204313554,4.052366591574086,262227.1151110579,5.478824034665725
701600,3.754497649622053,4.052947468949986,262254.40526856756,5.479377988871627
701700,3.754846339071228,4.0534861012439265,262280.53396055417,5.479848405416505
701800,3.7553124299463256,4.053912496054713,262311.7607331557,5.480250951901161
701900,3.7556934854213364,4.054331597510053,262343.5345333982,5.480876012420823
702000,3.7560620595696332,4.054906902775635,262374.85369834874,5.4812896016993085
702100,3.7564472264403683,4.055386804497402,262406.99224477966,5.481666144492594
702200,3.7568598791263748,4.055748568729382,262434.2533200213,5.482017855171004
702300,3.757255051192692,4.056330367223738,262463.8241900983,5.482620621778335
702400,3.757717992426599,4.056821145728567,262492.5151903725,5.483247424836595
702500,3.758108719635183,4.057167610332157,262520.64718318125,5.483739034550997
702600,3.758452193788347,4.057554884174514,262547.22382809577,5.484126534214647
702700,3.7588723077962434,4.058098010493768,262577.16208207514,5.4846640610622615
702800,3.7592656338026975,4.058561759914199,262604.8791551372,5.48510015542987
702900,3.75971004942591,4.059094968847915,262632.86276385235,5.4856950766309724
703000,3.7601408821666342,4.059492577560163,262660.0096400444,5.485995314004135
703100,3.760501771606776,4.059959821083119,262689.7604970005,5.486389736724686
703200,3.7608935985418177,4.060429106107493,262720.52791439823,5.486847845316672
703300,3.761270578475347,4.060999355969091,262751.943802999,5.487434882126193
703400,3.761750197491729,4.061516012235225,262779.1666298933,5.487823616869334
703500,3.762123787351299,4.0618938049462585,262805.17095558735,5.488353298384192
703600,3.7625417875756115,4.062223516233161,262835.351467947,5.488903155243616
703700,3.7629305540064424,4.062688009482846,262861.7173429657,5.489317279338382
703800,3.7633612871530144,4.063014084181146,262890.3408356814,5.489793463878877
703900,3.763701598310443,4.063467512704339,262918.70887789776,5.490412258768785
704000,3.764155660054591,4.063998795854506,262947.82776225725,5.490787327669947
704100,3.7646140822537806,4.06435066538411,262976.5285829457,5.491107734958475
704200,3.7649852572280573,4.06492717028786,263006.76761206816,5.491405290085354
704300,3.7654279699275377,4.065360881049711,263035.86261555605,5.4918808323149975
704400,3.7657780378363324,4.065722358416578,263066.6235855441,5.492550421395963
704500,3.766203947593157,4.066316294108482,263096.1896034921,5.493186850674349
704600,3.7666770102634537,4.066652655799772,263125.98863796855,5.493837569832601
704700,3.7670867975042652,4.06713489023774,263156.28804959933,5.494447188739431
704800,3.7674582826932665,4.067554959718629,263182.419048488,5.494812178318136
704900,3.767849339896454,4.067944840437431,263212.2175218822,5.49518937421544
705000,3.768262144210329,4.068350785739258,263241.17072817683,5.49549552481465
705100,3.7686117169117677,4.068659083799533,263268.6301467263,5.4960668492963105
705200,3.7690324320520494,4.0691658732601725,263300.2532599604,5.496440676088263
705300,3.7694122075752103,4.069600390884312,263328.778797807,5.497086665643818
705400,3.769790759463509,4.070024622538992,263360.47298238997,5.497740038117498
705500,3.770236933592405,4.0705362532538105,263392.4648563482,5.498391358096698
705600,3.770665854738047,4.070965942239718,263423.02478925406,5.498920452316143
705700,3.771128908204542,4.0712662236710555,263450.8707709807,5.499344596936947
705800,3.771602288519472,4.071582444985233,263477.45570696343,5.499724937509371
705900,3.772047094251676,4.072171600404082,263505.0254589797,5.500190411121568
706000,3.7724363881618563,4.0725069937770355,263534.1237028958,5.500880460164285
706100,3.772922715284589,4.0730878602356855,263560.4753987597,5.50143767895478
706200,3.7732837000107704,4.07346153469532,263591.37127756135,5.5018717860440045
706300,3.7736508722484503,4.074013068550147,263618.3458129909,5.502429538921462
706400,3.7740241066059435,4.074323354697316,263649.13199342106,5.502920158914999
706500,3.7744706066936615,4.074628921862179,263677.2239260557,5.503552925845391
706600,3.774863834850805,4.075139735012886,263703.4612749968,5.503950606733995
706700,3.775224334539767,4.0756073187642965,263735.1078882177,5.50452653780756
706800,3.7756532086153003,4.076058782096267,263764.48229831544,5.505093614546776
706900,3.7760522683661595,4.076561811952289,263790.36385592737,5.505580939918645
707000,3.7764225252516144,4.077082717481603,263821.7203615093,5.505938777051364
707100,3.7769044982339657,4.077490245100206,263853.57432510366,5.506514417803969
707200,3.777259206968962,4.077935046482783,263884.0068519576,5.507057134671774
707300,3.777682411158558,4.078483402230567,263913.5368743023,5.507593528714614
707400,3.7780565564558373,4.078895321689388,263943.29258545575,5.508043683325206
707500,3.7784568870828186,4.079407962426588,263971.7758954802,5.508458584229437
707600,3.7789160219886004,4.079784871276478,264000.5575919524,5.508970565812152
707700,3.7792783749340946,4.08011277892182,264032.37882842706,5.509388523644124
707800,3.7797318496306938,4.080619902526948,264059.18288744113,5.509851284147081
707900,3.7800810697440994,4.081101483223135,264085.86328391073,5.510295392555995
708000,3.78048538849569,4.08153308409232,264116.79990242637,5.510832660959381
708100,3.780856649568081,4.082106428124701,264148.50204771303,5.5113619107594145
708200,3.7813002016038038,4.08241703263304,264175.7646638479,5.512001988425173
708300,3.781644445417115,4.082776944437174,264202.26082190924,5.512311762920194
708400,3.7820090299241587,4.083147745510031,264228.4883984739,5.512760108342697
708500,3.782482859260774,4.083735555897916,264257.50147134386,5.5132817590863805
708600,3.78284236062763,4.08430876350534,264283.7876491056,5.5137976881967665
708700,3.7832308868871776,4.084644788837911,264312.21017637773,5.514204726260859
708800,3.7836457678694835,4.085042850183708,264339.89353060536,5.5147236866163665
708900,3.7841202830269003,4.085521928204336,264366.14527236414,5.515113934235144
709000,3.7845424740244433,4.085965682009036,264395.61863294145,5.515459549570212
709100,3.784988592849369,4.08652050900722,264425.49459649884,5.515816743862333
709200,3.785386078864023,4.086838237616269,264454.34668015933,5.516154408659001
709300,3.7857635728145476,4.087384132352913,264482.090747523,5.516674357862628
709400,3.786128910191839,4.087742386225032,264510.9271838659,5.517001325167779
709500,3.786578026120269,4.088175284202475,264538.57327728654,5.517345268377309
709600,3.7869760540387745,4.088723489409661,264569.87359967624,5.51792302949008
709700,3.787460802308721,4.089252097839443,264597.3160080183,5.51847530051173
709800,3.787826489851408,4.089656387465708,264624.15758769057,5.5188618009081445
709900,3.7883005232683256,4.090133676057151,264654.98801011994,5.519387416260973
710000,3.7886560374280176,4.090504433295899,264685.43018115876,5.519731459950501
710100,3.7890456154116094,4.090982905985674,264715.82430909906,5.520130792072838
710200,3.78944233758879,4.091435990134053,264745.54807643243,5.520772454292539
710300,3.789896838128091,4.091789680620976,264774.63809110166,5.521168080814942
710400,3.790329974596499,4.092088773247085,264806.30669889995,5.5215581051295
710500,3.7907131460784522,4.092615897681006,264834.39264340437,5.522083408715673
710600,3.791134178207463,4.093032833230866,264864.68878688576,5.522713419830995
710700,3.7915452255905837,4.093610862698502,264892.0763521874,5.5233711843112925
710800,3.791893077045114,4.0941854963731314,264921.0677510506,5.523895083149031
710900,3.7922540980055808,4.094563572923186,264946.86336829676,5.524436879471026
711000,3.792714894859638,4.09499053536917,264977.2198067362,5.524999998825202
711100,3.7930858697961005,4.0955170146018,265005.12670062075,5.525561051703551
711200,3.793466755078089,4.096003270690506,265034.8978781968,5.526146040071708
711300,3.7938149301701336,4.096470866838549,265060.7769048292,5.526650219151146
711400,3.7942764016661132,4.096908702557779,265088.3231317115,5.526934554893052
711500,3.7947606666102294,4.097323804039141,265115.52510644105,5.527435127781646
711600,3.79516230913306,4.097846986079566,265146.75990279554,5.527993890484981
711700,3.79563938729053,4.098415242846727,265178.2117283775,5.528428025176979
711800,3.7960230589458748,4.098990130118306,265203.9330326057,5.528953424540038
711900,3.796405805779862,4.099295348886874,265231.154909776,5.529555950680528
712000,3.7968694467251884,4.099829061985343,265258.3948164178,5.529987469916767
712100,3.797312277627789,4.10041725257613,265285.958784763,5.530539289521751
712200,3.7977885694851157,4.1007285023468265,265315.8118603475,5.530964101092141
712300,3.7982194432884135,4.101153985383961,265347.3149217023,5.531454918018541
712400,3.7985853418454036,4.101498455240081,265376.65842782793,5.532132610758698
712500,3.7990504907795426,4.101981742753826,265405.8531538812,5.532805462012095
712600,3.79947169876879,4.102429347281052,265435.370744572,5.533283453642589
712700,3.799897321107223,4.10277883576421,265463.3669497755,5.533968251995702
712800,3.8002374589636485,4.103265142661056,265492.7141269206,5.534328936259861
712900,3.8007188601625685,4.103785795427811,265521.55012833007,5.534643201608953
713000,3.801167050394403,4.1042689128753125,265548.74312405114,5.534949509222353
713100,3.8016505341236426,4.10465307017713,265576.76452180225,5.535261088058783
713200,3.8020800805791377,4.105188630028745,265602.57525851374,5.535556114000261
713300,3.802474977295057,4.105566224891797,265629.543732929,5.536165628310297
713400,3.8029555149301553,4.106119178889182,265660.3095945704,5.536740294936736
713500,3.803416358895353,4.106496310322778,265690.94724566006,5.537253283804351
713600,3.8038283036824585,4.106905622020088,265719.9695056939,5.537686042189865
713700,3.804166841466127,4.107470880390518,265745.9318412586,5.538079763966298
713800,3.8045639867024077,4.107842907370279,265771.56095682736,5.538680131610467
713900,3.8049231372185983,4.108195411363257,265798.34986559674,5.5393261954141755
714000,3.8052925207724604,4.108524092778814,265824.042213002,5.539886406963653
714100,3.805680309037163,4.108936421779674,265855.2914184368,5.540569029073773
714200,3.806136018232864,4.109501948716003,265885.540828566,5.541154072072476
714300,3.806589944385568,4.109828530838923,265911.6274553497,5.541586868667017
714400,3.8069394903795897,4.110238935815547,265942.9104584315,5.541903270546699
714500,3.8073696599503863,4.1107275378925445,265968.518236467,5.542561817541045
714600,3.8078052877938635,4.11108820291124,265999.43456117826,5.54301429389154
714700,3.808257310954033,4.111420872993447,266028.5947811788,5.543621222171624
714800,3.8086391001971522,4.111840478107577,266054.574600413,5.544178268684989
714900,3.8090623177586327,4.112277257666677,266083.2022334469,5.544815517610989
715000,3.809475957407487,4.112809079524786,266114.2472572998,5.545271199349639
715100,3.8098322572878103,4.113223292584131,266145.34878460475,5.545612953731196
715200,3.8102301103509735,4.1137043146509225,266171.63624039287,5.54590395895865
715300,3.81056800642417,4.114093531153659,266200.19889945927,5.546490921799479
715400,3.810939412254557,4.114493291966448,266231.6198126577,5.546780589106203
715500,3.811295157779003,4.1149228646903415,266259.265055463,5.547140461121883
715600,3.811768483187939,4.115368446809939,266289.8306318661,5.547646314222254
715700,3.8121595067876455,4.11582178656377,266320.2102977174,5.548065227431019
715800,3.8125762878953764,4.116230357197876,266351.34390978876,5.548716304692782
715900,3.8129408437004684,4.1166517047145526,266376.82450708887,5.549042790829084
716000,3.81333043828933,4.1171956523568545,266402.3726137555,5.549456146104354
716100,3.8137786873232287,4.117585941022217,266431.7927848606,5.549874902028641
716200,3.8142537343148084,4.118096688796009,266460.5630463016,5.550360731032601
716300,3.814689599127777,4.118634186308121,266486.60367990256,5.5508907054858305
716400,3.815038325771264,4.119058760958632,266514.68796494586,5.5511850763908805
716500,3.8154779223196713,4.1195257311882525,266546.1436934332,5.551601368036514
716600,3.8159100750544757,4.120017621952569,266574.13789896696,5.552284436376634
716700,3.8163334103640154,4.1204785924853224,266600.67914885737,5.552927564971646
716800,3.816746336479012,4.120922842301713,266629.47965770843,5.5533560895627225
716900,3.8171028401834755,4.121254617661422,266660.2211672539,5.553955559272349
717000,3.8175096879113752,4.121673232492133,266689.2840304994,5.554424108493919
717100,3.817886723406244,4.1220272322549345,266719.080725812,5.555017372988554
717200,3.8182416356486995,4.122352924725944,266747.71325451863,5.555477602797816
717300,3.818576936310371,4.122872666299306,266775.7566000366,5.555974389565422
717400,3.819012137738789,4.123416176244104,266805.4300820381,5.556550372666533
717500,3.819440572289095,4.123914770413095,266835.51856415416,5.557032766513519
717600,3.8198990769601515,4.124433418513756,266865.1269400009,5.5574975875318895
717700,3.82035314328194,4.124742520860703,266891.7324413713,5.557848781279178
717800,3.8207737749691915,4.1251034848161225,266918.1319871431,5.558418762889388
717900,3.8211364010639053,4.125605917549351,266946.0659452544,5.5589235618712305
718000,3.82156261391373,4.126126720474573,266972.35618126445,5.559597064585245
718100,3.822013065188213,4.126606058892559,266999.6268226401,5.560045833699826
718200,3.8223912016832546,4.127036970276361,267027.5291313839,5.560519750633559
718300,3.8228599804770513,4.127602102544969,267057.96064491494,5.561067285860177
718400,3.823235928490549,4.1280884128864015,267085.53515564254,5.561460422840861
718500,3.823681989164484,4.128619032718096,267111.3348869544,5.561796537270784
718600,3.824121374303517,4.129004783394712,267142.599305554,5.562357175873413
718700,3.824491471810503,4.129503025886916,267171.835011711,5.562917248020758
718800,3.8248617023558666,4.129816702752921,267203.1770598012,5.563267369453803
718900,3.825288536030745,4.130298773759752,267229.9751303132,5.5637376344163165
719000,3.8257401204556825,4.130810350847741,267256.0172695038,5.564326407290414
719100,3.8261159063467165,4.131212670422497,267284.5044490524,5.56462294411915
719200,3.8265136111887816,4.131547495607417,267310.54547304625,5.565035621433105
719300,3.826869151016244,4.132088097234909,267341.8963503719,5.565379134760006
719400,3.8272535374888896,4.132387225258971,267367.6436315065,5.5656845582827765
719500,3.8276860796926515,4.132855336549668,267395.53006885125,5.566126447505579
719600,3.8281008149034887,4.133334218706772,267426.04977106495,5.566603463760665
719700,3.828500677555847,4.133725727624759,267454.9929382881,5.5670092889685225
719800,3.8289495910527136,4.134070185999734,267485.0865529634,5.567419539990569
719900,3.8293434062420753,4.134636955823378,267511.4229317007,5.567765299468131
720000,3.8297936755089,4.135167384732342,267538.7559448309,5.568260357718303
720100,3.830225674452232,4.135639127655848,267566.0906193708,5.568699272626375
720200,3.830563006041043,4.1361460934839585,267595.2179323416,5.569299941254096
720300,3.8310255278045524,4.136707359035516,267625.5438844874,5.569725480871523
720400,3.8314744036802932,4.137199047858312,267654.8495512722,5.570281685879696
720500,3.8318845748937034,4.137782576467313,267681.89961294376,5.570837410396944
720600,3.832241432643629,4.13810724700412,267709.66023060866,5.571247970991216
720700,3.8326525645316694,4.138668699158334,267738.4399444546,5.571736026981682
720800,3.833052617669791,4.13909219013708,267767.1805589507,5.572221814802693
720900,3.8333877736246444,4.139489841791184,267795.88428803755,5.57268511191084
721000,3.8337897181002862,4.139918786083456,267822.70407517505,5.573058850967579
721100,3.8341940709123747,4.1403988291489835,267850.8497502538,5.573396543401735
721200,3.8346696239187272,4.140833803410326,267878.1758738237,5.57368944554745
721300,3.835119945030014,4.141340512048425,267907.9926208778,5.574163152611817
721400,3.8355808253718764,4.141710740144939,267936.964512098,5.5748184114142685
721500,3.8359230473043446,4.142252198617669,267965.1538356845,5.57547802028793
721600,3.836347656498851,4.142709923457555,267994.3561278941,5.575901943257676
721700,3.8367055559673107,4.143257315462767,268021.61106055445,5.576531860634686
721800,3.837157089517493,4.14366809911492,268050.12564385537,5.5769880158819145
721900,3.8375608440101514,4.1439829646390205,268076.77161064156,5.577514385165626
722000,3.8379681454398122,4.14448265402357,268102.28160718165,5.577811507877456
722100,3.8383680689748596,4.145024392233204,268128.937723328,5.578177295592998
722200,3.838786428155605,4.145481606443542,268155.01258812967,5.57847146272309
722300,3.839197839302348,4.14595277172274,268184.0207924465,5.57897086128009
722400,3.8395915226745796,4.14651651698389,268209.68021605426,5.5794989882241905
722500,3.8399753212948653,4.147060940159388,268235.39651198103,5.579871174244958
722600,3.8404268576589207,4.14761546414943,268263.8680964018,5.580396339726615
722700,3.8407687949554363,4.148061545749122,268294.53808655014,5.580781572445355
722800,3.8411394974234496,4.14854578487043,268322.2588880428,5.581107749037602
722900,3.8415782604186006,4.149029039430685,268350.5831037004,5.581706630600458
723000,3.842002468726182,4.149519829488339,268380.3275246414,5.58210586547691
723100,3.8423511657848217,4.149915719278041,268407.33728025976,5.58248173997249
723200,3.8426930023504124,4.150300608668821,268433.21624632017,5.583096526060511
723300,3.8430643702313496,4.150651848739075,268461.0468846821,5.583520131078892
723400,3.843504029818892,4.151208426396924,268489.2056207037,5.583813190617951
723500,3.8439622574411545,4.151636157913294,268519.28045091254,5.584412737774655
723600,3.8443999185617455,4.152117529347244,268549.5196087979,5.58476147050578
723700,3.8448497365742433,4.152462264088503,268576.66752187215,5.585364599458054
723800,3.845292649061468,4.1529717475575705,268604.43673562177,5.585900584106867
723900,3.845625928428011,4.153526331214696,268634.263388683,5.586429111249158
724000,3.8460250679928216,4.153858579232323,268660.44773307606,5.586953961268753
724100,3.846498162354433,4.154356500983846,268690.7844751605,5.587434435951476
724200,3.846890666575573,4.154808233444544,268716.99690338166,5.587820216919242
724300,3.8472471843439746,4.155250928367573,268747.04666601267,5.58837494506137
724400,3.847683046636176,4.1556048694830245,268776.1173710216,5.588921328979504
724500,3.8481199270417745,4.156075229133169,268802.0326929057,5.58944779130743
724600,3.8485981438427683,4.156410423816437,268831.5322839323,5.589774725297621
724700,3.8490489988126573,4.156713157311917,268857.9182732634,5.590181450590233
724800,3.8494560892643435,4.157067705912044,268884.229244483,5.590750012762481
724900,3.8498453806697084,4.157470052192483,268910.2423806322,5.591372981098309
725000,3.85023109339867,4.157814908442742,268936.7708626091,5.591687221589829
725100,3.850580426957327,4.158249881312314,268966.5012112179,5.592198524300812
725200,3.8510283050434797,4.15867257476337,268993.0557932873,5.592826319077204
725300,3.8514374413565013,4.159025500466583,269022.13710565644,5.5931428751958325
725400,3.8518576879943502,4.159349172503151,269051.008076461,5.593648705197403
725500,3.8523275797488457,4.159904838290143,269076.58866169414,5.594067595215869
725600,3.852762670836678,4.160212847154139,269106.5825212347,5.594550151351448
725700,3.853183767364655,4.160604209419311,269137.1908546714,5.594916355768705
725800,3.853586144004286,4.1609336184097,269163.2007206229,5.595451167969133
725900,3.854019879997909,4.1614636449392615,269193.3177929003,5.595760136610009
726000,3.8544777784975115,4.161900638110371,269223.130368083,5.596072347340614
726100,3.85492115303712,4.162360487671698,269253.299718884,5.5965580709072
726200,3.855380897199329,4.162687579531254,269279.7129687202,5.5972253293876255
726300,3.855777198797103,4.163152795677525,269311.0188570977,5.597603353106859
726400,3.8561395358048656,4.163498742705354,269339.97895405535,5.598022265427276
726500,3.8566090363049352,4.163978990085233,269368.6945122905,5.59833622778099
726600,3.857076097711825,4.1643837464663624,269398.3772421966,5.598924326163903
726700,3.857413398425135,4.164698645346957,269424.6748448629,5.599364207928527
726800,3.857886994872439,4.165167629606829,269451.97730407043,5.599691536496676
726900,3.858310725232149,4.165576847365457,269482.044339169,5.6000133024843315
727000,3.858736662006235,4.166087322839785,269509.9214842625,5.600539183303426
727100,3.859208152106497,4.166582237527075,269536.94912014913,5.601198531955322
727200,3.8596625195691496,4.1668918547101255,269563.43226482347,5.601682237097887
727300,3.860043903595417,4.16741449150909,269589.66344703647,5.602061147371682
727400,3.8605139009117044,4.167884114914063,269617.1324826816,5.602668572864547
727500,3.860988651804423,4.168458432870655,269643.37865295884,5.602950674700905
727600,3.8614337590438343,4.168799238815297,269671.7052088602,5.603299207867087
727700,3.861788485005647,4.1691227037236835,269697.9731089204,5.603869281077613
727800,3.8622216166266696,4.16955916534067,269728.9602279878,5.604503905439292
727900,3.86255403874813,4.169859128418233,269755.0929942589,5.605156392369216
728000,3.8630010498937892,4.170195649848678,269781.3223719955,5.605562336589988
728100,3.863389705984402,4.1706929099360615,269809.9780975954,5.606013995173106
728200,3.8638569945545815,4.171260402359907,269837.5726097042,5.6064216379603415
728300,3.8642737844056927,4.171563939161501,269863.89633797825,5.606942476913193
728400,3.864613273036411,4.171940928705709,269894.9021439767,5.607549699225454
728500,3.864992060328122,4.172373956358329,269921.3079977375,5.6078941906182695
728600,3.865449628825003,4.17276995917429,269950.8880570405,5.608467935594011
728700,3.865921488894063,4.17332083785123,269978.6349525155,5.6090930999858655
728800,3.8663319211247047,4.173751019602814,270004.49039373785,5.6094973611810595
728900,3.8667224340695,4.174205269568864,270031.37424741685,5.610121440406575
729000,3.8671707349802977,4.174717514341921,270058.39620991994,5.610427339344152
729100,3.8676104046147737,4.175226566752358,270085.3220847084,5.610785279440063
729200,3.8680609929519423,4.175525480094446,270112.99612554273,5.611300905563581
729300,3.8683924963435756,4.17586287364899,270138.7386600594,5.611591025057111
729400,3.8687840412552315,4.176424523963711,270168.0891146857,5.6118707585749625
729500,3.8692030471589427,4.176968077584075,270198.4640698505,5.612473357398916
729600,3.869544284617037,4.177274701391634,270228.4542781736,5.613046441187839
729700,3.8699125050518632,4.177772078163872,270258.5939501222,5.613542689148699
729800,3.8703531039870573,4.1781217211065425,270284.6215923055,5.614123386955202
729900,3.8707473523553686,4.178602807981873,270312.2374363145,5.614743962174919
730000,3.8711226685579834,4.178998953599684,270343.38362656126,5.615227462797565
730100,3.871519707856249,4.17943876034149,270369.0318954597,5.61559693972738
730200,3.8718593211617947,4.179889630507477,270400.10951384145,5.616069130548421
730300,3.8722337631456205,4.18036037870874,270426.068429182,5.616705611937244
730400,3.872671044652356,4.1808701103635935,270454.858370172,5.617364642035984
730500,3.8731115154601095,4.18137232639685,270481.2009415561,5.617876420409063
730600,3.8735030585905608,4.181743069401274,270506.8972101855,5.618305195403546
730700,3.8738901893555813,4.182086274521462,270535.06774413347,5.618758164257035
730800,3.8743212624688286,4.182542503159458,270562.3434112647,5.619337676386585
730900,3.8747321049257453,4.182873706436651,270591.0974995214,5.619787793409045
731000,3.875153695748181,4.183237205767875,270616.22804740537,5.620167802681695
731100,3.8755688612602026,4.183765678216891,270646.0384718601,5.620445107142011
731200,3.876030055870165,4.184166915222718,270674.26143252203,5.620730317807511
731300,3.876485630631609,4.184495542922458,270703.89987287734,5.621328830554982
731400,3.876886870714046,4.184937141900662,270729.59515819233,5.621829256320376
731500,3.8772962586377853,4.185422415056411,270758.9425676934,5.622449548630286
731600,3.8777691517634234,4.185821078941375,270785.07687859604,5.623086822628205
731700,3.8782239127316185,4.186145990498644,270812.3407124707,5.623722861086655
731800,3.8786414367354074,4.186562369166298,270838.73169316107,5.624147963143576
731900,3.8789857442147504,4.187017758675844,270866.70151122694,5.624683668817314
732000,3.8794502789720093,4.18735935355337,270893.44864917477,5.625023625773466
732100,3.8799230946350667,4.187800915474861,270918.6516502932,5.625513034120958
732200,3.8803557024955055,4.1882189860451735,270945.3422385752,5.626071582182415
732300,3.88078092060411,4.188601466040114,270973.60484155186,5.626566887050716
732400,3.8811547966704403,4.188933758068887,271001.2522593429,5.627220012188646
732500,3.881525936881661,4.189255710396555,271031.5658826546,5.62779759356806
732600,3.881968691154421,4.189599772783476,271058.3736094039,5.628280953099824
732700,3.882367222717951,4.1900515805316205,271084.6776195049,5.628895644717563
732800,3.8827650276257475,4.190530902608552,271114.2116453556,5.629459806698322
732900,3.8831860146678325,4.190879963115039,271144.760346708,5.629932518350386
733000,3.883528558366168,4.191221050476038,271171.5090532811,5.6304127944934725
733100,3.883987442766574,4.191605373791394,271199.2705838433,5.630981352750712
733200,3.8843492725499127,4.191955805320756,271225.099565701,5.6313844853837285
733300,3.8846919735081347,4.192360050320163,271254.08928064775,5.631692245312798
733400,3.885136285966545,4.192744901826774,271279.28120715806,5.632102663347029
733500,3.8854686244342704,4.193116495795881,271306.9951105954,5.6326478335877
733600,3.8858959887488416,4.193622624854881,271335.2684348852,5.633034485542022
733700,3.8862625503630888,4.194116511097138,271362.4389042284,5.6333288400952215
733800,3.886609512196156,4.194430362684747,271390.28043639264,5.633732191438424
733900,3.8870806285742088,4.194945520732361,271420.3869412497,5.634033473930904
734000,3.887530464253537,4.195473679949154,271451.034432363,5.634399034120497
734100,3.8880008893518574,4.195830752783569,271479.5400168784,5.634709003834415
734200,3.8883561844791736,4.1962088446838886,271510.15470758715,5.635334807175942
734300,3.8887967227683053,4.1965115320902635,271538.79102765035,5.635712310058021
734400,3.8891967928901368,4.197070563196722,271568.8255971344,5.636079486363338
734500,3.8895840417354246,4.197522507514129,271597.5592024342,5.636538059355303
734600,3.8900390177523576,4.198047435235238,271622.61906701536,5.636932956022473
734700,3.8903818620098964,4.198570534205006,271652.65001549106,5.637552371489334
734800,3.890787700736696,4.198925464857412,271682.3094560763,5.6379410936242715
734900,3.8911622646834383,4.199276788744081,271708.11266722623,5.638438262928809
735000,3.891604654409499,4.199846454928856,271734.36489717354,5.638886002799497
735100,3.8919574823832392,4.200374621946705,271761.2930641255,5.639401277710713
735200,3.892331750217078,4.200847073180347,271787.5052128531,5.639743648972244
735300,3.892717531417702,4.201324489749358,271815.49154937937,5.640264255055458
735400,3.893148552973285,4.20171113645727,271843.4375927703,5.640831934618368
735500,3.8934940257469157,4.202065681264954,271870.7638305784,5.641205315336776
735600,3.893850535087766,4.202596066015898,271899.1948774303,5.6418095046349395
735700,3.8942971764449004,4.20315944083052,271927.43490583537,5.642257056499211
735800,3.8946968404980997,4.203538183085199,271955.2693432454,5.642616925668395
735900,3.895098331207997,4.203884972693316,271983.02901000774,5.643233660400217
736000,3.895544674716372,4.204182708492122,272011.7849608441,5.64370384094767
736100,3.8959118373002166,4.204739895252595,272037.8485095733,5.644097562175567
736200,3.8962883490719364,4.20525247837269,272066.48823397787,5.6446652189892434
736300,3.8967586829452334,4.205824784632666,272094.171155181,5.645188121264911
736400,3.897205969272559,4.206238512077971,272121.00958868396,5.6457891945734895
736500,3.897594324247638,4.2067151966969405,272150.9918759088,5.646170377633697
736600,3.898009736523177,4.207141108762333,272178.0518894423,5.646724305492413
736700,3.898423442207114,4.207538411782741,272203.24083994323,5.647338594201053
736800,3.898797898080373,4.207828715894703,272228.49906459905,5.647832052834331
736900,3.899128515327805,4.208159446726931,272258.9572513734,5.6483772513591255
737000,3.8995388197954877,4.20858715438846,272286.5386636749,5.648982451287223
737100,3.900001002206859,4.2090006437147105,272316.429578171,5.649426193393472
737200,3.900462586223823,4.209563792827036,272347.2709200874,5.649781991983965
737300,3.9008641523197647,4.210077913781046,272372.6837983056,5.650102542668802
737400,3.901321438194474,4.2103908460787585,272399.8421339105,5.650611883275409
737500,3.901694703798015,4.210926538381973,272425.09028646833,5.651205215697704
737600,3.902131278066572,4.211350843680805,272450.3239264997,5.6516351350756
737700,3.9025304652375388,4.211755472750362,272476.3941597954,5.652268931605789
737800,3.9029674215507435,4.21205994603974,272502.996204161,5.652623381078959
737900,3.9034086191456105,4.21259080043285,272530.35548615747,5.65313558150094
738000,3.9038127417570903,4.212920088352428,272557.4044946163,5.653567930571419
738100,3.904167828355996,4.21348372552594,272583.70944836485,5.654036553362415
738200,3.904585082999236,4.21388719313101,272609.2249183997,5.654550828508137
738300,3.904929333963983,4.214186076869167,272637.05206951994,5.6551241304572155
738400,3.905271915932795,4.21470540090854,272663.6266670873,5.655784578275754
738500,3.9056314848616007,4.215092493388308,272694.38507431926,5.656109649216793
738600,3.905975394017251,4.2155928930155095,272722.1979653419,5.656500963668973
738700,3.906303194264141,4.215968560847905,272747.31427619036,5.656882926635565
738800,3.9066626728791345,4.216423746128161,272773.53719321114,5.657200418344737
738900,3.9070434199948068,4.216741915744764,272803.60457884456,5.657646121991921
739000,3.9074361034371963,4.217039231589947,272828.582316155,5.657928328826919
739100,3.907870228217549,4.217373098671177,272857.1635657076,5.65857805689731
739200,3.908265047401478,4.217907784996888,272883.04591872665,5.659243999557789
739300,3.9087111335427305,4.218420992708553,272910.3987221977,5.659834854362726
739400,3.9091294791106113,4.218764232629976,272940.9871378074,5.660470184522022
739500,3.9095728991208945,4.219227652010618,272967.6754264472,5.66112040131047
739600,3.9099760584277736,4.219773388606109,272993.217413392,5.661397930348414
739700,3.910408962988717,4.220160165491232,273020.1178233405,5.661993087774874
739800,3.910819763772661,4.220686388295341,273046.48053136177,5.662476785792022
739900,3.9112672518635363,4.221036495142153,273072.2254966462,5.662928915920886
740000,3.9116752200518414,4.2215501515816936,273098.8402952183,5.663222853861712
740100,3.9120481580820523,4.221973486032375,273125.6091880058,5.663744478333934
740200,3.9124781477549093,4.222516547682967,273156.1116394066,5.664259746508711
740300,3.912817143847666,4.223026440130822,273185.75929185556,5.664564802462585
740400,3.9131476355436896,4.223346935549953,273213.43960330606,5.66487333467103
740500,3.913597218343368,4.223917671952935,273244.12541635893,5.665288470135172
740600,3.9140088413219765,4.2244134645368066,273274.66899348237,5.665864662546119
740700,3.914387172654817,4.224779334279235,273301.71596983325,5.666331279038592
740800,3.9148481356789144,4.22531661916464,273330.63145724876,5.6669838004163555
740900,3.915243444045319,4.225883543217083,273358.4759954875,5.667501756887264
741000,3.915589135700711,4.226435347630461,273385.187417864,5.667925932124718
741100,3.915917480575507,4.226896589298377,273411.08130976785,5.668378327833017
741200,3.9163677765978817,4.227206531182108,273437.7528211032,5.668875997936358
741300,3.916722448941957,4.227537697577738,273463.26256248995,5.669310746775793
741400,3.9171094462582507,4.227908677908701,273491.03149190603,5.669620296220061
741500,3.91754608030474,4.2282235284241345,273521.0900659964,5.670117887414721
741600,3.917880611393358,4.228637142359543,273545.9926326787,5.670497433970915
741700,3.918330228825431,4.229053384736353,273573.21641731437,5.670909982506017
741800,3.918725487951193,4.229550949192771,273601.2284768579,5.671192133974563
741900,3.9190934110069717,4.23005184309095,273626.4879141747,5.671775968890301
742000,3.9194754511103835,4.23057031833952,273657.20586384495,5.672054356361772
742100,3.919933153670282,4.230889280087513,273685.8776566614,5.672588188221867
742200,3.920261978744502,4.231366410922671,273713.96613952867,5.673182059434902
742300,3.9206116399790387,4.231799600611133,273742.04193670524,5.6734939612219435
742400,3.9209392677068524,4.232353845068173,273769.30821572186,5.674141470905895
742500,3.921277524731904,4.2328041698929075,273795.21476601827,5.674461029775994
742600,3.9216218683119073,4.233193088484289,273822.1107595853,5.674998940554028
742700,3.9219714474512,4.233537717699708,273849.825958363,5.675421114507819
742800,3.9223906982191803,4.2340650159979925,273879.38441568916,5.6759022618854855
742900,3.92284693240851,4.234415366601451,273909.0742215546,5.6764716753090125
743000,3.923281573397693,4.234804341973379,273934.45899371116,5.676955945435211
743100,3.9236154675239425,4.235301801984685,273961.4713230661,5.677598629900547
743200,3.924027760311271,4.235713013792076,273987.23181136634,5.678045809374268
743300,3.924385812515372,4.236014320951858,274014.97247359203,5.678505244989844
743400,3.9248325986884876,4.236525306919171,274043.60637538304,5.6789962235356715
743500,3.9252396627916673,4.236889591257459,274071.88183915394,5.679469574113191
743600,3.925701683394084,4.237331712159258,274099.73581166274,5.679765518403091
743700,3.9261492286050146,4.237653196279137,274127.3072789168,5.680127615620512
743800,3.9264766609324253,4.238203085197173,274155.4165824764,5.6804422363469955
743900,3.92683394068532,4.238631333292823,274180.7160718684,5.6809180444246445
744000,3.9272181781428728,4.239018011488588,274206.30011291755,5.681345974064079
744100,3.9275494347485136,4.239547501708825,274233.8715903774,5.6818493032004955
744200,3.927941308263751,4.240060293127301,274262.0048928069,5.68234718525892
744300,3.928355070479939,4.2403656768839655,274291.8486767779,5.682655977144197
744400,3.9287185610207174,4.2408719446565195,274316.9699229727,5.683179915887162
744500,3.929162033071531,4.241428384859558,274342.8692550884,5.683784871761911
744600,3.929494345903313,4.241761040561467,274368.46018613403,5.684302905410096
744700,3.929942115339315,4.24230594884416,274394.67389883916,5.684756949344905
744800,3.9303157849933763,4.242752888756553,274420.59828609735,5.685043529189
744900,3.9307606908259536,4.243045807350888,274447.5274310207,5.685455403596139
745000,3.9311514474634213,4.243404860326494,274473.97157557576,5.685783843786393
745100,3.931587228942547,4.243816485976638,274499.5422561049,5.686063067700466
745200,3.932049447992847,4.244296720167219,274529.1438234799,5.686390575494098
745300,3.932398358025595,4.244730789325645,274555.7685045154,5.686831358750334
745400,3.9328259771467495,4.24517910666359,274581.59520941135,5.6872854694338635
745500,3.9332071438712584,4.245606470433959,274611.36988323246,5.687580087805273
745600,3.9335481561272956,4.245917151962349,274637.75712240307,5.687917643630557
745700,3.93392818527126,4.246238923097324,274666.37866815255,5.688261923047583
745800,3.934334740208322,4.246799834817869,274692.5150085876,5.688644443049051
745900,3.9347951515896025,4.247299729705817,274719.88534514897,5.6889347084165
746000,3.9352417012256438,4.247706121521074,274748.15075690957,5.689573102203531
746100,3.9356062059756236,4.248004123942677,274778.5480544115,5.69017166085679
746200,3.93605073288378,4.248293175920911,274803.6061994193,5.690516969407622
746300,3.936428455734025,4.248757298778754,274828.2869302336,5.691137795204326
746400,3.936768913233533,4.249062142576178,274853.5308952732,5.691769236241376
746500,3.937159102696785,4.249612940535754,274878.807622025,5.692167437809851
746600,3.9376190087369345,4.250043131272848,274907.6205487552,5.692794086099952
746700,3.937995409470926,4.25038856363026,274936.92719741643,5.693396678048046
746800,3.938324221329143,4.250916913890495,274962.2649816948,5.693670136846373
746900,3.9386893129963267,4.251369370443729,274989.68667261675,5.694258565057035
747000,3.9391393192181683,4.2517502306163015,275018.05917768035,5.694906178696092
747100,3.939511439659712,4.252271982973257,275048.5851497675,5.695361202627779
747200,3.939944925274934,4.252822827476854,275077.1473997822,5.695635140690713
747300,3.94027205482074,4.253310601523401,275104.907976986,5.696089877322477
747400,3.9406347698677155,4.253810340748205,275131.16340761445,5.696477399364306
747500,3.9409605672349035,4.254345507719564,275158.5257412145,5.697096123755359
747600,3.9413692522092627,4.254824886156406,275187.97628867754,5.697616432440084
747700,3.941698866231483,4.255187114879671,275213.69977893226,5.697943696794135
747800,3.942116442584487,4.255701996236827,275243.4775266558,5.698326839873929
747900,3.9425338152483573,4.256121581338003,275268.8229013564,5.698881155492759
748000,3.942940690297416,4.256433090887197,275293.92181034276,5.699315390468871
748100,3.943327404248528,4.256902988916635,275319.8031564095,5.699824523812516
748200,3.9437395629741996,4.257356650867443,275346.6657380961,5.70014161854361
748300,3.9441337679410244,4.257790300742592,275372.7089151866,5.700470575079799
748400,3.9445048290995444,4.258346234532882,275397.664689342,5.700829585012378
748500,3.9449381744823704,4.258727384145967,275425.2001956578,5.701150177059476
748600,3.945311676253772,4.259100580030778,275455.32334258733,5.701625049931762
748700,3.9457105774063597,4.25947537028969,275484.9557116049,5.701959481173303
748800,3.946088846685253,4.2598828524039485,275514.371910019,5.70257939443155
748900,3.9464640999695355,4.260369575427986,275543.51706855115,5.7030393565447115
749000,3.946813312341754,4.26079865284218,275571.34708729805,5.703681541426735
749100,3.9471946215986313,4.261141420641177,275598.5185225883,5.703972510980078
749200,3.947548849491556,4.261465454545083,275625.4657366493,5.704419900528834
749300,3.9479816416813756,4.261890983305294,275653.7094590251,5.7047636398067985
749400,3.948369829813008,4.262387982324883,275682.6374030009,5.705166957427179
749500,3.9487950685726894,4.262929448922636,275711.8065560291,5.705649860998807
749600,3.9492451376299624,4.263422300059105,275742.1876523666,5.706081706346538
749700,3.9496152610275024,4.263784268411327,275767.79922737944,5.7066378005417455
749800,3.9499409718069947,4.264339968735605,275795.58551578765,5.707231566684191
749900,3.950304304838566,4.264675452418506,275821.01506422425,5.707690700709302
750000,3.9506609097463437,4.265232219853943,275850.5922956673,5.708195804958435
750100,3.951008523545031,4.26560870272171,275878.8622650739,5.708575325787202
750200,3.951455608951431,4.265931134377133,275908.8420376028,5.709031475473018
750300,3.9519030072081387,4.266335906461169,275935.2285892977,5.709516465853364
750400,3.952282041151723,4.266744755599252,275965.3716254967,5.709920161289631
750500,3.9527392492817386,4.267253048511604,275991.38993849815,5.710420441618218
750600,3.9531324130697034,4.267793094967906,276019.93381796964,5.710844932797742
750700,3.953527062914581,4.268151398283628,276048.86448208464,5.711421149250781
750800,3.953889704771604,4.268524209754946,276076.4119306238,5.711763522133517
750900,3.954331791915747,4.268975556736565,276105.62380348373,5.712347867916371
751000,3.954690901664727,4.269457685337167,276133.62059510517,5.712946886774508
751100,3.9550586047190035,4.269788019156796,276161.6542211404,5.71355550407383
751200,3.955474931577325,4.270299930276767,276191.96052585234,5.7139655177479645
751300,3.955863770301006,4.2707416662800055,276217.37029925274,5.714468351371788
751400,3.9563196058607977,4.271261646063217,276247.52567002474,5.71490588073186
751500,3.9567331878180076,4.271768518170675,276273.22470481636,5.715283468417746
751600,3.9571249836571107,4.272158864285724,276299.33178004605,5.715724022540061
751700,3.9575891796288434,4.272714646983078,276329.8598423794,5.716350953814058
751800,3.9580475219707965,4.273024436762733,276355.734522904,5.716732096551702
751900,3.9584446208294137,4.273456695431829,276385.1466803021,5.717309137463581
752000,3.958843169271721,4.273992194434989,276415.5553602112,5.717874866876978
752100,3.9592958191039433,4.274379003085877,276442.423723201,5.718263263067998
752200,3.9596644770521476,4.274881658279409,276468.754147939,5.718838978983467
752300,3.9600393464504036,4.275367526513479,276493.28097424697,5.719113921665529
752400,3.9604467246876855,4.275867467016722,276522.8102580867,5.719393114596002
752500,3.9609015347591634,4.276167882473383,276549.96016284457,5.719721189449639
752600,3.9612532625308163,4.276586799957424,276576.4590513998,5.720067967766541
752700,3.9615845206223765,4.276929367877249,276604.61605186015,5.720522305614203
752800,3.961964896290356,4.277466792693302,276634.5935315148,5.720991269973938
752900,3.9622915078883545,4.277881698111848,276662.5174083647,5.721518861997305
753000,3.9626743704528855,4.278300769366586,276689.42851317825,5.721871551422775
753100,3.9630154403089164,4.278725621890715,276718.6152684242,5.722448635500299
753200,3.9633405289075387,4.279202561270643,276747.72055251646,5.722736109971658
753300,3.9637683751405595,4.279622640647212,276772.4691339818,5.723146581080929
753400,3.9641505718699985,4.280019891233013,276801.3567334648,5.723654101238602
753500,3.9645664831088125,4.280562454457787,276831.4393700708,5.724088548408153
753600,3.9649228495793545,4.280896927012399,276857.3994702538,5.724424835777651
753700,3.9653440614319146,4.281254879342758,276883.05299308384,5.724779379778919
753800,3.9657711331219287,4.281561091057929,276907.92228507646,5.725363039792611
753900,3.9661311893821782,4.282041876528311,276932.49264205474,5.72579782170727
754000,3.966581848570397,4.282338071826562,276961.562166548,5.726190477117324
754100,3.9669826349210475,4.282688453323421,276989.32967802335,5.726579832552566
754200,3.967393843896503,4.28304740103951,277015.6682959941,5.726877849683925
754300,3.967820655530864,4.283565844604508,277042.3972831102,5.727474862407751
754400,3.9682635505295645,4.284111813677258,277067.4043316521,5.727933175103798
754500,3.9686622161106415,4.284401243230236,277095.726713936,5.728431581177526
754600,3.9690577382853216,4.284855917002978,277124.87891565706,5.728816961575592
754700,3.9693803663319134,4.285314820465157,277153.88584485627,5.729454367157913
754800,3.969784501589439,4.285598840146707,277180.3962081648,5.729776040460675
754900,3.970189684658267,4.286021042024859,277210.4231513776,5.730325429970064
755000,3.970608155998853,4.2865334980302015,277239.3152956929,5.7306598413607555
755100,3.9710543202019957,4.286859275943796,277264.3929192564,5.730961154073991
755200,3.971439493537021,4.287271848195113,277291.68517600134,5.731252431761552
755300,3.9718935333235525,4.287649924189713,277320.31596770365,5.731589591748708
755400,3.97233912747805,4.288200084187266,277346.1443867864,5.731941771716664
755500,3.972670195382799,4.2885673570109635,277374.6780112049,5.732450201076568
755600,3.9731223536229323,4.288908673642807,277399.894864776,5.732912793788477
755700,3.9735118091511503,4.289242113190721,277426.4725265973,5.733327198133844
755800,3.973835100920928,4.289526601885723,277454.56555736304,5.73397199775077
755900,3.974169629294557,4.290038358857022,277484.37114558497,5.734377129163592
756000,3.9746046559613237,4.290392442308344,277510.09906473604,5.734882100950537
756100,3.9749524540353622,4.290820837585242,277535.3348957598,5.735289628214941
756200,3.975289443938368,4.291206335974968,277565.3609959402,5.735581378107332
756300,3.975729287106256,4.291622601810697,277591.4471373794,5.736182969169164
756400,3.976102623947622,4.29197053522507,277619.8102543341,5.7365662481020046
756500,3.9764577405469597,4.292381430897725,277644.291002445,5.736857761529891
756600,3.97682642017875,4.292865939361084,277671.6057858991,5.737156055321516
756700,3.9772222378822217,4.293235982114176,277699.66450318514,5.737493708920902
756800,3.977595376556255,4.293531880830799,277726.522668758,5.737982513195837
756900,3.978010845988804,4.293819868237806,277755.6710996492,5.738556980289661
757000,3.9783710015918348,4.294152817849799,277781.3146857105,5.739128516336934
757100,3.978812517700865,4.294648078017281,277805.79167150334,5.739653654580172
757200,3.97918352849268,4.295014756356424,277835.9082566831,5.739925704454689
757300,3.9795454081435837,4.295299898464687,277863.95029300393,5.740336806983737
757400,3.9799073962693603,4.295706567634841,277889.02729028254,5.74079969123207
757500,3.9803344983598676,4.296251576155376,277914.4793618,5.741078472493614
757600,3.980730997496579,4.296801814837448,277940.6052555731,5.741679973741822
757700,3.981118158852475,4.2972552380690345,277967.46543209086,5.7421568543912
757800,3.981537741807476,4.2976276068724655,277993.98956507246,5.742777656124245
757900,3.981903479338257,4.297971214816877,278018.83491071756,5.743392610866913
758000,3.9823109043635427,4.298520702180513,278044.9138171666,5.743998076029261
758100,3.982755777977172,4.298958021412803,278071.365964369,5.744481005743057
758200,3.98309128429343,4.299281920736342,278096.84027831606,5.74484979472301
758300,3.9834832593815133,4.299833181931934,278123.2168791408,5.745303460429419
758400,3.9838597975727246,4.300257226303243,278150.9735956946,5.74573477070466
758500,3.984235069763798,4.300755551588986,278176.6311515378,5.74600888297414
758600,3.9845829689254484,4.301117442368973,278203.8794884935,5.746605485458871
758700,3.9849370355951743,4.301611292596413,278231.5001625234,5.746902930149011
758800,3.9853554670551485,4.302035317210585,278259.9151587917,5.7473005445072705
758900,3.985776396668866,4.302480871577014,278288.71793243923,5.747654415243081
759000,3.986220050443709,4.302765753634714,278318.81235665036,5.747998702803738
759100,3.9866669821650853,4.303122460106645,278345.2233137631,5.7483742980054195
759200,3.9870867716992415,4.303640663464495,278373.8913127256,5.748685932201229
759300,3.987537900410569,4.30392717251577,278403.885184697,5.749230407326535
759400,3.98796135582499,4.3044154017059,278428.40866297623,5.749783998163403
759500,3.988371460624854,4.304755225247993,278453.5405859512,5.7504357490962885
759600,3.988697547783452,4.305288426687775,278480.0791881563,5.750729987104347
759700,3.989050454465576,4.305824663741216,278504.5067030686,5.751364744163951
759800,3.989498630920496,4.30633264136381,278529.229457757,5.751716853055896
759900,3.989821295782125,4.30663310041717,278558.5421908779,5.752040513542281
760000,3.990216670993157,4.307168687101471,278587.6095583928,5.752496727338173
760100,3.9906338349158643,4.307476307968698,278616.10407093767,5.752853579142099
760200,3.990964946963905,4.3078853940885855,278643.74226244,5.75336040583604
760300,3.991329670651214,4.308425157216738,278673.24428321,5.753910214104795
760400,3.991700393571461,4.3087334505886385,278702.20157527167,5.754218938413215
760500,3.992151934560338,4.30905210104225,278726.99905984075,5.754511471235718
760600,3.9925395193889326,4.309485808526598,278755.42166358285,5.754850278625822
760700,3.992895530003269,4.309872218224124,278785.29763868207,5.755350992586939
760800,3.9932805321225575,4.3103450079732655,278811.7879251193,5.755749820222909
760900,3.9936751714475136,4.310861913666883,278841.17757782846,5.75636717633357
761000,3.9941087145591654,4.31141367357969,278868.6761581683,5.756992517401694
761100,3.9945033108969232,4.311758391060453,278894.441715652,5.7573364737242185
761200,3.994874057018566,4.312303289390821,278920.9333097433,5.757747106306276
761300,3.995198992651657,4.312758197678313,278947.3416222318,5.7583962153030654
761400,3.9956268892090074,4.313236334855963,278975.35785279097,5.758908496513101
761500,3.9959670020732836,4.313746696413788,279003.8921468604,5.759294872782213
761600,3.9964132034794555,4.314052750127886,279032.0025275588,5.759791381790051
761700,3.996747976190713,4.3145419905490625,279057.87429107015,5.760398230368012
761800,3.9971263892392814,4.314912575060964,279085.3069638134,5.76078615917951
761900,3.997572582511521,4.315419965477613,279110.67812316766,5.761394162661182
762000,3.9979598684076296,4.315842751506199,279135.28149695526,5.761709694968119
762100,3.998297842199359,4.3162362956704285,279164.99283520767,5.762221326863002
762200,3.9986656069988062,4.31670797327456,279193.6039651016,5.762649025691591
762300,3.999057809783718,4.317253950206471,279221.8959485086,5.763280554686979
762400,3.9993826384677185,4.317584853292228,279247.6479027979,5.763918904502636
762500,3.9997390588539075,4.317908929261289,279276.2304952053,5.764462542424169
762600,4.00019324629489,4.318233632446027,279300.84335125145,5.76493747472438
762700,4.000607932662764,4.31866697917691,279328.82678430615,5.765446457690861
762800,4.000956065850804,4.319071325447982,279356.8864431965,5.766055637720123
762900,4.001375655516217,4.319387223610874,279384.64959007583,5.766632797839943
763000,4.001817812722681,4.319735536587401,279412.85487064096,5.767071806846666
763100,4.002199609417742,4.320241365389449,279440.38713075564,5.7673528782729875
763200,4.00263410601043,4.320765792935927,279470.1862988163,5.767777763050141
763300,4.003054918209506,4.321185421558011,279496.46379572904,5.768386853295849
763400,4.0034488791968705,4.321687821533708,279524.60544339014,5.7690336994770925
763500,4.003889516661718,4.3220716918365545,279552.0280049894,5.769352024134584
763600,4.004282222282294,4.322499509899428,279579.46439255116,5.769801896756939
763700,4.004697475037105,4.3230326072303145,279603.8963740518,5.770380751377148
763800,4.005046500142081,4.323443996200924,279632.59471412824,5.770985187673917
763900,4.005433163649302,4.3237614272681295,279660.3004872019,5.771536894849234
764000,4.005767910681511,4.32428856200489,279686.71315072896,5.772018647990816
764100,4.006212945887029,4.324728986720849,279715.4267588083,5.772379554882906
764200,4.006549720711706,4.325098595537923,279743.4327408092,5.772693772715174
764300,4.006972292698895,4.325497709288397,279768.08132186765,5.773165430103617
764400,4.007344087804852,4.325951793957326,279793.0109533347,5.773547623531056
764500,4.007705231784951,4.326432576750919,279817.29368761525,5.774049671620444
764600,4.008026099933852,4.326755311179045,279845.2733233444,5.774589314288375
764700,4.0084069803291635,4.327204023978099,279873.40624746215,5.775126867647196
764800,4.008744694109416,4.327747466765942,279899.43734130793,5.775689218575579
764900,4.00912545339413,4.328049425571131,279928.7336764203,5.776006109257273
765000,4.009495284295478,4.3285392867202575,279958.44900131546,5.776556709377283
765100,4.009844818724976,4.328970208563926,279985.9126337585,5.7770064109771075
765200,4.0102797814305235,4.329294226631256,280012.77196057007,5.777625297269631
765300,4.010713501402649,4.329591995204873,280039.84941643244,5.778199103564297
765400,4.011092837965517,4.330093987431677,280065.8079540489,5.778703162425633
765500,4.011463399821192,4.330615450819538,280091.4051011762,5.779186477718374
765600,4.0118903515823465,4.331112320472167,280116.01813914266,5.7797854223643235
765700,4.012340908143447,4.331630781101396,280141.30082697194,5.780166406202951
765800,4.012736380369649,4.332027115356811,280169.5488477365,5.78075462488501
765900,4.013056311895858,4.3324212231988986,280198.0098378627,5.781315205299216
766000,4.013502435699669,4.332753280998151,280226.4450914054,5.781853645857581
766100,4.013906842706827,4.333202883975033,280251.7982849348,5.7824789994599675
766200,4.014302034121261,4.333750366666035,280281.62352607946,5.782942892972477
766300,4.014625940541124,4.3341776752065995,280307.6311753742,5.783362899576313
766400,4.0149480527288715,4.334554246890537,280333.8110058986,5.7839679206910475
766500,4.015397986543858,4.335048585705142,280358.6370694045,5.784392581937338
766600,4.015750043848104,4.335583882100023,280385.77424130426,5.784659809116943
766700,4.016187339680134,4.3359674041762535,280414.2917006696,5.785091399951521
766800,4.016589574327201,4.336506798328999,280442.07816708006,5.7855987889703835
766900,4.017011827003207,4.336915241250389,280466.3797269221,5.785908176886975
767000,4.017400622834909,4.337214676313753,280493.8549399818,5.786328603198045
767100,4.017846756853794,4.337750171859723,280520.7302461313,5.786621985429756
767200,4.018209215356183,4.338140710414353,280546.7027403682,5.787208816700793
767300,4.018585090359879,4.338477819160877,280573.25549980893,5.787520230731163
767400,4.018985543370722,4.338926047921127,280603.15366723656,5.787801497164195
767500,4.019349343573763,4.33935318952187,280628.88310770754,5.788373818315185
767600,4.01975603995669,4.3397565903089115,280656.3041903969,5.78866249943249
767700,4.020121197392895,4.340178167350366,280684.67330368917,5.789287227849713
767800,4.020540412245849,4.340727715164456,280711.47846084344,5.789812523085617
767900,4.020987941013546,4.341053284242877,280741.0057002965,5.7902015371272
768000,4.021437512226796,4.341527497381478,280770.5886930517,5.790538631338039
768100,4.021855704869546,4.34204609671678,280799.1563210133,5.790901178578127
768200,4.022266751343261,4.342392448091851,280827.4638952802,5.7914403075445815
768300,4.0226071620931645,4.342812034204769,280856.20750524214,5.791895808726781
768400,4.023005165766254,4.3433509422204395,280881.7171950102,5.79242761087874
768500,4.023337785125744,4.343856153115997,280911.3675759848,5.792774802314133
768600,4.023757966230301,4.3443412482052635,280937.10338649206,5.793194862880099
768700,4.024195777486323,4.344689867380664,280965.8667122058,5.793785431706784
768800,4.024623906404864,4.345024122819148,280993.04130824003,5.794389241348871
768900,4.025040057875778,4.34542881152838,281022.0952710757,5.7950130406908995
769000,4.025458618010932,4.345837600005643,281049.61085909203,5.7953569602974335
769100,4.025817212221143,4.346306201396871,281075.20466590894,5.795912686575984
769200,4.026246851966248,4.346644205772957,281101.46492964274,5.796554972085697
769300,4.026659344263985,4.347083760207872,281130.0334402051,5.797004822585271
769400,4.027077652000738,4.347368059064355,281156.9583470253,5.797498133351599
769500,4.027532731553978,4.347782813759637,281185.62797343463,5.7980251369120195
769600,4.027903694591183,4.348117828529359,281211.8870773683,5.79828923282694
769700,4.028346027415073,4.348588689735499,281238.7367612574,5.798875298531659
769800,4.028724764465439,4.348887477135771,281262.8938932484,5.799176947707679
769900,4.029115099950412,4.349238239195851,281289.4525436432,5.799510094269395
770000,4.02955883044533,4.3497147168100065,281317.7889937487,5.799838260483728
770100,4.029929891515681,4.350103600384606,281346.3955983647,5.800469748797995
770200,4.030299245961648,4.350593989123465,281374.9286893537,5.801069998584433
770300,4.030745201801403,4.351126805843684,281400.5323153656,5.801408753237743
770400,4.031177845981377,4.351679360204452,281427.6206011085,5.801873766423581
770500,4.0315476714867176,4.352080706863716,281454.27452719974,5.802375048051695
770600,4.031960180473755,4.352600014054903,281482.5297621078,5.802863090093324
770700,4.032332915630346,4.352993071854399,281506.5196309353,5.803294992371705
770800,4.0326700945086715,4.353458329585104,281536.1283493628,5.803777203184374
770900,4.0330298261889075,4.353998470070225,281560.1036777149,5.80428066997833
771000,4.0334725309447315,4.354425772850562,281587.4625887193,5.8047599913656045
771100,4.0339096242271655,4.354793105370422,281617.0172785353,5.805227818898347
771200,4.034266879039733,4.355254732940615,281644.6161756675,5.805570015810456
771300,4.034639687956421,4.355583462684041,281670.6149135224,5.806175386617459
771400,4.034964156631393,4.355996070453909,281695.31003427616,5.806702299969957
771500,4.035322783888217,4.356334108828877,281722.8546254576,5.807199452326881
771600,4.03569268892186,4.356772479248267,281747.81567899894,5.807841673854318
771700,4.036092261947223,4.357322903102155,281776.00151407765,5.808119026438291
771800,4.036472261814565,4.357855281670289,281801.38005243876,5.808684686782034
771900,4.036866051254548,4.3584032832391495,281828.1711102479,5.8089844676319515
772000,4.037317747995046,4.35882086220305,281856.33475558663,5.809248063911266
772100,4.037718867352662,4.359150035387228,281884.1360992984,5.809742197734218
772200,4.038087533347093,4.3594738808673075,281909.43104985316,5.810024236917027
772300,4.038489547573467,4.359967913312808,281935.8628279759,5.810315784835779
772400,4.038881501230445,4.360348543865338,281965.68134567834,5.810887143042585
772500,4.0392825622826765,4.360728667755594,281995.4283899591,5.811386289145308
772600,4.039723856278661,4.361091217949228,282023.41519753035,5.811782108946333
772700,4.040105462669334,4.36146921510492,282049.447038246,5.812106627960722
772800,4.040519182696261,4.36177921539848,282077.34397932224,5.812394808525603
772900,4.040879970577397,4.362080980233944,282101.6348408713,5.812818065696963
773000,4.041232594056658,4.362517392425629,282129.2962453755,5.8131111333497225
773100,4.0415593911152685,4.363062442793909,282155.63584428927,5.813652594396033
773200,4.0420119029780475,4.363586304887261,282182.95648231433,5.8139200096101105
773300,4.042394775839046,4.364010067460889,282212.18759422516,5.814558424096732
773400,4.042803509280458,4.364371551330491,282240.27371137845,5.814842098818649
773500,4.043183156500821,4.36469718256252,282264.59861301794,5.815250425971086
773600,4.04357680004156,4.364984490654797,282293.3195719838,5.815695759352502
773700,4.043982316040427,4.365417774710194,282318.03931285435,5.816075555836011
773800,4.044357665706655,4.365853417498032,282343.26102616335,5.816714566158811
773900,4.044755681297572,4.366384912738846,282367.51452020253,5.8170300614024155
774000,4.045171036605862,4.366847809406779,282391.82788676844,5.817307964943732
774100,4.045529428623793,4.367376948109624,282421.2085604579,5.81787098823966
774200,4.045864558865302,4.367759050179402,282447.4443675487,5.818478936055698
774300,4.046305631396805,4.368262808208598,282472.4971162491,5.8187540075893915
774400,4.046729480236754,4.368647890770724,282501.1325744803,5.819210443836244
774500,4.047107272792341,4.36893177092384,282528.6776834084,5.819793059149355
774600,4.047433938563764,4.369227369754143,282555.4628946694,5.820195846960401
774700,4.047874700456283,4.3695351398336815,282582.3913617929,5.820563464495261
774800,4.0482011049509445,4.370029426253943,282608.68934257986,5.821051799225353
774900,4.048592784144594,4.3705115455298476,282637.6097887794,5.821652579619669
775000,4.049037939319359,4.371012363040577,282662.60210848256,5.82193318513699
775100,4.049379459702887,4.371387401043273,282690.3978266621,5.822373898115406
775200,4.049730079228126,4.37168789920833,282718.2812975338,5.822812687687961
775300,4.050060362515806,4.372047555529308,282743.5211656148,5.82343074208614
775400,4.05041326371192,4.372581474650082,282770.0645169326,5.823708136666324
775500,4.050859767623319,4.372965349760167,282797.7655589802,5.824331158109003
775600,4.0512622860389325,4.373464997414828,282825.6890467077,5.824612763845518
775700,4.051686786817806,4.373924417718141,282851.54060942313,5.824915959662003
775800,4.052083818044103,4.374285929219279,282878.6166042102,5.82542372595041
775900,4.052443911957583,4.3747189254268815,282907.2116874049,5.825706331930745
776000,4.052803046171493,4.375038816037091,282936.2616795764,5.826061293574002
776100,4.0532118155404495,4.375381682000561,282961.3626036463,5.8266549326784896
776200,4.053636040532365,4.375846117711267,282990.15616370336,5.8271633093117154
776300,4.054057434892246,4.376129049312498,283019.84864626365,5.827732908332312
776400,4.054396118229342,4.376515948182436,283044.35520165536,5.82830790369969
776500,4.054787168476767,4.376886450511424,283072.4753775146,5.8285961871981
776600,4.055123693325409,4.3772078352250094,283099.7222954034,5.829049339205632
776700,4.055447270990709,4.3776109504087595,283128.4937266178,5.829536899962804
776800,4.05578439572248,4.37806055101214,283156.2598087052,5.830145083088274
776900,4.05618262993156,4.378462361375367,283180.78391993995,5.8304712803014
777000,4.056626987772558,4.378996727218581,283205.52936644334,5.8308667970427095
777100,4.057068548216296,4.37938659135413,283233.19687936053,5.831467151672115
777200,4.0573858024778575,4.3798382054747025,283259.2610428694,5.832095854596493
777300,4.05770904923653,4.380343911725613,283285.19606914604,5.832649471739603
777400,4.058154607718154,4.380664977708536,283309.6989431882,5.833247370196716
777500,4.058508095758027,4.381035272246013,283338.7747193939,5.833700796723017
777600,4.058834547544254,4.381373572343743,283363.3709519177,5.834020051164916
777700,4.059165677571043,4.381835910169585,283391.98324471846,5.834650358389324
777800,4.059593765956653,4.382216835502581,283417.6326387653,5.835200980364652
777900,4.060020884807425,4.382735304976745,283441.49293237395,5.835837461040571
778000,4.060430266907525,4.3830132074147885,283467.40713348176,5.836180427852645
778100,4.060779757647439,4.38341010099459,283492.7232928192,5.836797805691412
778200,4.061153349055983,4.383778909542023,283521.7863433644,5.837208786863352
778300,4.0614983517586545,4.384155073204407,283549.37323384883,5.837812261959229
778400,4.061815124047123,4.384639016592724,283577.7458765737,5.8383109795375585
778500,4.062141589127109,4.385144739375883,283605.7276382324,5.83860350443587
778600,4.062457514003234,4.385651913459398,283632.13511903153,5.839226671096934
778700,4.0628519683748685,4.386040387957532,283660.6703375425,5.83959557761651
778800,4.06320838440284,4.386586768971974,283689.38323430344,5.8400384493158795
778900,4.063625406553673,4.386999020429469,283718.8676162016,5.84034898443705
779000,4.064046421547254,4.3873193642266335,283744.986668493,5.8407685601078745
779100,4.064382325071729,4.387615158234409,283772.8563916145,5.841392918745276
779200,4.064728252351398,4.388069070618281,283801.8131126535,5.841802720725415
779300,4.065057290082996,4.388469914534652,283826.89794859523,5.842192622466012
779400,4.06546443539298,4.388978767107078,283852.0595928084,5.842594412893682
779500,4.065848728098539,4.389416350953184,283877.57028080896,5.842930003019548
779600,4.066185442936064,4.389732846628086,283906.83941245975,5.843511621114492
779700,4.06657644296643,4.390028151921781,283932.03198354057,5.844061046003934
779800,4.066928936644349,4.390534626968522,283956.4521515162,5.844477029223545
779900,4.067299407894183,4.390908362755172,283983.5426294943,5.844844443971781
780000,4.067644448252145,4.391395732189018,284010.8155364518,5.845253277429595
780100,4.068001280660422,4.391845367044836,284038.5232782728,5.845805565747189
780200,4.068319951093104,4.392211977631772,284066.2973676447,5.846182894692682
780300,4.068713478948539,4.3926985623318675,284095.08414858975,5.846503152008525
780400,4.069098363515098,4.393035185660885,284120.2474692014,5.846843883086433
780500,4.0694798522825835,4.3933209269999836,284143.9528533535,5.847444810951487
780600,4.069803693112036,4.393686646267407,284171.72903061076,5.847783842242382
780700,4.070221520609407,4.394132178488218,284198.0805639657,5.8482367925937755
780800,4.07055532780163,4.394605929075364,284221.832036785,5.8486175955692765
780900,4.070996260410402,4.394933814378674,284249.590404135,5.849142850709248
781000,4.071423810909442,4.395269870676192,284273.8537575152,5.8494578608286245
781100,4.071766920065507,4.395790476691921,284298.3771630975,5.8497251208974115
781200,4.072145738769951,4.396089419191125,284324.54191778076,5.850084062452571
781300,4.072563850855145,4.396624217228238,284350.0385193579,5.850706939434557
781400,4.072885189876302,4.397014383081648,284375.1788854004,5.851290744147903
781500,4.073301250545729,4.397464889909962,284400.6222560766,5.851722737994435
781600,4.073690177419884,4.397930751699961,284424.9847650464,5.851986139789572
781700,4.074006515252687,4.398225800032653,284450.07640007365,5.852603065193511
781800,4.074450496412135,4.398504787719032,284477.160022433,5.85289294060701
781900,4.074821475837778,4.398882590557872,284501.21799577156,5.853294102643728
782000,4.075269733244865,4.399360824219709,284527.8115266061,5.853587935035949
782100,4.075647971291807,4.399867089250384,284552.154187579,5.854089259055388
782200,4.076067347003325,4.400357023781623,284579.6278238513,5.854495624661931
782300,4.0764285757695475,4.400660700197587,284603.93011354096,5.855032383980589
782400,4.076860104291046,4.400996250623181,284632.8613671838,5.855604444568874
782500,4.0773074976137185,4.401522159178843,284658.6892721593,5.85620747676644
782600,4.077657121728571,4.401806817210562,284687.8562386974,5.856793041723447
782700,4.078029835485879,4.402143292571605,284714.060707546,5.857353252641971
782800,4.078440425262285,4.402474165011999,284741.7982029086,5.857692123461943
782900,4.078838040874267,4.402979746772693,284769.3770844495,5.85827520283775
783000,4.079211302932376,4.403463833712526,284798.5376114387,5.858579371220405
783100,4.079559048979441,4.403823747337783,284827.2978856315,5.859026929553523
783200,4.079927564168472,4.404196624501039,284853.3712912574,5.859593421377582
783300,4.080374639082664,4.404709920902303,284882.55591064587,5.859924921578814
783400,4.08073634172602,4.4050188568073185,284907.8615556272,5.860378936008207
783500,4.0811663026544664,4.4055313071594995,284934.5495553502,5.860980977030666
783600,4.081595825619303,4.405891808371651,284962.3170715514,5.861493786119737
783700,4.081942544131872,4.406285163499176,284990.92379321274,5.861905505313394
783800,4.082371980585093,4.40656058440334,285018.3346235699,5.862478572701284
783900,4.082715541312441,4.40707382525009,285042.8813084049,5.862957785333585
784000,4.083028554088115,4.407363294796167,285069.5622045902,5.86332723924736
784100,4.083445310913725,4.407876986729544,285095.2977972766,5.863894329427556
784200,4.083823248370003,4.408193059052689,285120.2650042315,5.864497698742548
784300,4.084136623666418,4.4084881146422665,285146.88790775964,5.864839242920633
784400,4.084467490779676,4.408884032966357,285175.23768802127,5.865376690303254
784500,4.08488697249911,4.409335994316433,285202.31033846707,5.865702130818427
784600,4.08524300950503,4.409760693780393,285231.0277303905,5.866205125273584
784700,4.085680604265146,4.410296317160056,285256.4890817709,5.866732707624314
784800,4.086034041813654,4.410790406526954,285282.3318524677,5.867340223561444
784900,4.086420429771966,4.411133602848152,285309.57176570914,5.867838398684313
785000,4.0868421616662225,4.411484307075495,285333.5669838672,5.868440463980724
785100,4.087182795568874,4.411867816898741,285358.1611237374,5.868995942536376
785200,4.0875671414810615,4.412327787070561,285383.1164722132,5.869520164679703
785300,4.087890958167213,4.412721563343294,285407.51974967006,5.87015177085593
785400,4.088324754857357,4.413152225796182,285431.69313236966,5.87043736159243
785500,4.088724998103598,4.413495954756992,285458.55223239324,5.871066098214869
785600,4.089163925684196,4.413896551640224,285486.81302603515,5.871572000354085
785700,4.089497558107174,4.414406608976484,285514.82348757057,5.872010427993324
785800,4.08983622732855,4.41494417265273,285539.2089349986,5.872426382906389
785900,4.090247590686416,4.415415126519227,285563.6275516668,5.872726445620069
786000,4.0906149771082525,4.41581316855351,285592.0218819168,5.873100700619836
786100,4.091031211231703,4.416229932485365,285616.2183598169,5.873394776413575
786200,4.0914359048432765,4.416584970680494,285642.24800493324,5.874024484094491
786300,4.091879441944279,4.4170473681987845,285670.25904816785,5.874509566234891
786400,4.0923237045892735,4.417385833507788,285694.8393170645,5.8748320277864154
786500,4.092713309298005,4.417914455295317,285721.2583395252,5.875284737341726
786600,4.093097856958317,4.418441494457894,285747.44086231815,5.87576528056937
786700,4.0934944965239355,4.418887803808649,285772.6099828385,5.8761384138134005
786800,4.09387304516987,4.419415884512821,285796.4884422194,5.876476836488828
786900,4.09421670337088,4.419809531688081,285822.1842185102,5.876891604366524
787000,4.094529784900376,4.420337555267898,285849.5654356001,5.877466407996763
787100,4.094871524005479,4.420749762942921,285874.2646345741,5.877813801430412
787200,4.09522966044858,4.4212466344786625,285899.88052438066,5.878092574751956
787300,4.095634004520965,4.421522142742911,285927.4016464896,5.878696106641719
787400,4.095990711624798,4.421810735345268,285950.8917546044,5.879222282820502
787500,4.096367051964933,4.422237754342617,285977.9104731051,5.879769967900286
787600,4.096701891503333,4.4226269673285135,286002.49795602704,5.880114905939695
787700,4.097094458148012,4.423144043660608,286029.08491587325,5.880728258894296
787800,4.097526963062729,4.423557821978753,286055.7442087159,5.881055620297817
787900,4.097848621970694,4.423971561035219,286082.7138351131,5.8814334729806195
788000,4.0981613022963685,4.424468876424336,286106.3134558516,5.882031983662966
788100,4.098558858134491,4.424878081514772,286131.16033559607,5.882652405374124
788200,4.0989046054613105,4.425378469027201,286157.01515854086,5.882933601116508
788300,4.099263765813155,4.425812828006111,286180.60758560005,5.883197224912048
788400,4.099693537030147,4.426159284103308,286207.1608424965,5.883469794836097
788500,4.1001255524238855,4.426470945715838,286231.45863162325,5.883902036131134
788600,4.100437920509289,4.426945352509908,286257.4271965832,5.8841980989706055
788700,4.100819118591775,4.427399286099236,286283.6649323483,5.88476985321774
788800,4.101233454048395,4.427735418223923,286311.56102697086,5.8852780732709435
788900,4.1015872510065305,4.428168348842479,286337.8630624519,5.885846394160383
789000,4.101921067049637,4.428640703413468,286362.7384848111,5.886162553438841
789100,4.10229190478419,4.429054105212249,286387.60735244723,5.886706083607356
789200,4.102727585582252,4.429390378338658,286412.9501835152,5.8871016626153665
789300,4.103072098724509,4.429666378322561,286439.04024994245,5.887724822769323
789400,4.1034654845906635,4.429945254229839,286468.0481981341,5.888317562984007
789500,4.103874202942696,4.430485760968075,286491.7556686084,5.888836603551064
789600,4.1042125683827155,4.430938891827273,286515.6215090678,5.889275556424531
789700,4.104589758668464,4.431336244199332,286542.9246864967,5.889624468668441
789800,4.104936568981632,4.431745401522164,286570.9539462032,5.890212253922679
789900,4.1052855927314775,4.432061697338417,286599.8568867874,5.890694976040745
790000,4.105721599101346,4.432578778512852,286628.39314522455,5.891059133828444
790100,4.106104164847655,4.433061392190344,286656.2869458895,5.891486790288844
790200,4.106454877468217,4.433352339736194,286683.64524027036,5.891928400686225
790300,4.106884675465629,4.433678717696861,286712.75838431093,5.892453210354032
790400,4.107261367975491,4.434168841955675,286737.4630242402,5.892821564043981
790500,4.107570666784055,4.4345060275315085,286760.8842933392,5.8931718949045235
790600,4.107930991303555,4.4350196756150595,286788.34124721575,5.893466163448647
790700,4.108313574427498,4.4355030303229785,286813.059408521,5.893762638970764
790800,4.108724195272863,4.435956378321065,286838.71146535984,5.894267150025991
790900,4.109140453298033,4.436431681575265,286862.8394582895,5.89460149792526
791000,4.109454820066171,4.436808800480912,286888.1094717982,5.895209425455291
791100,4.109777095948963,4.4372408167657795,286913.1380623711,5.895525603455178
791200,4.110183715781216,4.4376431961454506,286941.877268037,5.896108346773001
791300,4.110502802923722,4.438139199199211,286969.8833873599,5.896603207933662
791400,4.110906281871819,4.438664553792155,286997.54501273687,5.897163772784714
791500,4.111342013342561,4.438979052125649,287021.61106112046,5.89760910062744
791600,4.111733183616266,4.439473915936174,287045.73252968624,5.898108254523921
791700,4.11215629836448,4.439926747545474,287070.41258455557,5.898658490849012
791800,4.112493783553683,4.440263826835877,287094.6901359224,5.8992144301735
791900,4.112813650595025,4.440728313718831,287119.45450563496,5.899600223052792
792000,4.113244400562252,4.441029035802733,287145.1796145332,5.899902797893383
792100,4.11368268891783,4.44152842275112,287169.8415583538,5.900197568894751
792200,4.114099144978376,4.4419452226871705,287194.66835149715,5.900616392932599
792300,4.114506619114178,4.4423522096621,287220.2315843609,5.901052354268589
792400,4.114926659430839,4.442718341704745,287249.26904842455,5.901471864725101
792500,4.115269252376148,4.443180994782298,287274.5474161646,5.901736153877042
792600,4.115704673963626,4.443717010751349,287300.80807076115,5.902341562260768
792700,4.116070450451151,4.444132342810709,287324.38454280776,5.902915816670978
792800,4.116429010576964,4.444599482408739,287351.99171097553,5.903425320052194
792900,4.116780663106686,4.444878267951446,287379.30909148755,5.903975735044687
793000,4.1171000350342855,4.445207679198317,287406.7283879597,5.9043461062765745
793100,4.117478182551093,4.445716091262847,287433.3374447831,5.904623211909441
793200,4.117787740499307,4.446109247661281,287459.5883205684,5.905180604420371
793300,4.118112074591703,4.4465719201370515,287488.14503083006,5.90561745720927
793400,4.118458912786721,4.447043340100302,287516.2843304862,5.905977821532957
793500,4.118846414038325,4.447474223419681,287542.88945075125,5.906503429106372
793600,4.119188624689209,4.447756561115602,287566.37587622507,5.906882632459169
793700,4.11962214326838,4.448222141260577,287592.7947905371,5.907242911646063
793800,4.119931949097621,4.448565817519329,287619.7368054917,5.9075431784501715
793900,4.120312085847854,4.448936814301299,287643.2819922497,5.907975178730019
794000,4.120627554358193,4.449419545545039,287671.32911625167,5.908446218800825
794100,4.121048031903675,4.449701084450873,287697.8123589623,5.9089530083687185
794200,4.121477482786512,4.450049497039,287726.1582595857,5.909543187405771
794300,4.121819838080735,4.450407493642276,287752.45731470577,5.909896862025541
794400,4.12221901088181,4.45090594912974,287780.15023517853,5.910202338455683
794500,4.1225575392179445,4.451267057366802,287804.31564054,5.910665005605086
794600,4.122994559563412,4.451658427664817,287830.88607964304,5.9109347923524425
794700,4.123355107473092,4.452004553813368,287856.5988684146,5.9112163295006885
794800,4.123734233630454,4.452358553414686,287885.64097787644,5.911769395223217
794900,4.124109483351783,4.45273176900438,287912.2206455236,5.912044081032172
795000,4.124458706967719,4.453077119129725,287939.8032116529,5.912545371247818
795100,4.124880112248447,4.453597578404455,287967.186456072,5.913094087627107
795200,4.1251893948929395,4.454046641109486,287995.555580102,5.913521594776579
795300,4.125529083736017,4.454435992403904,288024.02247732156,5.914028661073754
795400,4.125970220425112,4.454963661439123,288047.8664092277,5.914343993098454
795500,4.126323253583741,4.455361656156797,288072.9430584249,5.914804628628992
795600,4.126647795186426,4.455729803308527,288101.18504580826,5.9151704400809075
795700,4.126959446908409,4.456061828795969,288126.57805650623,5.915508936510623
795800,4.127397484417966,4.456592569780019,288151.6092022638,5.915943807080686
795900,4.127785164566294,4.45712210375612,288177.4685038675,5.916231516473054
796000,4.1282081361967204,4.457584628803315,288200.75472397625,5.916615540175365
796100,4.128647137273443,4.4579191720995475,288227.5449358274,5.917028515994949
796200,4.129014985362026,4.458448290591285,288254.95680146944,5.9175542348588435
796300,4.129389217072579,4.458954785175606,288279.08940010186,5.9181089871600205
796400,4.129730179523081,4.459291398536255,288305.1217485637,5.918605296948073
796500,4.130162012063432,4.459804357679848,288333.621697729,5.919175809938613
796600,4.130477945310954,4.46016358975498,288360.1773189083,5.919478560563712
796700,4.130835302387536,4.460615719737285,288386.895383112,5.919796984282513
796800,4.131209976622821,4.4610356459090275,288413.50662961195,5.920080722941384
796900,4.131518485164134,4.461429328975728,288439.3062152109,5.920655292998198
797000,4.131867601046807,4.461920567165918,288462.7435105847,5.921172454796403
797100,4.132229551841264,4.462396959093249,288490.9944696504,5.9215564073237
797200,4.132647884910628,4.462849920482094,288516.04834500694,5.92189353963015
797300,4.133056969305144,4.463282781131605,288539.9670796902,5.922504581962159
797400,4.133463376398524,4.4638113430474045,288563.33500856685,5.923056634576136
797500,4.133841900505104,4.464094824415891,288589.0298538591,5.923317760555293
797600,4.134279487833291,4.4644724999089105,288617.0157416266,5.923783335978938
797700,4.134664232704492,4.464857344827452,288643.6174620505,5.9242927703656205
797800,4.135029567621297,4.465393767977797,288668.86053059495,5.924903413216285
797900,4.135357881922668,4.465732502370012,288692.4325838759,5.925222071581349
798000,4.135782441563245,4.466240555233241,288718.3173127905,5.925772225792945
798100,4.136132972094862,4.46660904504789,288743.30074649357,5.9262931456233705
798200,4.136539680157252,4.467025818785046,288771.02734613634,5.926894467403383
798300,4.13692987061888,4.467439218830482,288796.1198202163,5.927401648670389
798400,4.137300727172212,4.467756188392162,288823.6163595335,5.927761437205467
798500,4.137682781439422,4.468217993249698,288850.79527852975,5.928266109086196
798600,4.138025829981734,4.468735250425649,288879.1649473237,5.9286148449183464
798700,4.138448120177928,4.4690590410285305,288905.4901247003,5.928993638059577
798800,4.138839782778295,4.469579893169835,288933.25435111485,5.929274134097388
798900,4.1392666900726525,4.469907630098305,288958.4778352197,5.929696488369319
799000,4.139696508045774,4.470265119169722,288984.8636441615,5.9299977544020015
799100,4.1400270446004175,4.470694100980462,289010.46865374135,5.930451042422705
799200,4.140436398655119,4.471018628352691,289039.05421380093,5.930834038895935
799300,4.140806517742478,4.471528489921062,289066.63800457516,5.931185053673981
799400,4.1412350117211325,4.471980365260465,289091.2336059985,5.931795544459078
799500,4.141549048078554,4.472370570705431,289116.4858972312,5.932250257603391
799600,4.141961228680588,4.472851691807473,289145.030249792,5.932689949124555
799700,4.142331303989018,4.4731901684873625,289169.8429495429,5.9330378203494805
799800,4.142660846152849,4.473539359500304,289198.01295867434,5.9334967151065685
799900,4.143075492852177,4.473948056476795,289222.6166955598,5.933806811519439
800000,4.143420166112466,4.474409600954309,289246.735363673,5.9342935139984325
800100,4.143754852966124,4.474744426972205,289270.1598501093,5.934886188434809
800200,4.144130222785803,4.475215077167601,289298.0410342788,5.935436864944425
800300,4.14454530632416,4.4757401786300575,289322.8446159002,5.935823408147725
800400,4.144977945716683,4.476264341538017,289346.048709663,5.936344046260927
800500,4.145296874344968,4.476630442683315,289374.4689029162,5.9366119527977235
800600,4.145732095828281,4.477110395748382,289400.8570409762,5.9371960689198815
800700,4.146056390079436,4.477604372437568,289426.43114037346,5.937466665639099
800800,4.146391833294148,4.478084550679802,289454.9304301687,5.938023445208701
800900,4.1467179077875445,4.478414186130866,289478.3105934746,5.938467948870067
801000,4.147077344800698,4.478757210149699,289506.9056207051,5.938807907562764
801100,4.147448704282515,4.479033877313414,289532.344963301,5.93922139063543
801200,4.147861154225168,4.479468688267997,289558.0916191053,5.939697865930908
801300,4.148258526036169,4.479846971544346,289585.0335502523,5.940187420556468
801400,4.1485710194910155,4.480261720196942,289611.2119094206,5.9404569546001005
801500,4.148942820396323,4.4806623172337305,289639.71532517887,5.940895135936193
801600,4.149342253691739,4.481103457280332,289666.33856533375,5.941453921904231
801700,4.149664120596597,4.481555604466053,289693.4770317816,5.941739507434488
801800,4.150078702421195,4.48182918423778,289722.0596933593,5.942207348198401
801900,4.150467303071173,4.482181200134246,289749.3079522607,5.942474060890143
802000,4.150804141782444,4.482696165141752,289775.0064940891,5.943084705006282
802100,4.151232877432268,4.482980736109559,289799.7238624015,5.943361401650054
802200,4.151559374422029,4.483263777111893,289827.46560604987,5.943792431180151
802300,4.151927954988247,4.483564642952438,289854.58905277675,5.9440816872111215
802400,4.15223432935511,4.483963728052956,289879.34611080796,5.944500990452826
802500,4.152660854050639,4.484348766767457,289905.19934893184,5.944792176350195
802600,4.153077979525007,4.484727208491062,289932.12920522055,5.945062691414902
802700,4.153430565251746,4.485171268922143,289958.37785175286,5.9453502885412375
802800,4.153815329072076,4.485669157179802,289986.835481259,5.945893083077928
802900,4.1541422159056856,4.486057388341959,290011.23194281495,5.9465063763278305
803000,4.154500769481111,4.4863293710853345,290035.04439509095,5.947025448426241
803100,4.154919078103442,4.4867091035358175,290063.29179929954,5.947500620570667
803200,4.155253883734295,4.487200033866684,290087.940803388,5.948018126837674
803300,4.1556347352054885,4.487603701616066,290114.12614425994,5.948352374997396
803400,4.155971511182536,4.487900247478163,290139.9655168181,5.9486448994790715
803500,4.156369952701671,4.4882080375297235,290166.65908256953,5.949179983387204
803600,4.156683088526285,4.488514863501429,290194.01471970306,5.949797266979525
803700,4.157075272493784,4.488896750827681,290220.00326756603,5.950305789487422
803800,4.157388310628044,4.489211513065719,290247.91404354194,5.950664482932298
803900,4.1578198681966665,4.489632231030212,290273.28105453996,5.950950385367822
804000,4.158129926877636,4.490099163909716,290299.56557500793,5.95135136101424
804100,4.15853043648547,4.490521342228016,290327.25969369384,5.951643992213408
804200,4.158837579442102,4.490838793982003,290355.83944619924,5.952180233339568
804300,4.159236718356722,4.491186082296998,290379.03797312465,5.952744646156616
804400,4.159623124930502,4.491502321768914,290407.3848203068,5.9530289603730075
804500,4.159945780839045,4.49180514673382,290434.8435567626,5.953476595409311
804600,4.1602872036816825,4.492319222039659,290463.5571346785,5.95373018813102
804700,4.160689897814006,4.492653804977736,290489.8614903398,5.954315886680936
804800,4.161032077637258,4.493020215613689,290518.5598335312,5.9545838688451465
804900,4.161445340933361,4.493527110520518,290542.774293066,5.954874852008411
805000,4.161868620699477,4.494046900068415,290568.4096623505,5.955432738799442
805100,4.162286979879396,4.4943781180429205,290593.9069349188,5.955865080327539
805200,4.1626131698172415,4.4947690401095235,290622.5099670355,5.95646253672447
805300,4.162981340296964,4.495231010533464,290650.17583837785,5.956820746462302
805400,4.163321237144094,4.495604995601476,290677.53922053805,5.957234252202381
805500,4.163625486790577,4.495924854747354,290701.2524958746,5.957601866935631
805600,4.163969582380703,4.4962246607026595,290728.0134203462,5.958056253840308
805700,4.164368611542698,4.496748460459729,290756.02513941407,5.958317305747014
805800,4.164722295572252,4.497069111861528,290782.84371240356,5.958812401897986
805900,4.1650588472906405,4.497439174071131,290808.6298836766,5.959192019174565
806000,4.165481279249628,4.4977074670082,290832.1194885622,5.959711015054833
806100,4.165827048443217,4.49799555949241,290856.3598845648,5.960096167031164
806200,4.1661977899822995,4.498461618524612,290884.4569073595,5.9606831826514375
806300,4.166576232701199,4.49883742569134,290907.73875815724,5.960942007339372
806400,4.166923688060693,4.499161768242118,290932.1097310889,5.961228429224859
806500,4.1672400323664665,4.499483930280318,290959.7939342487,5.961644245002912
806600,4.167595724184984,4.4997856996051535,290986.026366603,5.962258981660056
806700,4.167927605875883,4.5000657544919305,291013.09104581585,5.962741202765454
806800,4.168281227378741,4.500585081822909,291036.12416525825,5.9631884293390565
806900,4.1687131322221775,4.5009163729167305,291063.66883905546,5.963738898424904
807000,4.169138149596755,4.501249663633751,291092.0964314703,5.9643381330698535
807100,4.169442598553393,4.501617025683846,291119.86534733814,5.964931628257151
807200,4.169870155460903,4.502106531507273,291144.4444400243,5.965393786455375
807300,4.170222085360842,4.5026161691633675,291172.01509430696,5.965914616467159
807400,4.170602198683753,4.503146115952283,291195.7515642828,5.96630274254604
807500,4.170913666765368,4.503484403411483,291223.83007924183,5.9665550460436085
807600,4.171321797408365,4.50381982715078,291247.0611182906,5.96696173142481
807700,4.1717054863601435,4.504272316740481,291274.24729660206,5.967515893357379
807800,4.172013240179478,4.504708182353272,291302.2774570683,5.967907433719023
807900,4.172356932660363,4.50500614290799,291330.28448118584,5.968164116217441
808000,4.172717318758025,4.505304029925852,291355.87516860676,5.968530613426958
808100,4.1731023765675745,4.5055777643560555,291379.76651748933,5.969021409646875
808200,4.173422569426126,4.505984832794947,291405.5567809576,5.96961862056848
808300,4.173761267908328,4.506440886758172,291429.23399348516,5.970191833238741
808400,4.17415582507371,4.506919140125516,291456.47182285436,5.9706017189514755
808500,4.1745598905815395,4.507372073712896,291480.0768733954,5.971015195109927
808600,4.174918369502151,4.507678931613832,291507.02916710963,5.971597254741231
808700,4.175286330978987,4.508179637864561,291530.38111041026,5.971926558382016
808800,4.175707296874221,4.5084675992743275,291556.3546080573,5.972381391358122
808900,4.176034044150973,4.508873436004466,291582.068135015,5.972763072879619
809000,4.176377252860381,4.5092520147092,291609.6254661402,5.973229677937608
809100,4.176786496217003,4.509568143479696,291635.865515795,5.973688942453729
809200,4.177105346717713,4.509966116240561,291663.1805097929,5.974209239286067
809300,4.177423820221342,4.510313074360479,291687.1380846411,5.974471164225614
809400,4.177820090328565,4.510745051724356,291712.49506488536,5.975010931073687
809500,4.178225055109146,4.5111328284828,291739.3287893968,5.975547221814669
809600,4.178579099315951,4.511647435474334,291765.1495669237,5.976122861282244
809700,4.178925556876051,4.512144013675641,291788.1444971,5.976732904692866
809800,4.179239303363521,4.512516878172474,291814.038730151,5.977302318767814
809900,4.179558184393636,4.512908396081785,291839.1530753327,5.977604813126389
810000,4.179973466009494,4.513339186924029,291865.496286107,5.978177924737671
810100,4.180364790980257,4.513659590857117,291891.21636432473,5.978748910355335
810200,4.180753087741388,4.514044686737839,291914.7144146096,5.979330875355954
810300,4.181072685358341,4.514448163846202,291939.9446566964,5.9799148652379435
810400,4.181421647010456,4.514800903714589,291965.2411767236,5.980488767683285
810500,4.181795823453794,4.515198702347551,291988.5098637812,5.980916967305115
810600,4.182186670827043,4.515498374723984,292011.4624486437,5.981271296171907
810700,4.1825066549025,4.515957167925369,292037.72821198514,5.981844584119719
810800,4.182813291125835,4.516325181653445,292062.23686171026,5.982371674697994
810900,4.183237283393343,4.51672116298162,292088.4698660857,5.98293527533917
811000,4.183546765480929,4.517047419690057,292112.52042889735,5.983498181133682
811100,4.183945980405972,4.517572272131382,292136.63422884425,5.983958415134778
811200,4.184278436641051,4.518097616118315,292161.06453364034,5.984209789644645
811300,4.18468571716595,4.518406562057576,292187.1826527472,5.984594332936627
811400,4.1850933665274646,4.518768240855807,292214.64576065994,5.9849561506215645
811500,4.1854871872657915,4.519115653810279,292240.884081969,5.98528649448453
811600,4.185886937303855,4.519586466389282,292267.1109516874,5.9857841930719085
811700,4.186308827498485,4.519996072498817,292293.375254661,5.986373045248618
811800,4.186633996303937,4.520480521500724,292320.0758263511,5.98671148916782
811900,4.186938378378314,4.52093445953018,292348.3026241066,5.987002191830186
812000,4.1872922089476745,4.521273044040076,292374.4316515405,5.987476453919148
812100,4.1876403369995145,4.521663566235287,292401.86399930634,5.988061397157224
812200,4.187984314613052,4.522054959360722,292425.17604051344,5.988344498787835
812300,4.188365772497092,4.522438187190347,292448.53596539295,5.988855150219061
812400,4.188732498620348,4.52287506460708,292474.465552637,5.989352756855214
812500,4.189136187397982,4.52314106878761,292500.9887907447,5.989613666495774
812600,4.189566778141784,4.523436047331097,292528.39978932834,5.989993278399187
812700,4.189944758440869,4.52378604196665,292553.7385663076,5.990507332756212
812800,4.190315946745057,4.524086269425087,292581.2977941991,5.990932116527501
812900,4.190633682059052,4.524399305799392,292606.86627631733,5.9914064014012425
813000,4.190955901657955,4.52485935593407,292632.23329034826,5.991741854491876
813100,4.191325670706092,4.525353007918985,292659.9944980319,5.992220762208736
813200,4.191681707902925,4.525782522266608,292687.9092115689,5.992760510226802
813300,4.192020389198701,4.526256167964941,292715.6097721937,5.993352648521211
813400,4.192369380455304,4.526526949820843,292740.1614500077,5.993709493129628
813500,4.192741544731906,4.5270055681809405,292765.41683635575,5.994186581855534
813600,4.193095897678918,4.527388767499714,292788.809355482,5.994482186768773
813700,4.193475725937808,4.527721966609437,292813.6160232175,5.994751431707588
813800,4.193843512888621,4.528097853096008,292836.8424913142,5.995302123225364
813900,4.194194175103102,4.52836676424877,292861.99117724894,5.995691756836732
814000,4.19462240182103,4.528863684360782,292885.1998494365,5.996181976569791
814100,4.194998326047027,4.529135246369928,292909.67831725505,5.996719341185481
814200,4.1953114454889215,4.529402419183468,292932.67455657065,5.996969879395164
814300,4.1957336079479965,4.529798299049713,292957.5503764253,5.9975699128576805
814400,4.196160659174526,4.530099713456135,292984.97530631523,5.997934202681739
814500,4.196508930127858,4.530596553989346,293010.27170271275,5.998415875835582
814600,4.196890364031904,4.53105054619096,293036.6125265093,5.998858344037544
814700,4.197267183793611,4.531328427297685,293063.8196889994,5.999361265309052
814800,4.197628072557717,4.5317130653795346,293088.2869836998,5.999624171541609
814900,4.198039541711515,4.532022683027569,293114.3231719391,6.000048822948842
815000,4.198431141634229,4.5324672895011195,293139.95074568415,6.000445583891813
815100,4.198857950035253,4.532737769894078,293168.2286602178,6.000759748600087
815200,4.199222557581852,4.533074764523565,293194.94595810125,6.00115391132226
815300,4.199550107697761,4.533567293002907,293217.89614814793,6.001698046733767
815400,4.199961441956811,4.534068448780587,293244.7339427416,6.0021447024428785
815500,4.20032331126751,4.534474717010698,293269.2823264674,6.00243236475138
815600,4.200641090078758,4.534841921378372,293295.22366786876,6.002877704789882
815700,4.201060152193255,4.535304562278209,293318.24174318585,6.003321967467003
815800,4.2014619206620045,4.535727449312404,293342.84210915945,6.003677680479365
815900,4.20181937690155,4.536182086802586,293368.1760029379,6.004103106318785
816000,4.2021951351196,4.5366262045929,293395.44434175815,6.004637618062347
816100,4.2025924611080345,4.536891154371218,293418.5327515709,6.005198529998732
816200,4.202912816986897,4.537220048275431,293446.20767736755,6.005602099369884
816300,4.203233772443972,4.537529639097463,293474.27125467453,6.006190603492877
816400,4.203533902516739,4.53794755802479,293501.6044364402,6.006698540104897
816500,4.203942434835584,4.538352624379838,293527.2095524129,6.007202598001616
816600,4.204302677896615,4.538675226431074,293554.6189865041,6.007492395741688
816700,4.2046638865335595,4.538955336349005,293577.46758392896,6.007892856936949
816800,4.205003301364812,4.539385724233607,293604.435905465,6.0083088812560215
816900,4.205423475613616,4.539892888103028,293628.9338427041,6.0085608307544645
817000,4.205803433359962,4.540384732381178,293656.08026650135,6.00893049331028
817100,4.206144844977757,4.5407123779805945,293680.86645842623,6.009314978740417
817200,4.206463879037587,4.540984242162205,293705.24177667795,6.009724575216824
817300,4.206879655840957,4.541329255095474,293732.0713726649,6.010001713916552
817400,4.207282985757258,4.541713296428278,293757.516418687,6.010285107596941
817500,4.207691230623616,4.542119629320773,293780.861836752,6.010757553174533
817600,4.208018205037363,4.54246165234402,293806.94594744145,6.0110361235835335
817700,4.208344309573711,4.542933057436216,293830.0044227156,6.011292714993217
817800,4.208677608782273,4.543361492787438,293853.24144044734,6.011677492467615
817900,4.2090888215042215,4.543839345607032,293880.63006203406,6.012166116275782
818000,4.209503723243864,4.544130757816277,293907.62496371684,6.012632971041791
818100,4.2098358076371944,4.544537822405899,293932.3542136799,6.0131158786362535
818200,4.210238602812975,4.544852654090719,293960.5774406328,6.013568263817819
818300,4.210561598915836,4.545218183820677,293983.75618785154,6.01404384985882
818400,4.210952554326707,4.545513078595737,294009.0224548211,6.014506888733915
818500,4.211338313407552,4.545807797312181,294036.9194989799,6.0148486261109735
818600,4.2116401731584325,4.546111840990925,294062.8653623732,6.015244511468392
818700,4.212029663927841,4.54645206272508,294086.63556836586,6.015848175188953
818800,4.212375446939999,4.546822703447943,294109.4878396618,6.016383831506293
818900,4.212788076025296,4.547140638861185,294133.7635646965,6.0167772577917065
819000,4.21313661996964,4.547525354823522,294159.5629249865,6.017254339780453
819100,4.213468984990397,4.547876298972755,294186.36791161617,6.017843347832085
819200,4.213772507906871,4.548287568368859,294211.96258099366,6.018320742310845
819300,4.214085678938531,4.548789945364551,294236.48833139654,6.018682951060085
819400,4.214405532977023,4.549065182472797,294263.1431293771,6.0190951713834115
819500,4.214775854027803,4.549492542462638,294286.71224328666,6.019473116649088
819600,4.215163955195486,4.549804019934035,294309.9007662999,6.019791286790072
819700,4.215550047731272,4.550173393133902,294335.64460864355,6.020370703014539
819800,4.215926036562967,4.5506370529358335,294363.43684947677,6.020803094915241
819900,4.216332071359589,4.551088825203128,294388.03061807476,6.021290005075026
820000,4.21674997011078,4.551385230082567,294413.76781859907,6.021834320236792
820100,4.217175109580938,4.551733899777508,294440.69827203517,6.0223325482068235
820200,4.217513501614451,4.552035855742716,294467.75362378685,6.022755720248667
820300,4.217840237749944,4.552463425405905,294495.6618554505,6.0230054098835515
820400,4.218243923988986,4.55275434919066,294518.5615137955,6.023452640523477
820500,4.2186484080410125,4.55309728646131,294544.7236136546,6.023959705795108
820600,4.219024263130431,4.553511053616064,294571.9412392629,6.024398917511166
820700,4.219428411089667,4.553857507155125,294596.26730448275,6.024859858415347
820800,4.21981791048411,4.554315451194167,294621.18908691924,6.025446466155466
820900,4.220244829020741,4.554669991131146,294647.9111589608,6.026026262006806
821000,4.220643928281108,4.555168254800867,294674.37730131304,6.026332603702571
821100,4.22098342251746,4.555630762187203,294699.1765359288,6.026628296942695
821200,4.2213455747910835,4.556143285274119,294722.66778408934,6.0270692686300515
821300,4.221672682595313,4.556458974642437,294748.7843130448,6.027449207348206
821400,4.222055877120474,4.556808338057121,294775.762099966,6.027760526771628
821500,4.222373103739277,4.557323761925096,294800.34305091883,6.028048798323958
821600,4.222703088486168,4.557727698071448,294828.3747828052,6.028306442321375
821700,4.2230556797325844,4.558010760972554,294851.12877414183,6.0286026505420445
821800,4.223353886225645,4.558337567209697,294876.5781054751,6.029102484534127
821900,4.223733027073873,4.558703602683183,294900.3337041669,6.029371004485612
822000,4.224086960809769,4.559124077607741,294924.50631125056,6.029778121225856
822100,4.22449899408363,4.5594500817862755,294952.03585798043,6.030096522253504
822200,4.224904990640737,4.559892113847671,294975.7509081955,6.0305942088981315
822300,4.225310238708456,4.560349422694565,295000.7680391408,6.0311421097694256
822400,4.22565278152452,4.560695769943166,295025.45666777954,6.031633265109721
822500,4.2260679757142885,4.5610100061547305,295048.6229372985,6.031947186388437
822600,4.226383994561683,4.5614973651386785,295072.55663140514,6.032493675022056
822700,4.226786757805861,4.561969642748474,295096.0905744795,6.0329239177083025
822800,4.227153739169647,4.562485398762856,295120.39381928236,6.033359848505783
822900,4.227504736953478,4.562936681631638,295145.1206472242,6.033830560887524
823000,4.227843256007917,4.56334092052713,295169.4679960549,6.034101809062773
823100,4.228234875966427,4.563670725286854,295196.24032018933,6.034620924230563
823200,4.228573626927504,4.564038449850177,295222.7829271294,6.035013695009963
823300,4.228938142804345,4.564533684462404,295245.89155882306,6.03538293145146
823400,4.229260324827087,4.564894010408402,295272.20047799195,6.035982729270703
823500,4.229640401165453,4.5652893604832245,295297.5804730906,6.036370101146681
823600,4.229967886389772,4.56570478611536,295320.4589003844,6.036696903484534
823700,4.230276299749609,4.566101303780373,295344.93798361695,6.037135649772828
823800,4.230594918776429,4.566593582746805,295370.6933288494,6.037702827625827
823900,4.230931327022102,4.56690113655484,295396.1826482636,6.038009313255427
824000,4.231295670501734,4.567285384224737,295420.77007199696,6.0383629170772934
824100,4.2316306347813395,4.567770034458517,295444.00621232024,6.038900026170254
824200,4.231987647174906,4.5681096742202785,295471.6148155015,6.039405221133627
824300,4.232290782881126,4.568573537383911,295496.3841814367,6.039980089481392
824400,4.232642155183931,4.569047028597787,295522.85987198947,6.040556940123072
824500,4.233067191176544,4.569340865143442,295546.8881414061,6.04082073616968
824600,4.233461009489716,4.56978949657589,295570.24312862585,6.041131523994571
824700,4.233830137263855,4.570289226416349,295593.28020953987,6.041570614255944
824800,4.2341918456256895,4.570596409838257,295616.7796620225,6.041911703509147
824900,4.234603087179909,4.571075699981412,295643.9222293752,6.042439034841829
825000,4.234990508880878,4.571392435808134,295670.9525766366,6.042891225182161
825100,4.2353185222885275,4.571897322792502,295695.385529629,6.043234819756045
825200,4.2356996209589735,4.572195610884806,295719.2507069464,6.04381764317924
825300,4.23610608940716,4.572641020181185,295742.73374557035,6.044275415478476
825400,4.236433066086337,4.573148618445342,295767.0808299141,6.044876740394804
825500,4.236792108063486,4.573475572663591,295790.69785157917,6.045306817473938
825600,4.23710800535083,4.573986846972535,295817.199139995,6.045612343004515
825700,4.23740400613075,4.574474524826332,295842.14443493605,6.04600427467476
825800,4.237728927006453,4.574763086932403,295866.0509892689,6.046467792101292
825900,4.238142860359594,4.575184424351578,295891.1407071074,6.04696132214017
826000,4.23855938683074,4.575531950669814,295914.75185583933,6.047454399380757
826100,4.238869496608297,4.575988016346631,295937.7016393208,6.047999225369116
826200,4.239168845137112,4.576441067367396,295963.436070583,6.0482552733771815
826300,4.23953716315752,4.57684815150348,295990.93130373926,6.048783872318795
826400,4.239868696858066,4.577320338521211,296018.5315016059,6.0493560483785584
826500,4.240201913880336,4.57758759673312,296041.9467420884,6.04984258217299
826600,4.2405690241655405,4.578001563244173,296064.6096184433,6.050148876856462
826700,4.240961892930561,4.578355921192938,296087.1276117878,6.050478424098631
826800,4.241373549367625,4.578643858054228,296110.2131656014,6.050765742703722
826900,4.241797648552206,4.579117285591794,296133.90132906527,6.051319735928205
827000,4.242169645898953,4.579570117358601,296157.99063735397,6.051806130358236
827100,4.242584018288229,4.57987905035009,296185.12585461227,6.0522388046392495
827200,4.2428812615434675,4.580320661141167,296211.11999428034,6.052755700905843
827300,4.243191265351365,4.58063689007196,296234.70037291636,6.053229647411485
827400,4.243583920992685,4.581066890852383,296262.0518807958,6.053608167710491
827500,4.2439462963205035,4.581450890951979,296285.57663086883,6.054209065966278
827600,4.244264100357873,4.581889661224786,296309.7791170532,6.054514032459847
827700,4.244675576390153,4.582178139188162,296333.12963539927,6.055097260700137
827800,4.245071698662398,4.582643709750841,296357.23924363236,6.0554448247982124
827900,4.2454693962687795,4.58309630351503,296380.3562218144,6.055981123021996
828000,4.245792097312806,4.5834123533965245,296407.90563190216,6.05634018031764
828100,4.246147282855365,4.583821904721189,296432.45147604984,6.0569153546669
828200,4.246544966005013,4.584285374688447,296455.0234831851,6.05745239348548
828300,4.2469641179401725,4.584665705384593,296477.48263345304,6.0577023485984265
828400,4.2473519778662,4.584966105785888,296505.18498797686,6.05826850004174
828500,4.24775333014679,4.585242842928741,296529.97827739065,6.058862166947035
828600,4.248124004547459,4.585649215668186,296553.3787266773,6.059321116841497
828700,4.248458883071467,4.585968022166425,296580.73036649387,6.059702938875728
828800,4.248873381363577,4.586318072303901,296607.95719869854,6.060194439235468
828900,4.249169511510596,4.5867530803951215,296635.6532671642,6.060590185078409
829000,4.249549167485414,4.5871593552154595,296659.41680493444,6.061005141346768
829100,4.249857650035636,4.587592042468623,296687.05191441975,6.06145658474058
829200,4.250185844402933,4.588086745064629,296711.20901674725,6.0617778075270525
829300,4.2505398061910595,4.588542144458848,296737.301830807,6.062089781524132
829400,4.250868637558849,4.58890652093588,296765.09716544073,6.062625217833079
829500,4.2512876817882885,4.58925867769982,296790.09396305826,6.063207330534421
829600,4.251709116648517,4.589674412616647,296813.371971203,6.06362771235135
829700,4.252047150687442,4.5901076591795995,296841.0267636727,6.0641333882165345
829800,4.2524270031937474,4.590437261149702,296866.99901954463,6.06445232956579
829900,4.252762507494227,4.590752549474874,296892.72737389535,6.065012732243812
830000,4.253118971156839,4.591036060083128,296919.04883471754,6.06548420567009
830100,4.253500007470333,4.591381399192282,296944.8517688681,6.065802540591446
830200,4.253907610415458,4.591823449831469,296970.0152254856,6.066221511719581
830300,4.2542688129348125,4.592155867690395,296994.3680378115,6.066562830061528
830400,4.254653531788249,4.592521436111105,297017.51265394274,6.067017131752553
830500,4.255074037268626,4.592933165004702,297044.34641483467,6.067412133767817
830600,4.255473966211902,4.5932607878050105,297069.24304215,6.067857361188633
830700,4.2558751309602645,4.5937572798379795,297091.99305520375,6.068337810185218
830800,4.256245801632583,4.5940659315097045,297118.21447504725,6.068763884584562
830900,4.256545879824414,4.594357465084406,297143.5253564677,6.069218737162858
831000,4.2569189636733755,4.594853314287636,297170.2329594524,6.069625901134025
831100,4.257294301510871,4.595262360612472,297194.90958744386,6.069903524959812
831200,4.2576404937302925,4.595585162976575,297219.2846885981,6.070202708569747
831300,4.258030950900608,4.596018260397752,297245.6378965905,6.0704922256769445
831400,4.258381583635767,4.596487540338515,297270.1653185098,6.070923580989171
831500,4.258692023560646,4.596970870405416,297294.1689232504,6.071262225190032
831600,4.259014853326996,4.597345467594144,297316.79871522874,6.071691247011582
831700,4.259323102630237,4.597719183274302,297344.0681978343,6.071962520868357
831800,4.259703546144939,4.597999290129078,297368.3640673408,6.072440030494667
831900,4.260050003177722,4.598264610283051,297393.25441263476,6.072763282691439
832000,4.260363537841052,4.59870674311123,297417.6045188534,6.073266591639211
832100,4.260681240532183,4.59911097537261,297444.3570228948,6.073769404003842
832200,4.2610821304326665,4.599621112538449,297468.44404383266,6.074331138945061
832300,4.261477587978585,4.599938737568014,297493.6328951879,6.074653975275916
832400,4.261847469150648,4.600435752299366,297516.04116705334,6.0750479736335485
832500,4.262191869611172,4.600767172530284,297542.1396753694,6.075338123437881
832600,4.262517150078998,4.601185767375427,297566.7396036031,6.075902309988332
832700,4.262849715821604,4.601476253218691,297592.99714475835,6.076167119212853
832800,4.263230114209031,4.601794802745424,297615.3884113016,6.0764983907223105
832900,4.263643791199147,4.602129854706234,297641.5264422503,6.076989721923341
833000,4.264051124900286,4.602485041696693,297666.0636225478,6.077522150848224
833100,4.264451552011626,4.602939053217172,297691.1610269202,6.077880388609628
833200,4.264820026055546,4.603374737966212,297718.34499260545,6.078385909351418
833300,4.265190260015268,4.6037215922061705,297741.7934376668,6.078744575078442
833400,4.265610973486337,4.604026427769328,297769.429552207,6.079084476258096
833500,4.265976631210743,4.604431839252089,297794.07200241816,6.079510962924487
833600,4.26637914867569,4.604815682880537,297817.030767537,6.07997949478834
833700,4.266763326334121,4.6051353614344634,297840.6163011525,6.0802980639349595
833800,4.267083169718043,4.605631850443694,297867.8201167792,6.080587409267266
833900,4.267482558477234,4.606049847461046,297895.45868734125,6.081070507712143
834000,4.267828291716606,4.60641648713717,297921.4551856234,6.081352117736876
834100,4.268223128869838,4.60679226429845,297946.8662791774,6.081927377886158
834200,4.268606787186041,4.607113321286477,297972.09296791937,6.082207538330288
834300,4.269018870967519,4.607408845862068,297995.73416269885,6.0825178708300065
834400,4.269374588347175,4.6077544820185325,298020.7347186144,6.08308261126246
834500,4.269778407854576,4.6081232438929,298047.3704618773,6.083478895581877
834600,4.2701589105196645,4.608488252254974,298074.3394017955,6.083772500043937
834700,4.270547635354736,4.608940086295799,298100.1698415735,6.084099474155941
834800,4.270867824032168,4.609325275503061,298124.6189617935,6.084351686651904
834900,4.271254210259121,4.609672429210035,298151.6509689768,6.0847630928902
835000,4.271577786496233,4.610106879117163,298175.77832131746,6.085193982342841
835100,4.271920637333093,4.6105306324487465,298199.22652261495,6.085728512690762
835200,4.272293785565958,4.610875818380551,298224.673604017,6.086207747679991
835300,4.272630651962749,4.611181318329573,298249.7976732747,6.086664386558454
835400,4.272927076443174,4.611688540034946,298276.6503328208,6.08699767524769
835500,4.273240082610314,4.612154384658046,298300.4221324042,6.087584513376094
835600,4.273635275714294,4.6125288884326405,298322.84340748895,6.088003448739027
835700,4.274022517321615,4.61279344410198,298346.41588759463,6.088352975264472
835800,4.274403681726059,4.613138714519369,298370.8013611361,6.088694206479248
835900,4.274701670466078,4.613587408638241,298398.1971444151,6.0891404482121665
836000,4.275053645934595,4.6140799023833345,298422.3777021949,6.089458876240649
836100,4.275444986923577,4.6143830446918965,298447.77011780074,6.090009222296359
836200,4.275827081292506,4.614794305373216,298473.33320387476,6.090586694397586
836300,4.276241564632601,4.615071514805375,298495.56388012273,6.091180628122214
836400,4.276595751484594,4.615351807180878,298521.73702071415,6.091712888987573
836500,4.276952051310072,4.615725650006786,298548.23549174774,6.092261149195012
836600,4.277316382619866,4.616192597933724,298574.71982008894,6.092681774072905
836700,4.277665256614102,4.616583862604247,298600.5915337889,6.093087362522661
836800,4.27798760100193,4.617053768468214,298626.62661018694,6.093491771699145
836900,4.278339099941563,4.617387378464737,298653.9389130566,6.093988755882372
837000,4.278667852186401,4.617785224550745,298676.8989167346,6.094468438630071
837100,4.279040168224314,4.61821242772403,298699.08420032414,6.094807160988729
837200,4.279338843212687,4.618629296843618,298723.04019438237,6.09523786606576
837300,4.279714646736174,4.618975049931169,298747.77201925986,6.095482672031241
837400,4.280066531545092,4.6193991123082565,298771.3827197438,6.095863318001129
837500,4.28040433150854,4.6198892231672914,298798.743050153,6.096389417138318
837600,4.280701116216328,4.620298761826386,298823.2822316303,6.096945045321899
837700,4.281113328091361,4.620602508256878,298848.00567318714,6.097272382185784
837800,4.281513995249792,4.6208651624165995,298873.3607136576,6.097516737364511
837900,4.281890185654557,4.621232718777941,298896.1909481072,6.097957845223839
838000,4.282242586367261,4.6215039722925715,298920.3479448443,6.098478012306792
838100,4.282563384436068,4.621936575168404,298947.46241401805,6.098813589113677
838200,4.282953209546719,4.622383955949465,298974.5986223218,6.099095922821759
838300,4.283303396996405,4.622843264737346,298997.5704074434,6.099643561291079
838400,4.283702075701603,4.623144471713655,299022.78864233074,6.100108401943077
838500,4.284116939183259,4.623567281171158,299048.08602950117,6.1005303573464325
838600,4.284500658744404,4.623897998620642,299071.48845705454,6.100934729208105
838700,4.284826436911758,4.624390227955239,299097.9762604739,6.101338886653783
838800,4.2852138506562385,4.624673245667329,299121.00130351214,6.101912781363618
838900,4.285535054994089,4.624974230164243,299146.4590175026,6.102437077976018
839000,4.285865477330647,4.625265732675002,299173.89817766624,6.1026801795468355
839100,4.286224926668137,4.625577944857519,299197.1129577608,6.103052254596128
839200,4.286515518956443,4.626038898878437,299219.7777018918,6.103603372586271
839300,4.286905630094424,4.626499407960046,299246.35430001334,6.10393752054453
839400,4.2872345174627124,4.626868251598768,299269.16785925115,6.104300011286594
839500,4.28760981702205,4.627225004122824,299291.892174622,6.104718800511719
839600,4.287977234717534,4.627653849759314,299314.5581759856,6.105166981237218
839700,4.288312193695372,4.627929597118515,299341.50020232896,6.105511612799994
839800,4.288728331625821,4.628324840472592,299364.24048220867,6.106007268677447
839900,4.289100118095166,4.628716484978807,299391.3670867599,6.106566597065052
840000,4.289505003834371,4.629098751163026,299418.51610467397,6.107128635591014
840100,4.289845459896753,4.629604460786142,299444.3787432804,6.107631486958141
840200,4.290161188899883,4.629974678356163,299468.4008373165,6.108215979690188
840300,4.290532211581007,4.630418418364129,299492.6655151652,6.1086563142798065
840400,4.290947780915817,4.630699692596154,299514.76949626795,6.109095821871627
840500,4.2912773790405305,4.631160924826929,299539.11034237716,6.109502819516238
840600,4.291579984208884,4.631508372982777,299561.9840170383,6.109754556286497
840700,4.29188895837962,4.631799759736596,299585.8035705997,6.110118651395993
840800,4.292261079267391,4.632144550139334,299609.1854590442,6.110669463963759
840900,4.292643951321122,4.6325354330150725,299632.1054389032,6.110962195396422
841000,4.292977234960462,4.632937174392924,299655.2641770199,6.111536567134103
841100,4.2933515419357775,4.633238826049699,299677.63948692096,6.112109091770786
841200,4.293722139230168,4.633593193471562,299704.31503986416,6.112646567460578
841300,4.294118663551518,4.634084295366078,299729.7909864954,6.113180551709979
841400,4.294498877861345,4.6344710432673795,299754.684962822,6.113669507255964
841500,4.294834807741062,4.634972620863617,299781.41197992465,6.113921261357124
841600,4.295143280841759,4.635247019001295,299807.384051347,6.114366691558344
841700,4.2954618580381885,4.635588333277542,299832.53277614043,6.114630597014907
841800,4.295805165012496,4.636017409566722,299856.87679885334,6.115081768411294
841900,4.296117635469358,4.6364038360661555,299882.10266768036,6.115420515105836
842000,4.2964749838538445,4.636871756948368,299908.8318810436,6.115834693765873
842100,4.296878200928218,4.637232118388541,299932.75691518706,6.116104592163803
842200,4.297215626677308,4.637705428340275,299955.8711490097,6.116587373612339
842300,4.2975818196933435,4.638129443646939,299980.17067452864,6.11689897518646
842400,4.29797503858507,4.638388370789081,300007.4375063216,6.117370210341266
842500,4.298322692560897,4.638734283981675,300029.8498704809,6.117880184813931
842600,4.29865796077306,4.639041844945748,300052.3174415873,6.11846447124668
842700,4.298988103279991,4.639365875349164,300076.29530990345,6.118948343961446
842800,4.299401487093675,4.639769493540214,300102.08909328305,6.119292347266719
842900,4.299811130065678,4.640050619967275,300125.9829862724,6.119876561655976
843000,4.300171463426482,4.640423322416633,300150.68536974717,6.120405282078488
843100,4.300557324756383,4.640912463565954,300177.41462170315,6.120732984864484
843200,4.300893223971581,4.6413548154771735,300202.2535586346,6.121298648031596
843300,4.301275227941246,4.64170979045484,300229.13130330574,6.121682884771738
843400,4.3016627125076035,4.642040563644261,300255.1784227883,6.122068118544998
843500,4.302031026378337,4.642474154454569,300280.8023260329,6.122647908927124
843600,4.302320634445178,4.642844869858587,300307.0238652276,6.123021120937045
843700,4.302633289757212,4.6431719191735,300329.02639995597,6.123280467087303
843800,4.302980767009729,4.643661171402458,300352.59003189905,6.123674176663843
843900,4.303311215935742,4.644116310948444,300376.2185660064,6.1242017106567825
844000,4.303626373853612,4.6444982348724135,300401.22691766795,6.124673184943271
844100,4.303925206056727,4.644899182068656,300424.98007396585,6.1251291182851055
844200,4.304306973192067,4.645289776049637,300451.29350064346,6.125655502927399
844300,4.304651988182084,4.645791884221037,300474.86760224635,6.125975847825413
844400,4.304993979086518,4.646267480487572,300500.0305747941,6.126337711885323
844500,4.305306340518432,4.646664623570854,300527.1332176963,6.126876521672756
844600,4.30567688232685,4.647126953910667,300549.4101555989,6.127145496499559
844700,4.3060569369373,4.647516279231826,300571.47502743715,6.127656609017526
844800,4.306379501165497,4.6478506856300585,300597.9894027025,6.128010250389524
844900,4.306695175732562,4.64835364460461,300624.93835778785,6.128530694498073
845000,4.307093538297709,4.6486815660197705,300651.6468451625,6.128891360392379
845100,4.307491131879069,4.64907955460779,300675.87367864477,6.12917293507166
845200,4.307803038801626,4.649395429379419,300700.80987152446,6.129517728309365
845300,4.308209371703222,4.649848439830082,300723.94964739046,6.129884346566616
845400,4.308562783552351,4.650154449917032,300750.8277456549,6.130126616781295
845500,4.3088658747047255,4.650602367939283,300776.46680335107,6.130669283867155
845600,4.309240867628778,4.650982902132513,300802.04404186184,6.131006421251114
845700,4.309581856746342,4.651454963044711,300828.9716976569,6.131407293041184
845800,4.309910243353397,4.651851649535447,300854.7273956355,6.131841114251391
845900,4.310292761744032,4.652309239000978,300879.9437777325,6.1321653422368945
846000,4.31070243114629,4.652746464370504,300906.1347533053,6.1327298498767995
846100,4.31101388651834,4.653138917495903,300931.43439039064,6.133084234486358
846200,4.311353613773333,4.653477641994812,300955.49783366645,6.133627675934351
846300,4.311720683811551,4.653750204724701,300980.19600021176,6.133992241647012
846400,4.312041217801102,4.654082999870013,301004.3820916131,6.134528622970296
846500,4.312391931494375,4.654561320275858,301031.00261767546,6.134804411170861
846600,4.312692393457498,4.655045511399071,301056.8135203199,6.135319089887378
846700,4.313103863571155,4.655441862923695,301081.6959183712,6.135577889583754
846800,4.313424670535617,4.655845831643871,301107.78249377926,6.1360926688312505
846900,4.313799363779913,4.6563482643381455,301130.67341609753,6.136343124658972
847000,4.314126952752585,4.656643324277651,301155.4747904232,6.136765041397426
847100,4.314454367669684,4.657145108887981,301179.5525157716,6.137297614266197
847200,4.314810332383398,4.657465407571014,301202.56268830906,6.137826732995915
847300,4.315213443280247,4.657865008589342,301225.636018492,6.138266434813492
847400,4.315530394076909,4.658328670195331,301250.88898813527,6.138602667526154
847500,4.3159140736227775,4.658660913252196,301273.20274182706,6.138844216727517
847600,4.316218684321956,4.659033567020554,301300.14558805985,6.139271828512418
847700,4.316598788932369,4.6593935175256584,301323.03405021556,6.13982805901899
847800,4.316987461694421,4.659712292026269,301349.7429407864,6.140311067006965
847900,4.317389431652117,4.660197620163289,301375.7694075018,6.140813032184345
848000,4.31778689891516,4.6604885839813335,301402.6774770876,6.1413454557942
848100,4.318121865993319,4.660937557076899,301426.4351123189,6.141590535419628
848200,4.318471521228552,4.661220877683289,301449.42548266175,6.141977320347846
848300,4.31880543206398,4.661536834718796,301472.35881742515,6.142397322869382
848400,4.319189973046976,4.6619158474477205,301495.751308896,6.142846977170987
848500,4.3195824647416305,4.662202016572134,301522.9985999636,6.143253017106699
848600,4.319914198742672,4.662559083412915,301548.4418887796,6.143680855565148
848700,4.320226019681511,4.663059041642121,301573.29203491,6.144241607418045
848800,4.320626954964181,4.663343812625077,301595.3107390481,6.144556679977899
848900,4.3209151748146954,4.663714291198798,301622.13274658204,6.1448228788592445
849000,4.321271156164792,4.66405968710545,301645.36493359436,6.145114807224374
849100,4.321609029044269,4.66444114500626,301671.0112986801,6.14569421892837
849200,4.321988423426918,4.6647798233394875,301697.25744221435,6.145995010518948
849300,4.322394332029285,4.665146731573646,301719.35758487106,6.146443295754496
849400,4.322681092612102,4.665597178122531,301742.93493905,6.1467316041108395
849500,4.323055740447134,4.665859902744557,301769.68814704067,6.146974838535607
849600,4.323467565221649,4.666289867743255,301795.72210203734,6.14745025509745
849700,4.323778108669589,4.666577343700864,301821.26736405777,6.147851238971963
849800,4.324092543219229,4.667044365715328,301847.3443726728,6.148105697911029
849900,4.324446867183363,4.667373349659633,301873.5440106138,6.148513164588516
850000,4.324735967739337,4.66773057606584,301900.06463795167,6.1488510078158285
850100,4.3250663028657,4.668016569741482,301926.18328990333,6.149375137239068
850200,4.32542386474111,4.668475312936713,301951.24871581886,6.1498055752262895
850300,4.325787449425704,4.668881479196927,301976.1757047057,6.150255352793495
850400,4.326128097133029,4.669343824331767,302001.72072128975,6.150640049227015
850500,4.326416643739367,4.669621457258008,302025.4856518443,6.15112116272871
850600,4.326721685871981,4.669953145738899,302048.6945775309,6.1514901306665095
850700,4.327114286300147,4.67041075090318,302071.5190948415,6.151883457746561
850800,4.3275187426825354,4.670876334638665,302096.23189120955,6.152280627861307
850900,4.327833902500106,4.671311553873302,302120.43537173467,6.152829064605291
851000,4.328180441493567,4.67157358076187,302145.60438666673,6.153119797908836
851100,4.32851727366629,4.67200020800525,302167.6444872946,6.15365112416003
851200,4.32891738386969,4.6724355383420235,302191.5158969791,6.1540296571269275
851300,4.32921959285065,4.672903893261565,302216.47740365635,6.154330594650528
851400,4.329578898005532,4.673215466345768,302240.2391967461,6.154827128321013
851500,4.329917532813684,4.673683161028343,302266.74745012284,6.155160562744458
851600,4.330275843340797,4.674117169360911,302291.99126348534,6.155523929408634
851700,4.330602334258978,4.6744507931420545,302314.6009707061,6.1558510488748714
851800,4.3309592961217325,4.674842946067678,302337.93944153725,6.156141048900754
851900,4.331353097892795,4.6752088426994565,302364.71999401797,6.1565074030853175
852000,4.331674071888506,4.675618806065372,302391.4802202552,6.156785210150986
852100,4.332073210683043,4.675963571775746,302415.39556772885,6.15716649925992
852200,4.332455706015873,4.67646016576529,302441.4428236262,6.157405172128421
852300,4.332758512620305,4.676806797703132,302467.1785785177,6.157854034587171
852400,4.333059665462786,4.6770861114289035,302493.08245932235,6.158166791102173
852500,4.333456074549422,4.677399212952827,302516.2139367247,6.1584984609825275
852600,4.333863434516963,4.67787383694379,302541.0707573622,6.1589930057406885
852700,4.334248897897742,4.678201907844544,302563.3252017081,6.159303892695967
852800,4.334651012517357,4.678622744812843,302587.6387809448,6.159605076833826
852900,4.335032494529485,4.679044440400652,302613.9640864909,6.15997646816813
853000,4.335420046443506,4.679434120700638,302637.5886660491,6.1605059409647565
853100,4.335817208978514,4.679758819768946,302663.43981714896,6.161016430375357
853200,4.336127231743754,4.680236793785901,302687.17559655267,6.161416409370055
853300,4.336447652002613,4.680538901302313,302709.0149947543,6.161981580453027
853400,4.336807154213692,4.680839312287623,302733.9290365845,6.162438163193862
853500,4.337094007169653,4.68116163420518,302759.46831376484,6.162682424075329
853600,4.337414544223953,4.6816259491719805,302781.54202559544,6.163143610070844
853700,4.337745771260385,4.68210758814378,302806.1787494094,6.163520789141954
853800,4.338079038365128,4.682475867273628,302832.4949494257,6.16408780408032
853900,4.338370340066396,4.682799519164129,302854.5807741706,6.164589572531079
854000,4.338690789662277,4.683269740560945,302878.3837403474,6.164827609945645
854100,4.338996789886453,4.683675837999593,302905.2770124971,6.165157044431861
854200,4.339382820065963,4.684084183635408,302928.69606882735,6.165601127845721
854300,4.339690217840842,4.684386637702731,302954.8247902618,6.166006690136476
854400,4.340053839157144,4.684673491687988,302980.6665593232,6.166374597861093
854500,4.340345495630225,4.68508680886624,303005.6604809823,6.16667650292622
854600,4.3407538931090635,4.6853898103463045,303029.7354347797,6.16694447462465
854700,4.341079080128993,4.685643078669493,303053.3836455829,6.16734221575147
854800,4.341368783082895,4.685906946453427,303075.7038590705,6.167640404310944
854900,4.341687631973947,4.686337537493777,303099.01967712963,6.168019881928183
855000,4.341980257084095,4.6867869953235,303124.8231735195,6.168293670371732
855100,4.342363357818834,4.687096411983892,303151.8207028924,6.168657218177238
855200,4.3427291268819666,4.687570196014594,303178.3559179651,6.168988650968129
855300,4.343128163504428,4.687885834501908,303203.680164783,6.169442512650782
855400,4.343443885082692,4.688189764496173,303226.3928031556,6.170019589430989
855500,4.343788023652878,4.688628128183956,303251.0129632432,6.17043400530924
855600,4.344139508263196,4.689003847283265,303274.2469116243,6.170965434098851
855700,4.344459085557894,4.689257434216836,303297.0304021861,6.171270731216317
855800,4.344845008659517,4.689531413887283,303323.91641982197,6.171553312642754
855900,4.345138739118587,4.689943308708515,303350.46201767086,6.171978188452222
856000,4.345525740279494,4.690403097412568,303376.0010669693,6.172250470813491
856100,4.345812012102682,4.690829501077277,303402.533184876,6.1725809503820255
856200,4.346216358680459,4.691255243270111,303427.7797431599,6.173116303075041
856300,4.346505013725257,4.691639639602912,303450.50892591494,6.173611785520759
856400,4.346852239833617,4.692022086740174,303474.14608593495,6.173908522858933
856500,4.347163837482784,4.692278154130458,303498.0223534861,6.174200787579387
856600,4.347540753886905,4.692574063298794,303520.24344175484,6.174762815822773
856700,4.34792188976357,4.692983154505349,303545.29773050966,6.175149295941895
856800,4.348253602498311,4.693387564671581,303568.1643699165,6.175420377608048
856900,4.348661809510976,4.693881112409056,303593.9367662205,6.175838555607467
857000,4.349009351092459,4.694168227090069,303617.11393938214,6.176411621372384
857100,4.349309994493884,4.694539916081292,303643.20356265345,6.176822653026661
857200,4.34967056778035,4.69490503503957,303664.9352205008,6.1772964257837355
857300,4.350018358601119,4.69534745736256,303687.14016248717,6.177649872463179
857400,4.350363072572148,4.695815549790333,303713.82254357496,6.178214276935915
857500,4.350739338732529,4.696171667485453,303738.07105569186,6.1787019301531725
857600,4.351048433101424,4.696455091214642,303763.3876995013,6.178946220060515
857700,4.351383319800285,4.6969320594757,303788.28503719834,6.179218881644443
857800,4.351694908041816,4.697264772714817,303814.80546433985,6.17961647000897
857900,4.352054917321302,4.697690336734611,303838.9570928787,6.180121125736461
858000,4.3524399130915645,4.698171459990978,303864.3304719235,6.180649072525177
858100,4.352772587472631,4.698664657051897,303886.67458410433,6.181131552135684
858200,4.353086787190345,4.699027917899812,303910.2390693831,6.181505557677117
858300,4.3534231615633585,4.6994690760814795,303934.5842581298,6.181924723559817
858400,4.353818529915334,4.699884626025284,303958.10484490846,6.182251395393356
858500,4.354112523827949,4.7003721650359545,303984.5218099649,6.1826959928186875
858600,4.354409253788444,4.700641909023517,304008.8496190264,6.183032070579286
858700,4.354799835948652,4.701094034365013,304032.19548114005,6.183385395063302
858800,4.355108248885962,4.7015892895238265,304056.80939379457,6.183684127941487
858900,4.355435677573343,4.702002408222925,304078.37224162003,6.184120816920765
859000,4.35580764087915,4.702468019773204,304103.13094225543,6.184385399478524
859100,4.356095365026318,4.7028150864927065,304125.28653690557,6.184959607492068
859200,4.356433941417918,4.703082873523892,304147.1454858835,6.1852664703149935
859300,4.35671965771631,4.703348170642722,304172.63525584445,6.185531563411908
859400,4.3570777649842105,4.703679724921508,304196.62194076984,6.186073071025753
859500,4.35745139268044,4.704122864306029,304223.04516795796,6.186335374248305
859600,4.357813263575156,4.704375889100676,304248.6499148471,6.186749528698127
859700,4.358176441815235,4.704843008976419,304274.1928944686,6.1872859162558225
859800,4.358557334033181,4.705160565215604,304298.6472885871,6.187740611301058
859900,4.358940424058131,4.7054186383002765,304321.2503214018,6.188248870863584
860000,4.3593215456313406,4.705682431974158,304342.88629854936,6.1886763537976925
860100,4.359666590466613,4.706056969729546,304366.21581897093,6.189097617641185
860200,4.360003180460608,4.706318497362603,304389.32210234675,6.189471228722565
860300,4.360387738482822,4.706596603548517,304414.81280853105,6.189741170371761
860400,4.360672309660602,4.706887855449812,304437.98642110144,6.190286042768615
860500,4.360960641084675,4.707223127164804,304462.6745788894,6.190703631888533
860600,4.3612557455451375,4.707692278076778,304488.36402764654,6.191163408242971
860700,4.361608221420692,4.708104579042657,304512.9277916219,6.19156362146142
860800,4.361922706631969,4.708453103202629,304537.57066912286,6.192136590631764
860900,4.362212373662977,4.708948632821874,304563.92606622644,6.192400239480709
861000,4.36260071173668,4.709268141904993,304588.06060804735,6.192967127835721
861100,4.3629242612472074,4.709540392333726,304614.268351917,6.193227665431588
861200,4.3632180704898635,4.709963810764634,304640.79133459856,6.193475406821902
861300,4.363573725506919,4.7103660732167985,304665.4499630466,6.193779451264037
861400,4.363951524343482,4.710622095983329,304690.9155627707,6.194039165795948
861500,4.364256731715846,4.711048885988617,304715.470327365,6.194563503900849
861600,4.3646078507297394,4.711517712173643,304738.38353511534,6.1948423322013975
861700,4.364995051225921,4.711813035189556,304764.2055159627,6.195192709456705
861800,4.365277789512441,4.712065043185793,304788.1765484731,6.195517718788862
861900,4.365658148296342,4.712480917713971,304811.12947327126,6.196046595781982
862000,4.365972026934465,4.712893485516293,304836.3317247092,6.196290138043906
862100,4.36630208085432,4.713331987361881,304862.6813477099,6.196688650658819
862200,4.366658989654494,4.713610348716534,304889.40478552546,6.197153940147202
862300,4.367050799992749,4.713959016484588,304912.18622322497,6.197641594864256
862400,4.367383044066306,4.714251905329789,304936.7316273907,6.197929349129061
862500,4.367705344146694,4.714528449924203,304961.69417274825,6.198475557740831
862600,4.368066545042334,4.714929943797294,304986.55607044505,6.198784574687116
862700,4.3684253238169095,4.715196529767558,305009.26003509096,6.19902099338298
862800,4.368814069482914,4.715617640615006,305031.4741467196,6.199566632169658
862900,4.36916508941971,4.7159634416368466,305053.5513154144,6.200019138402577
863000,4.369512099824896,4.716370826522243,305075.03558170167,6.200343725565601
863100,4.369879517501222,4.716852944415629,305096.51480506634,6.200816203543775
863200,4.37027163149394,4.717244360428374,305120.4547117279,6.201335334484573
863300,4.370593508600079,4.717623254677113,305146.475668271,6.201584262502527
863400,4.3709474810333395,4.718085627009156,305172.67786624754,6.201937396152643
863500,4.371264530169048,4.718424101722786,305194.9957753471,6.202468951849354
863600,4.371626706192173,4.718890827457854,305217.97137425985,6.203026782406202
863700,4.3720089196995,4.719250150659415,305240.5648459105,6.2033600295789
863800,4.3723679955395784,4.719635037182789,305265.44985788275,6.203662946886018
863900,4.372749769831446,4.719907994656206,305289.85256389674,6.204197410499497
864000,4.373119149253301,4.720369772902083,305314.22284570726,6.204701307351346
864100,4.37341761686976,4.720853758253653,305335.83864013123,6.205156837891313
864200,4.373770023311563,4.7213038761494115,305359.3198034066,6.205411393919595
864300,4.374112025045517,4.721687190381031,305385.0492237715,6.205964963356628
864400,4.374393603205818,4.721983433237218,305410.61069857975,6.2062012575347545
864500,4.374766769882441,4.722438438424117,305433.0301321835,6.20652130427994
864600,4.375053076689227,4.722922927477683,305458.3269661591,6.206992263840748
864700,4.375387148419095,4.7233976561353614,305480.6697481392,6.207554397868261
864800,4.375700607741609,4.723874491618827,305506.5108133379,6.207793035837969
864900,4.376057798031241,4.72433026086749,305528.09986560495,6.208112362738164
865000,4.376366435519398,4.724612098657575,305552.6162720333,6.208555980686532
865100,4.3767384542297085,4.724998374778198,305574.70082597854,6.2089244570014674
865200,4.37702461481571,4.725322302919238,305597.6756067885,6.209254645123479
865300,4.377381255475165,4.725603124502771,305621.5652365104,6.209533682286383
865400,4.377775949066421,4.7258828288703265,305645.42370386084,6.209851893882842
865500,4.37817603751821,4.7262639662991,305669.4874200827,6.210318595223406
865600,4.378495601696315,4.726587926194845,305692.6399169879,6.21076312158601
865700,4.378896310298338,4.727057467647091,305715.4762948207,6.21124080973635
865800,4.379270295389136,4.727449040353333,305737.7450410084,6.21179453928803
865900,4.379597532096015,4.727775694009397,305762.8068064638,6.212319557217578
866000,4.3799488085415765,4.728070098867665,305784.39997877204,6.212856940294108
866100,4.380276591472055,4.728361423093418,305808.8494492551,6.2133278574285375
866200,4.380662172900662,4.7286946461065655,305834.8123756846,6.213815591192411
866300,4.381018492055408,4.729081900404482,305858.15968746913,6.2143528709963345
866400,4.381336934695628,4.7294334571722265,305881.7030594617,6.214640289942927
866500,4.381624423409734,4.729747102218603,305904.1006505738,6.2149482367643785
866600,4.3819133524024405,4.73005550281228,305928.5721782628,6.215509143826582
866700,4.382286758382357,4.730459808637703,305954.20177435246,6.215756519140474
866800,4.382584488131151,4.730719819460295,305976.97430335893,6.216082531439336
866900,4.382914310260759,4.731041087260195,306002.87681566825,6.216364190361527
867000,4.383311935476385,4.731340624388487,306027.9774032734,6.2166352321568095
867100,4.383690423716182,4.731636340872972,306053.7273099938,6.217117122747285
867200,4.3840797149448205,4.732100975734808,306076.82417334395,6.217465358947582
867300,4.384454149873426,4.7324027060562495,306101.52046067815,6.218003710308455
867400,4.3847670291990735,4.732701150562352,306123.6832100509,6.218365825086786
867500,4.385078110236825,4.733029037645288,306145.80204293504,6.218678929285314
867600,4.385431820184443,4.733465580426894,306171.8646427437,6.2191088871801705
867700,4.385765716586653,4.7338251708270445,306195.3524383422,6.219576241080537
867800,4.386132362088309,4.73428141988704,306219.6210318027,6.220101664519628
867900,4.386465565621245,4.734565579628442,306242.34430241364,6.220603248897403
868000,4.386812273829068,4.734913438531574,306265.27331346093,6.221090967213096
868100,4.387153559483839,4.735317149117661,306287.77753874444,6.22138948181116
868200,4.387497994314906,4.7355648832717465,306312.48764431325,6.221811988077429
868300,4.387867609434732,4.735818076405562,306337.7715473441,6.222369964694317
868400,4.3882419777240935,4.73617612705475,306361.9458338983,6.222628851815765
868500,4.388560111394973,4.736481313329462,306384.49463212624,6.223119017554219
868600,4.388947025549223,4.736919765481665,306406.96637045057,6.2235329926809415
868700,4.389322291276757,4.737318757164814,306430.1925714533,6.223886909933549
868800,4.38967685580618,4.737598911514949,306454.47242630797,6.224306897763465
868900,4.389963563585319,4.7379088133567615,306478.6278699609,6.2247605632821665
869000,4.390288299433183,4.738335596714039,306504.01485355257,6.225027482907233
869100,4.390654105331178,4.738710354145948,306526.26841485145,6.2254838164651645
869200,4.39104746450662,4.73911378109508,306551.024923087,6.225857796019704
869300,4.391366622703081,4.739371272591944,306575.19541131286,6.226323790126296
869400,4.391670757169341,4.739639006999756,306599.7495472463,6.226790957438132
869500,4.391997755195101,4.74003079938407,306621.75979839877,6.227115468497642
869600,4.392348761507425,4.740399530103864,306645.93795172544,6.227612908709116
869700,4.392715310380672,4.740717187634714,306667.5789003141,6.228090437439823
869800,4.393032089158603,4.741135923890217,306690.20647774794,6.228402574937033
869900,4.393425686743577,4.741511525513924,306716.469310031,6.228852985688996
870000,4.393790831988059,4.741840979849479,306741.4357197849,6.229142073255928
870100,4.394086969412887,4.742284687297552,306765.46652478294,6.229438748280215
870200,4.394485759842031,4.74256897511036,306790.313166341,6.229897527790386
870300,4.39479335613346,4.743037502724541,306813.0420798389,6.230338217005754
870400,4.395159585344583,4.7434164785408734,306838.093623773,6.230882860551388
870500,4.395470415597899,4.743875681640501,306862.961558296,6.2312216217217635
870600,4.395787102365007,4.744355638737578,306889.2398284416,6.23154101241835
870700,4.3960845529132655,4.744669449998206,306913.72191361565,6.2318305736468576
870800,4.396460838394457,4.744960611631062,306936.54943230044,6.232176458676212
870900,4.396819314241166,4.745449490787395,306960.572269213,6.232624813589347
871000,4.397161787681266,4.745833411876236,306983.0268074516,6.233045128660624
871100,4.3975116298590295,4.7461336159282554,307007.1188309114,6.23346105201689
871200,4.397801577034089,4.746413218135052,307029.282762996,6.233869683120846
871300,4.398110657472595,4.7467879759631115,307053.6707369834,6.234154930695333
871400,4.398471144656224,4.747101416256377,307079.18351455487,6.234596755969533
871500,4.398790062012591,4.747550033343356,307102.52529315394,6.235063138120187
871600,4.3991774203712914,4.747838273254012,307124.027460445,6.235500589667127
871700,4.399527004703646,4.748161728163755,307149.39360668155,6.236031263439717
871800,4.399825660123122,4.748590682704108,307173.24324958003,6.236514671674831
871900,4.400107416267903,4.748933097322008,307196.13459362555,6.236915339566062
872000,4.4004991215274645,4.749291074083768,307222.1005742966,6.237293085602666
872100,4.400842316000639,4.749710164593742,307245.701277912,6.237582972631933
872200,4.401143429292459,4.750120651650023,307269.6416814471,6.237855879549825
872300,4.401483871616036,4.750490063205922,307293.98049007624,6.2381126782837075
872400,4.40182694749735,4.750948593109863,307318.2510640766,6.23841526405113
872500,4.402125052710743,4.751282836214104,307341.39654854935,6.238864063524381
872600,4.4024062875244905,4.751714520195145,307366.7568181309,6.239240702196466
872700,4.402772875794907,4.752038947904414,307388.4758206917,6.23974470202624
872800,4.40315893799864,4.752487454679176,307412.7171195276,6.24027781325868
872900,4.403516315553743,4.752776607254977,307435.1285277083,6.240644337307859
873000,4.403911720955218,4.753149617068129,307456.81665379263,6.241113235328972
873100,4.40425094682304,4.753560084229865,307478.4128247434,6.241493355145252
873200,4.404617275485163,4.754037061655288,307503.8637624861,6.241893264441024
873300,4.404989353722516,4.754393818299085,307527.0914223314,6.242362787167257
873400,4.405352303507185,4.75482987748481,307548.7236187068,6.242744789391808
873500,4.405656453185986,4.755147083637233,307574.17033023376,6.243013696778045
873600,4.405982312752667,4.755585467600808,307599.5532829328,6.243567626283422
873700,4.406352465364526,4.755956829934881,307623.8023226587,6.2440474113000075
873800,4.406724475873363,4.756225933811225,307647.0387790329,6.2444088396087585
873900,4.40708547496004,4.756486470409901,307672.3441095042,6.24475872679541
874000,4.407410791554772,4.756953426756484,307697.380052457,6.2452924137576336
874100,4.407746730709735,4.757405741851742,307721.36260089785,6.245568611352681
874200,4.408104176667505,4.757737313338885,307745.45353505487,6.245957662714673
874300,4.408414329894766,4.758106338942792,307770.22490423254,6.246441854251323
874400,4.408795090753056,4.758589357251517,307794.92217402067,6.246743792818515
874500,4.409172075269625,4.758908515981972,307819.4509979578,6.247305302488566
874600,4.409470777883527,4.759238858704955,307842.1311907592,6.247618483711859
874700,4.409856118853259,4.759559740987399,307863.37734293455,6.247923471536168
874800,4.410173563675003,4.760019111485657,307887.378186496,6.2481809716111005
874900,4.410565276342847,4.760426698284485,307911.89997379476,6.248436653815838
875000,4.410900733674407,4.760777171927587,307933.89392251463,6.248810900095653
875100,4.4112945546273155,4.761125379150965,307959.6781002066,6.24920253687462
875200,4.411629946874934,4.761422510651607,307981.4205911754,6.249441254848675
875300,4.411970313326162,4.761892991972798,308005.0778523304,6.249857909044969
875400,4.4122733358032615,4.762292754977157,308030.85009347595,6.250196594629742
875500,4.412580668756707,4.762747545219873,308052.3789281941,6.250655310537498
875600,4.412951050483601,4.763192111762678,308073.7088794626,6.25094533554351
875700,4.413315670702125,4.763676274095023,308094.82548993104,6.251421940059913
875800,4.413671932067048,4.7639403312159665,308118.4915844106,6.251674408494774
875900,4.4140531326962265,4.764373001421169,308143.59536166646,6.252149912861016
876000,4.414344446906077,4.764762154957955,308166.23634384875,6.252505617208051
876100,4.4147325465133935,4.7652249642303355,308192.2982436167,6.253020103897965
876200,4.415022017172964,4.765605456548536,308214.59887482243,6.253455329850182
876300,4.415407597611922,4.765872644881622,308237.1585323447,6.254014371765967
876400,4.415757829900576,4.766268755606259,308259.59256265656,6.25434538577128
876500,4.416070269642507,4.766728821089328,308284.09093302867,6.254691044098993
876600,4.416467164873885,4.767020637236796,308306.5166385204,6.25502943790491
876700,4.416860032173027,4.76739794068488,308330.7743275076,6.255355833170504
876800,4.417200120640686,4.767869498976305,308353.7675400624,6.2557912772608075
876900,4.417515693567122,4.768141985578251,308379.56548225484,6.256328255590537
877000,4.417795307891973,4.768418718540554,308402.10057164,6.2567310939353895
877100,4.418130521005171,4.768779243298271,308423.26740394207,6.257095591732436
877200,4.4184482738094575,4.769110927725963,308445.270281833,6.257658039844264
877300,4.418797082250494,4.769586156653321,308470.31777246663,6.258178286082198
877400,4.419143462530148,4.769915167206784,308491.9748038663,6.2584552694713
877500,4.419476129905212,4.7703388377642675,308516.2945301553,6.258726305363574
877600,4.419848131200753,4.770691584120479,308539.53914133296,6.25896597200599
877700,4.420161486512226,4.771123840988975,308561.9077090896,6.259245898946869
877800,4.420556119394967,4.771392489496612,308586.833316728,6.259496136338933
877900,4.420881010664735,4.77179599633685,308607.9644849386,6.259742149429619
878000,4.42122746033793,4.772187188543806,308629.4357573679,6.2599849439395365
878100,4.421549702668459,4.772523156549191,308652.4066488511,6.260305952856947
878200,4.421885436839457,4.772935936858854,308676.2034651381,6.260861078826784
878300,4.4222323675744555,4.773411726814563,308698.51005363837,6.2610990272078695
878400,4.42259799924214,4.7737872907469265,308724.58428011567,6.261432547171824
878500,4.422980947855563,4.774217877432559,308746.1949177274,6.261789723152415
878600,4.423305164681877,4.774606687319056,308767.32505174936,6.262046978784408
878700,4.423658595124435,4.775052964498822,308791.79189405317,6.262508789283548
878800,4.423996329698659,4.7753439985940265,308813.74135529704,6.2627729214972145
878900,4.4243663620456894,4.775736655417897,308837.09084788914,6.263119997226202
879000,4.42465296639161,4.776026348466761,308860.12585680303,6.2635916979929736
879100,4.4249915809918665,4.776414558523141,308884.704953287,6.263925749395031
879200,4.4253686061199335,4.776816131831875,308909.6789271309,6.2642151197909
879300,4.4257124530697975,4.777263358255841,308935.58650795737,6.264717391420511
879400,4.426061287770628,4.777705115415128,308958.0084840552,6.264964802819654
879500,4.426438166740026,4.778068224723883,308980.52180515724,6.265233872187843
879600,4.426824983968325,4.7784855027774364,309003.50221939065,6.2657415030045795
879700,4.427129759574679,4.77888360039487,309027.81485136936,6.266122983442069
879800,4.427437543411724,4.779154102339562,309052.0430625498,6.266582710149948
879900,4.427769912946453,4.779550796977152,309075.1717297225,6.266995564979168
880000,4.4281021065538475,4.779912411285374,309096.99942059105,6.267503268272841
880100,4.428410393044864,4.7803803233962325,309121.4964727538,6.267738752598598
880200,4.4287354459063994,4.78069648523007,309144.53795943287,6.268281118157173
880300,4.4290131549879135,4.781054204767706,309170.15597653325,6.268817666487111
880400,4.429399010478955,4.781318296086641,309191.8016392581,6.269085286291581
880500,4.429680917672577,4.781698853787512,309217.83770167193,6.269370930229344
880600,4.430034291095272,4.782166979897007,309239.3724953291,6.269668201193033
880700,4.430320972852535,4.782612151729432,309264.7488012459,6.270114534954382
880800,4.430601229213876,4.782923981879696,309286.3915804168,6.270656618987481
880900,4.430932597482879,4.783312100050941,309309.64742681704,6.27120891284612
881000,4.431275670801841,4.783598462170811,309333.02012178104,6.271446279585087
881100,4.431630705168898,4.7840407923927915,309357.19091672514,6.271996398461188
881200,4.431951878996945,4.784464180801588,309378.6601389391,6.27254035252626
881300,4.432345693228655,4.784737367032369,309404.37095406017,6.272972483722161
881400,4.432669362094041,4.785170186891168,309429.5349220534,6.2735037536908
881500,4.432985772333204,4.785580910918073,309453.58058204694,6.274013057921776
881600,4.433368621023911,4.78585382214301,309476.76659300446,6.2742551475330295
881700,4.433685099191639,4.786202336330948,309499.5891188247,6.274548619034703
881800,4.4340081139100205,4.786526047998991,309523.2878449484,6.2749759287891544
881900,4.434319550765176,4.786771925961084,309545.91685310437,6.275242483762188
882000,4.4346601840571935,4.787041343452186,309571.4123305224,6.275753848220333
882100,4.435011728572651,4.787480137409103,309594.71586319816,6.276111206843068
882200,4.435357353099925,4.787791469851695,309619.99943280907,6.276518565783257
882300,4.435666473183427,4.788102622311045,309644.7635576757,6.276927774842624
882400,4.436024956753286,4.788418465819171,309670.0151493259,6.277333078117159
882500,4.436377828285136,4.788780330111622,309690.98011890455,6.27764673027424
882600,4.436703719421419,4.789049971702753,309712.5752097911,6.277907622805363
882700,4.437051042279407,4.7893678675510145,309737.4349469647,6.27829843728363
882800,4.437329705084935,4.789692918426956,309760.37265362905,6.278746395352755
882900,4.437612573637239,4.790131679146572,309785.8542321273,6.2790263508640844
883000,4.437936565437051,4.7903915136178234,309808.4377695969,6.279487537476615
883100,4.43832673374166,4.790645843762236,309833.3410014933,6.2797638985794055
883200,4.438705125956742,4.791062824477106,309857.97885305894,6.280085195406705
883300,4.439017222885891,4.791500892141476,309880.62524782313,6.280465496151065
883400,4.4393914399961565,4.791798460903749,309904.6308226266,6.280906316416872
883500,4.4396926629586035,4.792173799225202,309926.9304210415,6.2811454251218075
883600,4.440035477299082,4.792419841870247,309947.9592209479,6.281410795359493
883700,4.440352641974876,4.792704727995043,309970.2770663283,6.28194585933292
883800,4.440679609053918,4.793004960020457,309994.00961494655,6.282389813975079
883900,4.44100706617283,4.793342072940237,310018.80471974955,6.282736059849468
884000,4.441297958055998,4.79362403356378,310043.63332833373,6.2831054894980465
884100,4.441667487270363,4.793953977720961,310068.8335917028,6.2834819409094
884200,4.442000511309846,4.794415725276694,310091.42160648364,6.283853450742398
884300,4.442348381790292,4.794855215367167,310116.09325224697,6.284356741406279
884400,4.442709386061616,4.795237008870827,310137.1934935836,6.284876482135312
884500,4.442993299332465,4.795591672521839,310159.21172792546,6.285115218281944
884600,4.443373964869349,4.795877808915862,310184.81532711367,6.285410421835162
884700,4.443668042712764,4.796171586303192,310209.61877734377,6.285784582249495
884800,4.443976384738973,4.796480446862611,310231.76269529515,6.286285844189633
884900,4.44425271245626,4.796811359619696,310253.8825406269,6.286749165292797
885000,4.4446306196131955,4.797232705757022,310274.8439948934,6.28712284674377
885100,4.444987205815551,4.797563052414959,310297.5886647088,6.28760930059339
885200,4.445365073543951,4.797961246927742,310322.3041832045,6.287936069425554
885300,4.445693329445023,4.798344667620598,310345.42850580293,6.288340600492539
885400,4.4459769177072,4.798675883600335,310370.67322384473,6.28876503267689
885500,4.446280030747489,4.799011258571629,310394.0640819596,6.2890339007175005
885600,4.44664224300932,4.799396213315462,310415.6473796902,6.289551774736792
885700,4.446940617823991,4.799814274014985,310440.9598299311,6.29004933303792
885800,4.447261940285014,4.800151590685055,310466.5417493411,6.290487373304858
885900,4.44755054936882,4.800411561231022,310490.93064131984,6.290895808516302
886000,4.447908623622704,4.800710504147279,310515.7108087562,6.291195514964423
886100,4.44819815156422,4.801030498439134,310537.4867425516,6.29162488881466
886200,4.448573133543936,4.801365133510543,310561.2110238647,6.2921144585208
886300,4.448943606172093,4.801646547749762,310585.9609502264,6.292661241115428
886400,4.449320235031766,4.801925120018834,310607.8253268438,6.2931076170924225
886500,4.449688437637369,4.802245902826979,310629.4809817873,6.293376600805537
886600,4.450064335830927,4.802555531279303,310652.97041295015,6.293878463655826
886700,4.450406281527096,4.802850519604152,310677.4876717767,6.29423429910722
886800,4.450766266471609,4.803207058899511,310702.0222552235,6.294527575102898
886900,4.4511425666504545,4.803635342125985,310726.6249545454,6.29500002639791
887000,4.451466756769383,4.803993895529449,310751.203497159,6.295354043724193
887100,4.451803187609424,4.804278167581667,310772.4421950145,6.2957767950246835
887200,4.452170120215408,4.804741685016401,310794.34622393566,6.29627372009559
887300,4.4525400307898675,4.805149131340529,310818.4173733434,6.296516623620959
887400,4.452864270018093,4.805569756251249,310844.21927839814,6.296798321924782
887500,4.4531740815316665,4.805835707595639,310867.9738614672,6.2971030022833485
887600,4.4535544010589225,4.806167313167367,310893.54607947724,6.297427854609111
887700,4.453869363810315,4.806418821474889,310917.6849332567,6.297657849546531
887800,4.45417696810992,4.806775835490794,310939.1476955815,6.298135752983034
887900,4.45451788441623,4.807195832247339,310961.6819897893,6.298492876130239
888000,4.454846695893182,4.807522084311157,310984.41697986546,6.298839696957338
888100,4.455239360873241,4.807943904648309,311008.7050580761,6.2993119461855365
888200,4.455618613394516,4.808273142133021,311034.3480957065,6.2996977244667764
888300,4.455952380722589,4.8086988274731866,311059.1035615894,6.299931219291503
888400,4.4562629556073565,4.809155399975382,311083.99789217394,6.300165602104558
888500,4.456599824407702,4.809435717908731,311106.2879920966,6.300628281518703
888600,4.45695190273935,4.809838286419989,311131.814480522,6.301141068130755
888700,4.457308615624323,4.810122337562392,311153.5716941439,6.301532755732813
888800,4.457588202142565,4.810431271747334,311176.79928138934,6.302038354479753
888900,4.457913645563342,4.810845220401492,311201.46612965525,6.302518214257238
889000,4.458274698735445,4.811127106998878,311226.417055686,6.30278497841698
889100,4.458604742291533,4.811456270842844,311250.45434841345,6.303129265317093
889200,4.458975924281309,4.81177137103171,311271.2050665558,6.303588938506619
889300,4.459357770977214,4.812175938261473,311295.7248771872,6.303948628492054
889400,4.459637840058845,4.812518809982836,311320.055997733,6.304429568132676
889500,4.459963932111269,4.812970602329373,311343.0765956252,6.304901389079691
889600,4.4603016823279455,4.81329260780507,311364.2100254381,6.305401297477987
889700,4.460611807356294,4.813614884117279,311389.97497337725,6.3056598853976515
889800,4.460929807882426,4.813936258908117,311410.7684524328,6.30612668548614
889900,4.461245574446813,4.814391784552233,311434.9181159663,6.306420057017487
890000,4.461536513031616,4.814639134533993,311456.08879952854,6.306731080880882
890100,4.461909735323458,4.815013237749148,311476.8137380533,6.307070130248667
890200,4.462300044131582,4.8153731203839785,311498.21032220795,6.3075768042828315
890300,4.4625868426884026,4.815823059431377,311523.16310395417,6.307823974895872
890400,4.462867948111863,4.816098339585353,311548.7002629726,6.308207969001392
890500,4.463211081746764,4.816433729341078,311571.33705476765,6.3084952799005976
890600,4.463536384253015,4.816841758467949,311595.61962640565,6.308773183837518
890700,4.463896771727271,4.817315888638513,311621.0671358117,6.309209103412842
890800,4.464259098070024,4.817730552006537,311642.5140717593,6.309667219823249
890900,4.464581867738612,4.81807534269367,311664.9138294471,6.310151486212228
891000,4.464908613968072,4.818417768934327,311687.1942191405,6.310694029570647
891100,4.465278437993768,4.818727398029198,311712.30186470604,6.310938181960444
891200,4.4655930257474985,4.819121077645386,311735.0774111919,6.3111954452325865
891300,4.465964399910488,4.81942280664761,311757.57366439025,6.311639498876662
891400,4.466285832040566,4.8198659261354475,311778.33103293204,6.312089675314341
891500,4.46665682021074,4.820233044505569,311802.31057024875,6.312568315719533
891600,4.467046142137031,4.820522387749636,311824.4035120038,6.312954897170927
891700,4.467323035557333,4.820993955381192,311847.2338530854,6.3135002903009205
891800,4.4676811826025435,4.821281933713378,311872.5275749859,6.313789663932306
891900,4.468063336509034,4.8215500942697656,311897.33752543275,6.314331521945705
892000,4.46834358588306,4.821967034262134,311919.7072429778,6.314658531810111
892100,4.4687192315499935,4.8224378402351595,311944.8985654298,6.314959812422723
892200,4.469061604484908,4.822897474624376,311965.5770155425,6.315435891982655
892300,4.4693550307842616,4.823225614674471,311987.74966759334,6.315930548317729
892400,4.46963636053721,4.8235219210044455,312008.6643907809,6.3162364525570505
892500,4.469952925201048,4.823979707876247,312032.4030857749,6.316760976996952
892600,4.470331914008468,4.824420615342353,312053.6239128641,6.317002248224473
892700,4.4706986338782615,4.82485598484317,312076.11814414646,6.317308455959635
892800,4.47104938971067,4.825253683334375,312097.21140807215,6.3177593549821305
892900,4.471329944222493,4.825544269491801,312118.2418227168,6.318045453058116
893000,4.471706384300305,4.825929581667791,312142.78001524805,6.318464895079594
893100,4.472031408717022,4.8262541943058554,312166.8907558514,6.318907679446154
893200,4.4723335882328925,4.826665881331146,312191.7644996479,6.319322815134789
893300,4.472629937963557,4.826952010315202,312216.44369215425,6.319803789428848
893400,4.472973034530253,4.827267997985229,312240.0434190444,6.320064625659983
893500,4.473336894995466,4.827551606985564,312261.7340078156,6.320468122692996
893600,4.473652828279154,4.827886004471741,312286.8235371111,6.320858920286665
893700,4.474032451160546,4.828154422012114,312311.49875509366,6.321244947571338
893800,4.474384463276389,4.828547357905842,312334.34416202316,6.3215224648286545
893900,4.474738682447392,4.828978321018953,312357.49047292606,6.321798780858156
894000,4.475031918930918,4.829387705877156,312378.7115811273,6.322124682742909
894100,4.475328473138531,4.8296578345313765,312400.5609966905,6.322439051643654
894200,4.475611446355712,4.830006699239721,312421.82569655805,6.322936585272041
894300,4.475945406932246,4.830415180756865,312443.886191882,6.323358947898115
894400,4.476332612613019,4.830852239570456,312465.3082901456,6.323664432423587
894500,4.476688376670487,4.83126501013697,312488.8287209656,6.32421119822141
894600,4.4770149634903325,4.831616946241218,312509.58239481924,6.324716719598656
894700,4.4773206165085115,4.83191462829293,312531.60450233094,6.3252375573034705
894800,4.477618659566748,4.83229788922655,312557.1552130269,6.325592473080881
894900,4.477997015292749,4.8325972157682155,312580.9336897621,6.325914070600547
895000,4.478310019080115,4.832951381232092,312601.9323352996,6.326147995803564
895100,4.478607868659032,4.833348769281826,312626.32700099185,6.32653274666266
895200,4.478996923615689,4.833757522505776,312649.0268861659,6.32683289256414
895300,4.4793277809446215,4.833997484208636,312672.16465615964,6.327070724203291
895400,4.479634813797397,4.834364358972427,312694.7378195678,6.327467735402191
895500,4.479932146038937,4.834765970597549,312719.4395728533,6.32799909821517
895600,4.480316402944632,4.83516220711445,312743.12928170577,6.328369437269687
895700,4.480694531080372,4.835487180595303,312765.1239914481,6.328897986567141
895800,4.4810441845335705,4.835860506297378,312788.73679625307,6.329349159253033
895900,4.481355345640142,4.836260749438159,312813.35495810304,6.329898417704321
896000,4.4816563788881,4.836595612569674,312837.4248647633,6.330198879418827
896100,4.481982671242261,4.836933994346761,312858.5019297761,6.330451546247502
896200,4.482353228147708,4.837338528569361,312883.1186257923,6.330681681493235
896300,4.4827298485445475,4.837591498449746,312905.012649083,6.33106533168205
896400,4.483086025525051,4.837894515580484,312926.0397449807,6.331548382421652
896500,4.483445639511513,4.838316581151645,312948.2981805257,6.331944156161332
896600,4.4838045523965215,4.8385795440328305,312971.8490426281,6.3324909565742935
896700,4.484085332363747,4.838995095043124,312995.6928073203,6.332950786100827
896800,4.484412461321383,4.839450842401104,313017.8798381904,6.333384078730733
896900,4.484765288356384,4.8397778375480565,313039.7864287153,6.33380936598658
897000,4.485060588936621,4.840111727121786,313064.9656309338,6.334117246285363
897100,4.485406318430729,4.840529362994628,313088.3388322822,6.3345415092727935
897200,4.485706944756692,4.8409411189915685,313112.8634255419,6.334878785334248
897300,4.486010431962722,4.8412833194418,313136.84493013145,6.335353650864401
897400,4.4863983193564785,4.841544509641077,313160.52710602985,6.335734917477664
897500,4.4867036908195015,4.8418827428421745,313183.09024644527,6.3361673613865
897600,4.487004280192268,4.8421969366833,313206.36690960155,6.336518516798543
897700,4.487373174564454,4.842658121030221,313229.45082837326,6.336936244112808
897800,4.487718132638901,4.843035935291391,313254.3812178581,6.337438452184767
897900,4.488021619077564,4.843446853577618,313276.5639807377,6.337703435350559
898000,4.488390621520189,4.843760190379211,313301.077613465,6.3382196790565155
898100,4.4886882311760425,4.844195048655406,313326.40346873936,6.3385522958957745
898200,4.488960521926401,4.844478039106475,313350.09234852943,6.3388206315294084
898300,4.489312840140683,4.8447239276535,313371.2043451951,6.33924857022999
898400,4.489658505613607,4.845020983527344,313394.6941691027,6.339749763741952
898500,4.490015079121843,4.8454504309588176,313419.26434470795,6.340294068507906
898600,4.490396281774182,4.845756307357415,313442.3752534849,6.340524814005013
898700,4.490730550823973,4.846057121224023,313466.1186923119,6.341065470379841
898800,4.491086417267076,4.846484256187876,313491.22286453744,6.341343616893305
898900,4.491434606692508,4.846765428800823,313513.8747738954,6.3418848253699815
899000,4.491758112026093,4.8470312287,313535.6599289214,6.342320298998401
899100,4.4921425832769675,4.847278171060979,313557.9619969459,6.342702090930741
899200,4.492453244886698,4.847647944735765,313579.70801245805,6.343183276645125
899300,4.492777406730001,4.848108963615703,313601.82793278416,6.343660935555163
899400,4.493062282342125,4.848436781508838,313623.78365851974,6.344179215271602
899500,4.493332358288402,4.848819948896336,313646.6538077095,6.344675318319532
899600,4.493658851978125,4.849120677086718,313672.01815731055,6.345137645011405
899700,4.493964615194797,4.849568076057964,313697.4597445469,6.3454152187603565
899800,4.494238689164236,4.8498538412655305,313718.24189557554,6.345956824735375
899900,4.494559801035533,4.8502630762823316,313743.0296793687,6.346391837305946
900000,4.49487595712195,4.850586331388704,313765.01318734867,6.34676536601482
900100,4.495213346535782,4.85086420178087,313789.70222762774,6.347285045095737
900200,4.495531580678024,4.851112304338939,313815.0479263098,6.347751593856473
900300,4.495835098741116,4.851481853627388,313838.4170378829,6.348228251066478
900400,4.496155615772789,4.851723172246991,313862.18773697154,6.34846104663171
900500,4.496518361852846,4.852125007827869,313882.74498943315,6.348886238372669
900600,4.496791992241869,4.852525471545107,313906.0580708951,6.349193542008234
900700,4.497130261407904,4.852852888838796,313931.3335369722,6.3495104269977345
900800,4.49751043518123,4.853279799416971,313955.2137295051,6.349787716200131
900900,4.497863334934631,4.853535133763467,313976.10338715196,6.350328392714692
901000,4.498213611125237,4.8538205380873904,313997.0285204883,6.350694683826848
901100,4.498559540318723,4.854123071979925,314020.8253764392,6.351065142515613
901200,4.498853731704476,4.8543900278344925,314044.730712239,6.35154896925571
901300,4.499122359387399,4.85463404361498,314067.06648985547,6.351793295155064
901400,4.499444664466894,4.855062722103843,314090.99058446987,6.352080621087013
901500,4.4997590566063135,4.8553922890681145,314114.9631192185,6.352396522816452
901600,4.5000428056386985,4.855661886447726,314137.63523278094,6.3527518854952385
901700,4.500363029308082,4.855941167223587,314160.7398029036,6.353138528591726
901800,4.500667987465733,4.856305653855506,314182.896164738,6.35364410749887
901900,4.501037132841974,4.856695195586089,314204.865610274,6.354012782955472
902000,4.501345453431241,4.857121629112811,314229.59755312605,6.354534822754252
902100,4.501616796205326,4.857481066920575,314253.84091516474,6.354918238485959
902200,4.501946652909135,4.85773370188447,314276.20394624554,6.355259934251415
902300,4.5023264396242455,4.858151316834162,314297.09758157114,6.355538559172491
902400,4.502638654281515,4.8584114039412345,314318.7134627201,6.35580500621884
902500,4.5030051136438205,4.858725195061904,314340.3043324206,6.356031171949611
902600,4.503363152374782,4.8589769495256645,314361.75621172035,6.356286647182626
902700,4.503680074576886,4.859371937101029,314382.7967794733,6.356800377210846
902800,4.504042708759936,4.85964819145311,314405.9717555187,6.357276538596403
902900,4.504316571111272,4.859885591290991,314426.5462014231,6.35772657821442
903000,4.5046132110154256,4.860325422710505,314450.09228492744,6.357974839436061
903100,4.5049861465780525,4.860662126353727,314475.4293464194,6.358343566005763
903200,4.505328037581818,4.8609353726662,314499.5587364469,6.358749249231899
903300,4.5056163122854676,4.861252586598193,314523.32453831984,6.359045015787601
903400,4.505921942037068,4.8615722438727555,314546.10779040644,6.359494004039731
903500,4.506234104679293,4.861844827632799,314567.1727077232,6.359963397022465
903600,4.506543989686572,4.862190090214314,314588.4951860277,6.360249260597325
903700,4.506841822154985,4.862485611227401,314609.8648326743,6.360717177954827
903800,4.507151909857432,4.8628982104100755,314631.83699221304,6.360990367323118
903900,4.507479297553815,4.863349379079451,314655.06220037554,6.361387635930551
904000,4.507788963187438,4.863708623273166,314677.3426707236,6.361614965598941
904100,4.5081390001147295,4.86401892185291,314698.58026968146,6.361842683458342
904200,4.508489159861031,4.864322738590992,314722.88027255645,6.362204791430232
904300,4.508867525153161,4.864753073042529,314746.5011946135,6.3625605649881365
904400,4.509250741161925,4.865043625316036,314770.90644401754,6.362898560148987
904500,4.509633140514574,4.865426735178254,314792.5123432972,6.36325216108402
904600,4.509981922937451,4.865806812264687,314815.60840658663,6.363740068867627
904700,4.510315208570661,4.866050082604776,314839.56491124746,6.364011817076267
904800,4.510645707663384,4.8663763111106535,314860.64824064675,6.364342182885627
904900,4.5109303523899555,4.86676578578948,314885.46734463196,6.364837015810182
905000,4.511200577348731,4.867066522599309,314908.7335129352,6.365213116400373
905100,4.511524257100054,4.867375588716968,314930.7582950015,6.365448721221755
905200,4.511893584611645,4.867761839385883,314954.6568209909,6.365969344294777
905300,4.5121744151311525,4.868091973559726,314978.80482642294,6.366386122649907
905400,4.512448868759263,4.868337569140152,315000.590688781,6.366722648974345
905500,4.512779697081617,4.868782585919493,315023.34320725803,6.367136893989616
905600,4.513091706319716,4.869054823527696,315045.7568486345,6.367433575264035
905700,4.513407330037706,4.869361336952888,315067.1428279502,6.367846983768173
905800,4.513744643013644,4.869640555636127,315091.331530975,6.368086936921583
905900,4.5140579822766895,4.869909728519501,315113.40276027774,6.368329951103126
906000,4.5144060231868295,4.870309644110969,315136.9068922297,6.368652863978505
906100,4.514699793797367,4.870597915502199,315161.990212412,6.36906059187121
906200,4.515057200419559,4.870836104839236,315182.8667080792,6.3695294151053234
906300,4.515327219484702,4.871204262446469,315205.8505959537,6.369818685071558
906400,4.515651663547272,4.871664244326614,315230.4493992542,6.37020102425274
906500,4.515968253310887,4.872058701446529,315252.45298754366,6.370538839879611
906600,4.516294411318487,4.872459952269689,315276.3451410912,6.3710503996255525
906700,4.516599326838084,4.872759205607098,315299.6554439265,6.371332974757533
906800,4.516895666242508,4.87308590029144,315320.736215574,6.371842476216921
906900,4.517194724261323,4.873519258936894,315343.6988650461,6.372228592002274
907000,4.5175096494041345,4.873909828328106,315365.5942698131,6.372715146188408
907100,4.5178187928322115,4.874303233989414,315386.22885954677,6.373096740567888
907200,4.518105963544314,4.874707075536685,315408.5025180439,6.373527059698617
907300,4.518429812994662,4.875129237272733,315433.12291971385,6.374042765047606
907400,4.518714625535429,4.8754453098551265,315456.37979905977,6.3744535580410115
907500,4.518992931137756,4.875690050320461,315479.81476214307,6.374976012338811
907600,4.5192600473394915,4.87600290869926,315502.8541074444,6.375463792858793
907700,4.519626672738555,4.876275596416664,315525.68553691584,6.375812736162331
907800,4.5199366531927545,4.876534183193739,315549.36761748267,6.376224143234153
907900,4.520237524034118,4.876891242976429,315573.41343342344,6.376714747174154
908000,4.520610446930597,4.877271127216414,315595.470668841,6.377217028147176
908100,4.520945040734777,4.877555908805172,315619.298790883,6.377462991978897
908200,4.521214884335327,4.877802310168929,315643.9129652184,6.377780983474773
908300,4.521546706277803,4.878077434905855,315667.1059637651,6.378273497246323
908400,4.521888468686897,4.878366739620306,315688.36431101884,6.37868571641575
908500,4.5222507325269925,4.878642768528852,315709.43985887687,6.3791348410542135
908600,4.52252671076751,4.879103979954362,315734.5131596142,6.379592631793314
908700,4.5228502713195065,4.879516311969137,315758.0325823853,6.379871758691608
908800,4.52319999196604,4.879977675007528,315781.21519886906,6.380198793009711
908900,4.523558914302008,4.880310803576035,315804.80017177167,6.3804981296076955
909000,4.523921222771206,4.880625085354145,315829.8990784694,6.3809718173769765
909100,4.52429803233505,4.881015817419694,315854.3211819293,6.381427471961787
909200,4.524625688124853,4.8812975944629695,315879.23134972993,6.381737877725774
909300,4.5249160023662744,4.88170253379681,315903.7325566334,6.382208090930239
909400,4.525192867055599,4.8820769787230525,315926.92472131917,6.38246877925604
909500,4.5255538888777584,4.882350277634065,315950.9089820536,6.382980731778351
909600,4.525903856295019,4.882754142963733,315971.68157427,6.3832868747534
909700,4.526227690755113,4.883132986654768,315993.09210859076,6.383803229767787
909800,4.52656012499629,4.883541844789665,316017.2588153858,6.384231584188137
909900,4.526882841853476,4.883944314164738,316042.08240542,6.384710529536021
910000,4.527252609796345,4.884401071362832,316063.61905474885,6.384932466618229
910100,4.527631754182783,4.884859514961523,316085.3785676634,6.385218747846897
910200,4.528002378448922,4.88528821132158,316109.70848287345,6.385524945891342
910300,4.528343641663937,4.88556039356054,316132.71255525673,6.3858183103436525
910400,4.528673987281991,4.885864667168781,316152.8870416064,6.3862768553522296
910500,4.52903731683877,4.8862659896132,316177.1540779605,6.386812396811708
910600,4.52938658047916,4.886679994507681,316201.59309428564,6.3871932238024725
910700,4.529677832367196,4.887130266933887,316225.261128298,6.387697166696761
910800,4.530044577070016,4.887471568488432,316250.0190286714,6.38799130010191
910900,4.530405665138408,4.88781939746237,316273.02160267934,6.388343945232771
911000,4.530683402964544,4.88810050948629,316293.52280112513,6.388734373321801
911100,4.53105621069936,4.888338684391521,316314.3067228235,6.389010594340307
911200,4.531420387681121,4.88873021770197,316337.48486929404,6.389537794664462
911300,4.531778789030581,4.889090787902723,316358.1067273568,6.390021314581009
911400,4.532119825459713,4.8893739397096585,316379.5794402764,6.390305735728856
911500,4.532490921086185,4.889823881296469,316402.7981172208,6.390575793336933
911600,4.532778181563122,4.8901191240248405,316424.90166654414,6.390892537695293
911700,4.533048583595466,4.890411624570586,316448.63430449704,6.391171402622717
911800,4.53335935126252,4.8906655254201965,316472.784246446,6.39149997313716
911900,4.533663824590271,4.890923078030515,316492.9558074662,6.3917727912217455
912000,4.533986909138056,4.891206247919643,316516.39547928,6.392110752386496
912100,4.534366592835054,4.891589797920003,316537.0024548063,6.392549800625207
912200,4.534660299687915,4.892038280273442,316559.79216414376,6.392913199285146
912300,4.5349440285557865,4.892452146862629,316584.0753897495,6.393191615422508
912400,4.535253695077867,4.8927960881384855,316608.0312670586,6.393605418497026
912500,4.535573260038794,4.893197011719123,316629.94651238766,6.394043569226088
912600,4.535866305380834,4.8935566622213855,316653.5819659383,6.394363545278352
912700,4.536177977435295,4.8939895244474405,316678.4373392291,6.3947918003843105
912800,4.536455045657375,4.894299901424723,316703.18022571324,6.395246208666788
912900,4.536728915133653,4.894731506498754,316726.47987686505,6.3957161555059985
913000,4.537076101773882,4.8951107550073045,316751.20405970037,6.3961562642666046
913100,4.537358094451983,4.895368758877012,316773.81570250046,6.396594160001271
913200,4.53768384744262,4.895732167603633,316796.52412377513,6.3969979260520535
913300,4.538024350323463,4.896160799749507,316820.51902419026,6.397380821049878
913400,4.53830940996046,4.896463234371274,316842.7865224094,6.397771779752453
913500,4.538587403801179,4.896917717495426,316863.93100297265,6.398179961885037
913600,4.538925247582308,4.897335655640977,316888.7293589537,6.398440172936742
913700,4.539197746579871,4.897581630848861,316908.9442194163,6.398685348882265
913800,4.539477554620959,4.897855166914519,316933.6856423198,6.399155065882998
913900,4.539766454299297,4.898209104074932,316955.95725547534,6.399594467387911
914000,4.540046991583723,4.898528034880458,316978.569138216,6.400125626652167
914100,4.540409264045972,4.898949673592106,317001.12290016003,6.40055544518932
914200,4.540706416723941,4.8993060054209945,317025.52275022015,6.400859218606976
914300,4.541022936278235,4.899610387208885,317048.80276493425,6.401377779588061
914400,4.5413915561061025,4.900018296327909,317071.3748882712,6.401755532500873
914500,4.541743028413668,4.900294974607673,317091.80419070844,6.4022258075467695
914600,4.542081975356599,4.90060455617328,317112.8692978332,6.402568166100279
914700,4.5424291177003955,4.901063618827689,317134.39996120194,6.40286208285565
914800,4.542723695043143,4.901519240529687,317155.5137654509,6.403251088678253
914900,4.543029263438273,4.9019269324993875,317178.0888755405,6.403475400462518
915000,4.543366184736721,4.902210244100539,317201.2273568075,6.403767468406894
915100,4.543648974582476,4.902648008646677,317223.2306082662,6.404121818896915
915200,4.5439465384982265,4.90294225563906,317244.90349516,6.404485342043744
915300,4.544268474475315,4.903283002488345,317266.06243698247,6.404926269948198
915400,4.544628157484345,4.9035332295844,317289.024091618,6.405146364432072
915500,4.544913260636973,4.903823340912566,317313.2648156992,6.405488175381478
915600,4.545237357893538,4.904196067054401,317335.9539825528,6.405873524853369
915700,4.545578588321133,4.9045568945394935,317359.47157560615,6.4063831747225874
915800,4.5459164357653,4.904878391928023,317379.6294422405,6.406788234639189
915900,4.546260402826198,4.905327772244155,317403.37073112634,6.407030483872255
916000,4.546625861413712,4.905680598773359,317427.7704571871,6.4073166262370815
916100,4.5469358966620135,4.906139526894947,317449.9353140133,6.407802342389787
916200,4.547243896402295,4.906463054174172,317472.03130179667,6.4081073913886595
916300,4.547540789662203,4.906811638033613,317493.69639274623,6.4086234481456685
916400,4.5478403064972,4.907130276179701,317517.439924053,6.408950506697939
916500,4.548177768181441,4.907522709671392,317539.0493047946,6.409477028330498
916600,4.548510510689567,4.907894273002078,317559.50739382615,6.409888156895878
916700,4.548873797312154,4.908322343565318,317581.38052057545,6.410284833439004
916800,4.54922891147082,4.908729744404975,317605.69458499184,6.4107424078012105
916900,4.549597503800009,4.908994427825717,317627.7068641745,6.411013658898392
917000,4.5498711772186935,4.909383498859299,317652.5688818722,6.411539376227366
917100,4.550232150289525,4.909709501831523,317674.1761475329,6.411884393244615
917200,4.550519427778097,4.910128914673759,317698.88599194627,6.412293833848637
917300,4.5507975198392465,4.910554369516615,317721.0362989609,6.412613168598695
917400,4.551096874536051,4.9108982239691485,317743.6125877119,6.41288877818884
917500,4.551419641492965,4.911187629928919,317767.25049459416,6.413298491366567
917600,4.5517850291653135,4.911645753670939,317787.54549937625,6.413679016714768
917700,4.552137337562497,4.912019946534552,317810.681197284,6.41419180131763
917800,4.552456626077188,4.912293162121009,317831.79616956145,6.414683520163227
917900,4.5528045067227065,4.912605324389135,317856.41421363037,6.415173323552085
918000,4.553175402912582,4.912854753578477,317879.9680475883,6.415454128723358
918100,4.5535382193919895,4.913148108777864,317903.1470582124,6.415754796753033
918200,4.553836843743548,4.913477063280484,317924.9169091028,6.416221309105346
918300,4.554108239946362,4.91371112703337,317948.4047765706,6.4166588336186114
918400,4.554382560845591,4.914051749532101,317969.62044924125,6.417128155876717
918500,4.554705193513151,4.914487183799881,317991.67718661774,6.417408603107083
918600,4.555000070168972,4.914805389420886,318013.26176371484,6.417868936126098
918700,4.555355398023988,4.915157590939777,318037.1989532042,6.418284503683211
918800,4.555722340567197,4.915573096137478,318059.88382721035,6.418648271685599
918900,4.5560555338965685,4.9159898468526295,318081.01487971604,6.419159667636647
919000,4.556375329450482,4.916448412622523,318104.5106528446,6.419398656835535
919100,4.556645882311281,4.916709720714573,318124.69686554547,6.419777245460363
919200,4.55694488573449,4.917012756238593,318145.8518778562,6.420291555676492
919300,4.557238990655778,4.917302720885827,318169.0562038095,6.420555525709168
919400,4.55753084052619,4.917641082253931,318193.4180082557,6.420827104439926
919500,4.5578287115155875,4.917917246623882,318214.30642673053,6.421343481807767
919600,4.558102131326721,4.918340677108478,318234.43284471374,6.421778799564759
919700,4.558365739911271,4.918596149196414,318258.4491168974,6.422161493253765
919800,4.558711153365585,4.919039275016734,318278.3258882727,6.422561432311058
919900,4.559068919834923,4.919291370281959,318301.429260071,6.422898161278504
920000,4.559337056627294,4.919608173588059,318324.8677550229,6.4231550807385975
920100,4.559625092066766,4.919880987088026,318346.7577197633,6.42351687835614
920200,4.559887678432506,4.920215722726161,318370.36239643,6.423822367079754
920300,4.560202359585813,4.920496572229306,318390.5295589794,6.424248871636815
920400,4.560504214181043,4.9207414205608355,318410.66160867846,6.4245660663792306
920500,4.560798652850661,4.921009277982122,318433.92808466544,6.425045339291482
920600,4.561127607863986,4.921377842405065,318456.6671435163,6.425400149361747
920700,4.561501564202604,4.92162228306921,318480.54305088194,6.425731480634796
920800,4.561783541004136,4.9220263851345205,318503.2120739935,6.426255660943677
920900,4.562145452266594,4.922322071233276,318524.3757287342,6.426689257582514
921000,4.562429684810098,4.922750952367885,318548.3274074686,6.426996014200393
921100,4.562785105675319,4.923010976948393,318571.4254765545,6.4273279671568035
921200,4.563100644369158,4.923251191756474,318593.09338911803,6.427854012774103
921300,4.56347361259064,4.923514071402629,318617.65795652475,6.428184782895149
921400,4.563841531122405,4.923804217937716,318640.87162883,6.428692043838365
921500,4.564170240396321,4.924088555149427,318665.59721373295,6.429116692945456
921600,4.564507564891159,4.924537783099838,318685.5484890672,6.429629437293128
921700,4.564773073252659,4.924903355698046,318707.6229439121,6.4299592720277765
921800,4.565068358546562,4.925359962574203,318730.4648179082,6.430461904627642
921900,4.565339467525827,4.92563787933262,318754.4543474929,6.430845145182434
922000,4.565622982280725,4.9259431345032345,318774.73867664294,6.431219702789563
922100,4.565918946618862,4.926305696511379,318795.0359131961,6.431627114159662
922200,4.566290249294571,4.926641780814711,318816.89446951414,6.431867808921525
922300,4.566664971806009,4.926888343871522,318838.78563606495,6.432119579683845
922400,4.566941707209891,4.927211432777105,318862.96345011867,6.432569261328777
922500,4.567299497251724,4.927566717537917,318884.9299653291,6.433077236853723
922600,4.567639787252336,4.927859963419622,318907.1829609562,6.433353571386058
922700,4.567967880867687,4.928240376213745,318929.6280663607,6.4337530546034225
922800,4.568288057008818,4.928621156205977,318954.0297219782,6.4340437519021725
922900,4.568566166557595,4.92891651928957,318975.6311958234,6.43432252856501
923000,4.5688894218232665,4.929242333487714,318996.4614343796,6.434670606688442
923100,4.569158165433302,4.92953700457303,319020.9178876698,6.434970626095281
923200,4.5694336883031115,4.929921995276678,319044.2882974299,6.435264112987177
923300,4.5697995281774535,4.930153598845383,319066.2602387093,6.435517640575332
923400,4.5701455161958,4.930394253515328,319088.40552200086,6.436027955828928
923500,4.570421431463111,4.930807545906515,319112.25760881504,6.436358099409009
923600,4.570720849764947,4.931153351030207,319132.14674753725,6.436783797049337
923700,4.57106140724663,4.9313945902566525,319154.1094089159,6.437263685033592
923800,4.571372309394386,4.931777261413742,319174.41286589974,6.437573430537648
923900,4.571701678612747,4.932119185004937,319198.18472726544,6.437792789777285
924000,4.572026913264947,4.932554388279454,319220.34530653944,6.438175779999344
924100,4.572305201494598,4.932802700292601,319242.1677250459,6.438462858292893
924200,4.572612017094897,4.933081330625378,319266.2631798782,6.4387348367153665
924300,4.5728832305373475,4.933465962923846,319286.296514328,6.43905393044718
924400,4.573193908288534,4.9337376976741325,319307.81828627497,6.439287506237608
924500,4.573455451908942,4.934192352290623,319329.1158599542,6.439536199518725
924600,4.57373164387621,4.934453506220352,319350.1301094422,6.439824633752791
924700,4.574094990205697,4.934794780934798,319370.66563674563,6.440048475464222
924800,4.574397069965342,4.935234162413417,319390.8593934914,6.440309785290954
924900,4.574720669006406,4.9355698446602005,319415.36287775077,6.4407826868659885
925000,4.574980756734969,4.935891707237049,319436.01928235765,6.441166636161418
925100,4.575290994958883,4.9362128173683795,319456.11091391946,6.441547674019391
925200,4.575582039877168,4.936515653570277,319480.1243325885,6.4420663087317855
925300,4.575934264346964,4.9368108751587725,319503.77712115773,6.442509205133779
925400,4.576226245408932,4.937091074404814,319528.045306823,6.44296869328109
925500,4.576562798414667,4.937450506225616,319551.3040057842,6.443407610433544
925600,4.576908743251713,4.937870667771027,319575.2984628091,6.443904202447491
925700,4.577196349017717,4.938253561948599,319598.2101303479,6.4442801204491476
925800,4.577538980815667,4.938593238814834,319620.01035874785,6.444596820747669
925900,4.577810297401166,4.938899156261309,319643.54879229737,6.445113642927659
926000,4.57814099559508,4.939271321419304,319667.5436967515,6.445345532991658
926100,4.578400480216731,4.939574118887953,319691.0263935628,6.445787640713503
926200,4.578757528511192,4.939819094333988,319714.5236110491,6.446130325854577
926300,4.579072720516055,4.940070022031782,319735.1437728665,6.446437183527176
926400,4.579334904818789,4.9404553581280615,319756.0092738373,6.446941568431734
926500,4.579642829412826,4.940700315661193,319780.4877301796,6.44730543695139
926600,4.5799265503860775,4.940969783920957,319800.30830999056,6.44778451515768
926700,4.580267198515013,4.9413337676813045,319820.1011945107,6.448070927054425
926800,4.580628730142776,4.94164501610635,319841.3086767769,6.4485608126247085
926900,4.580975810551452,4.942006538948276,319864.4796976263,6.4490312745502125
927000,4.581281137588998,4.942400186939083,319884.9208867577,6.449486533106432
927100,4.581603145299615,4.9428460331589115,319908.99466826546,6.449756686031536
927200,4.581971317964465,4.943243640153877,319930.54409762577,6.45002608111048
927300,4.5822734689505165,4.943559366674264,319954.7211755094,6.4503393553819235
927400,4.582586980067255,4.943793663992556,319976.20887450426,6.450557372673223
927500,4.582891623540583,4.944239828748263,319996.8534097932,6.450902604941346
927600,4.583158426979083,4.944572904081495,320020.18575523037,6.4513177901083365
927700,4.583505885533751,4.944930232495387,320042.085341101,6.451770927041398
927800,4.583769692228475,4.945226159386522,320064.9738340072,6.452200964888937
927900,4.584121486547651,4.945461918109517,320086.8479569185,6.45243198344265
928000,4.584407525698554,4.945739148395847,320108.7539058209,6.452923178054373
928100,4.5847401187124515,4.945993496011947,320128.961442138,6.45325150473194
928200,4.585043055494232,4.946338916331032,320153.1737998184,6.453660861316013
928300,4.585327107167696,4.946711072212543,320176.1485668263,6.453964144223624
928400,4.585660090082124,4.9470874888692755,320200.3062572641,6.454391764397514
928500,4.5859281491791375,4.947418836676651,320220.78887081344,6.454805799488372
928600,4.586290700435978,4.947689026564163,320245.21567516227,6.455227209333858
928700,4.586641689911299,4.947970300893683,320265.13944893965,6.455634904935215
928800,4.5869902608779975,4.948338214460038,320288.40721161274,6.456112367915497
928900,4.587300685139862,4.948754593933857,320308.95321616146,6.456406574900003
929000,4.58756675934611,4.9490107179769645,320331.5209285885,6.456636302793727
929100,4.587909046493798,4.949320420391111,320355.3569436902,6.4568524662170885
929200,4.588260376402831,4.949578190473321,320375.6936334128,6.457270584512283
929300,4.5886165454258965,4.9499284973280036,320396.4852017056,6.457508576486808
929400,4.588889902968963,4.950357631190495,320416.97443951154,6.457802161684745
929500,4.589174510204486,4.950647223672866,320440.91449084034,6.458142180202478
929600,4.589522195595297,4.950937863148449,320465.1456257113,6.4585795676233335
929700,4.589891622702769,4.951253647545036,320488.9231946769,6.459029607607475
929800,4.590212022280095,4.95151650576741,320511.41490732797,6.459304404032884
929900,4.590502589385167,4.951881405996729,320531.4150275546,6.459610253947601
930000,4.590817026225657,4.952268161336117,320551.2151940189,6.4599891749008655
930100,4.591121961596657,4.95260465391786,320573.95622927486,6.460236370570984
930200,4.591431927409248,4.953036139706307,320595.74566319556,6.460714245491509
930300,4.5917100274485945,4.953402766329401,320615.7085564905,6.461002832631386
930400,4.591972653592891,4.953688741252477,320639.0268164692,6.461309467037231
930500,4.5922694287344665,4.9539965248689315,320660.98719645175,6.4618013831507195
930600,4.5925647180825555,4.954260720979154,320681.8067523392,6.462200493809378
930700,4.592876520901071,4.954521679617565,320701.9730174429,6.462623662505572
930800,4.593194387439843,4.954953018439142,320726.24197245366,6.4630437920159345
930900,4.593489052957433,4.955202798962973,320748.3848796401,6.463512635006764
931000,4.593799467833402,4.955494877188211,320769.13424413704,6.464001301153139
931100,4.59414070568063,4.955825012025583,320789.6051646036,6.464483562712416
931200,4.594510102653955,4.956209156829175,320813.4605210417,6.464705737595508
931300,4.594789894313109,4.956554178646891,320836.7730981616,6.464922485860781
931400,4.595077403216031,4.956818624539852,320860.87546473066,6.4652781185150205
931500,4.595369192675545,4.9572343299984105,320881.14763840457,6.465533623259703
931600,4.595677772667276,4.957601558853501,320905.5027546442,6.466001744090512
931700,4.595965355269786,4.957950286083408,320928.8802218973,6.466498116980449
931800,4.596328389347373,4.958381815317108,320951.72951480385,6.466815989231661
931900,4.596589529792237,4.958830626347837,320974.3794942873,6.46716036833407
932000,4.596919077819873,4.95921390311239,320994.5574229351,6.467435378707568
932100,4.597272384073792,4.959475057003199,321014.4185618643,6.467950160436955
932200,4.597627461330901,4.959713931445061,321036.24504145945,6.468210111391373
932300,4.597886041472245,4.960090459245385,321060.03448725597,6.468543086446554
932400,4.5981917012489655,4.9605251476632235,321083.3054843525,6.46904881578207
932500,4.598500280423753,4.960766639638479,321107.18041930033,6.469332775657215
932600,4.598830957116494,4.961159910842534,321129.07793944783,6.469852464323373
932700,4.599153902979299,4.961501886685961,321151.8619274281,6.470092105261041
932800,4.59943102307302,4.961856214131439,321171.73826146865,6.470329020985428
932900,4.599714007010232,4.962283247181788,321195.92805791006,6.47064005213941
933000,4.600050915983538,4.962566189480686,321218.1020325407,6.470965791514168
933100,4.600383554651864,4.962896085000585,321238.38898249285,6.4713463121409305
933200,4.60072296697109,4.963237619497776,321258.5034862552,6.471593620264128
933300,4.6010746465055705,4.963479894478657,321278.26977689477,6.471883916314378
933400,4.601354864658752,4.963779957036837,321302.23609672487,6.472287102305115
933500,4.601632518326971,4.9641851356393545,321323.752354635,6.4727864536441295
933600,4.601899549679385,4.964572178923047,321343.70338149485,6.473142065707872
933700,4.602254241301881,4.964806761759617,321363.2905028779,6.4735211654194815
933800,4.602513418081624,4.965072295028482,321384.8433202824,6.473860842038256
933900,4.602789426953241,4.965414121664444,321407.4311208518,6.474351769486864
934000,4.603117153529303,4.965680644641625,321429.0375422683,6.474800405334534
934100,4.603439494055405,4.966112945328569,321448.81533194793,6.475178608209814
934200,4.603777218793273,4.966532575033393,321471.19950355426,6.4754543065518275
934300,4.604045500688189,4.9667799784340625,321491.62029469974,6.47588181477675
934400,4.6044092767642395,4.967167169835705,321512.3031873114,6.476265278294265
934500,4.6047022698676106,4.967416736848327,321536.0811534325,6.476786177899017
934600,4.6049777756571,4.967651785376389,321557.0063586412,6.477253800845023
934700,4.605313913089772,4.967890547172982,321580.75055368495,6.477498908613697
934800,4.605630629589536,4.968157952638959,321603.99297603837,6.477815205498448
934900,4.605981779314297,4.968598423475672,321625.2767847747,6.47820844058464
935000,4.606303706065471,4.968879873949452,321645.73433828977,6.478476344780762
935100,4.606629323612007,4.969217853600372,321669.9812841673,6.478709648926252
935200,4.606925539478019,4.969653456348906,321693.86803647026,6.479128305402927
935300,4.607222911928616,4.969959123449973,321717.02594165225,6.4795427337188025
935400,4.607547921589027,4.97038292792887,321737.58285332116,6.479788041102717
935500,4.607906241843504,4.970790048950326,321760.85502460925,6.480053749565148
935600,4.608260975467928,4.971195099170596,321781.48493598116,6.480492184725106
935700,4.608586857601788,4.97155332082575,321804.81696334394,6.480937244603755
935800,4.608870898569492,4.971857515651647,321828.45631432865,6.481403299464394
935900,4.60918980332645,4.9722911508899355,321848.7227893247,6.4816799534842655
936000,4.609480386185721,4.97273934955048,321868.39385562233,6.482150030852916
936100,4.609739494799716,4.973071271541447,321889.99230106437,6.4824844822293235
936200,4.610025386969758,4.973302970171319,321913.7523668193,6.482911681521625
936300,4.610297541612111,4.973674529154568,321937.9009798315,6.483200006898907
936400,4.610583915507692,4.9740666066118715,321957.83182284393,6.483634201256637
936500,4.610847178257513,4.974399273708319,321977.856648254,6.483852725393662
936600,4.6111309678732395,4.9747775211455005,321999.08742327057,6.484252624133131
936700,4.611474140461432,4.975221212750528,322019.465262395,6.484582344226375
936800,4.611737190646971,4.975502582249241,322040.3340478981,6.484954674318476
936900,4.612097810012472,4.975876004922352,322062.2335461625,6.485414511745881
937000,4.612382777735399,4.9761365902077435,322086.0250600192,6.485726818650719
937100,4.612716692945021,4.97651084109251,322107.57611071377,6.485960728825806
937200,4.613056010338287,4.976792493283268,322128.5616849826,6.486445839959634
937300,4.613316931074321,4.977044688859157,322152.6538512479,6.4869305445295256
937400,4.613597868039413,4.97735193173197,322176.7657262184,6.487378622333087
937500,4.613912593839627,4.9777939909412074,322200.91849184164,6.487790822373221
937600,4.614277309687338,4.978126376366412,322223.733797542,6.488222643293363
937700,4.614541935328191,4.9785051543125585,322245.1104666756,6.488497803563985
937800,4.614805693758416,4.978871926084916,322267.26503112074,6.488989325437346
937900,4.615140170063037,4.9793058330889455,322287.06255774194,6.4893764753579575
938000,4.615404267448415,4.979718226654802,322307.3173080254,6.489821217435579
938100,4.615722457779822,4.979967347634194,322326.88185277896,6.490271634027536
938200,4.616000022627071,4.9802583473002136,322347.12735753343,6.490618170408512
938300,4.61634616669631,4.980694722035484,322367.8745749807,6.490883471203513
938400,4.6166130811882455,4.9809213545992135,322390.91821147356,6.491283019406485
938500,4.616962206563806,4.98117430936315,322414.7871908215,6.491740332048372
938600,4.617267485746999,4.981514170703165,322434.3012029383,6.49209381601277
938700,4.617569785881373,4.981926209185977,322454.9305440499,6.492552988677264
938800,4.6178718470098294,4.982196048637005,322478.70418552426,6.493010584775376
938900,4.618190989856223,4.982556814429366,322500.1728063693,6.493277279980584
939000,4.618551015342512,4.982851649725276,322521.9042213908,6.493661112441754
939100,4.618851604353007,4.9832794717886495,322544.3442932125,6.494163300599017
939200,4.619214440435271,4.983684683655217,322564.5801949795,6.4946481901900475
939300,4.6194765487281835,4.9839169285990526,322587.87509602396,6.495040530656503
939400,4.619760452374886,4.9842922103033525,322607.7961813477,6.4953364920605425
939500,4.620112375945211,4.984705667503316,322629.7142535165,6.495773859333796
939600,4.620470238608908,4.985057477945955,322652.8148127426,6.496288589007287
939700,4.620783741187807,4.985501808523107,322673.7939762271,6.496618525869675
939800,4.621060352270679,4.985826409465265,322695.2788840949,6.497052173758542
939900,4.62140217927049,4.986220066113848,322719.11143588455,6.497541605598179
940000,4.621726724582071,4.9865690869950186,322743.21449978073,6.497968702893123
940100,4.621997068205254,4.986847231781124,322765.22430263745,6.498224983094767
940200,4.622306597626819,4.98726417341373,322788.1530270576,6.498715323728782
940300,4.622625944099301,4.987590869310585,322811.4808250434,6.499155089986728
940400,4.622958905721478,4.988035505088773,322833.22368852125,6.4995197581881845
940500,4.623259630171868,4.988454435209163,322857.0848722743,6.499833888870956
940600,4.623621528689021,4.988701005023373,322876.5216631355,6.500105785255109
940700,4.623911177713488,4.988982825051916,322897.4796808834,6.500397693199381
940800,4.624232671728607,4.989324538357558,322920.05904972507,6.500661434043968
940900,4.624527759723242,4.989743562563916,322942.85983126884,6.501084536863941
941000,4.624881768229122,4.99016749831124,322964.5229163241,6.501517196006976
941100,4.625219921243646,4.990506997897583,322987.0522615372,6.501731175110959
941200,4.625578618867798,4.990780152451324,323010.8053032406,6.5021783338892885
941300,4.625903436431494,4.991046570492804,323030.837997019,6.502625397924983
941400,4.6262109277995815,4.991487888519007,323054.7617309938,6.502893679190555
941500,4.626488077250226,4.991804207932814,323076.5456129427,6.503251753594559
941600,4.626781131983623,4.992032931328544,323096.76397533505,6.503522649846743
941700,4.627035205293492,4.99230187124626,323118.622572436,6.503759580667137
941800,4.627338643380662,4.992696165015384,323139.97354227875,6.504107375057554
941900,4.627606945442426,4.993114409630534,323162.29471063,6.5043766152607425
942000,4.627868125604983,4.99349630381935,323183.0038754015,6.504645263919228
942100,4.628207426684944,4.993792103484555,323202.812111862,6.504956602910163
942200,4.628544035082205,4.99409121513886,323226.73608500545,6.505269993170823
942300,4.62890732689346,4.994510242299589,323249.07874276786,6.505536626846956
942400,4.629214513829297,4.994922141066297,323271.1046987089,6.505936068568277
942500,4.629546422368251,4.995277178046049,323294.64149023127,6.5062390285334875
942600,4.629852002508774,4.995625273210016,323317.2267419363,6.5065621313630215
942700,4.6302104131457735,4.99602540057036,323341.2452354122,6.50700407992963
942800,4.630483233448015,4.996342592861854,323362.2419104192,6.5074175386633595
942900,4.630798793418933,4.996668455291954,323384.51208315307,6.507883288717849
943000,4.631147558078322,4.997071494590307,323407.54919319326,6.508096880278035
943100,4.631450926103606,4.997402573608654,323426.9277278301,6.508346216958217
943200,4.631783912741103,4.997711551102217,323449.5228496536,6.508839088531241
943300,4.632038848781641,4.998153350153358,323469.30365691317,6.509084157778627
943400,4.63233058548849,4.9984507301769545,323492.5532955391,6.5093592950878465
943500,4.632641312226438,4.998867338575901,323516.2788802528,6.509621393958758
943600,4.632917690981843,4.9991446677388724,323537.26346303837,6.509921303527262
943700,4.633190775342129,4.999491228834417,323559.1407314376,6.510199385210949
943800,4.633541344006028,4.999785667806213,323580.9210899575,6.510664320277318
943900,4.633837116214919,5.000141652871714,323603.88712347054,6.511070318911319
944000,4.634091094614687,5.000570501202726,323627.3267186896,6.51155963397522
944100,4.634424297565252,5.0009556814172855,323648.7382679686,6.511811602832663
944200,4.634716406347656,5.0012998759599725,323672.04153769894,6.512124617059952
944300,4.635065522005556,5.001730676131422,323691.8658206854,6.512394533692476
944400,4.635399075619993,5.002055591871125,323714.66953545704,6.51266387816114
944500,4.635706051433036,5.002498696761113,323737.12252636283,6.512943030556793
944600,4.636033338904659,5.002773579653946,323758.96286226297,6.513188964235407
944700,4.6363014200014465,5.003131250695023,323779.09783179755,6.513595797705795
944800,4.636597148904347,5.0034057452664245,323800.92884398875,6.513820026409211
944900,4.636947214988764,5.003783106395217,323822.07306917943,6.514306730594167
945000,4.637302931026798,5.0041972317007595,323843.31071149744,6.514688647532678
945100,4.637587409021451,5.004583635316672,323863.923828944,6.514959301389938
945200,4.637892672917637,5.004983779541821,323884.5064180098,6.515195688317238
945300,4.638231090850339,5.0053710772859255,323907.27516984614,6.515453652535739
945400,4.6385781381575315,5.005650341692805,323928.10323663225,6.515931992820943
945500,4.638844301389389,5.005927603850299,323950.3920679589,6.516276435620573
945600,4.6391499526506665,5.006257953736843,323970.4279329802,6.516610163783463
945700,4.639448195207541,5.0064856655095555,323992.43741198815,6.5170831445178825
945800,4.639752704986897,5.006823936166042,324012.5285967874,6.517330910262693
945900,4.640051553142469,5.007071811198564,324034.30092332925,6.517743967919272
946000,4.640384465460744,5.007492228076262,324056.12869050715,6.518139875915073
946100,4.640706947690448,5.0077927593764,324075.358484216,6.518452168664567
946200,4.641022633462622,5.0081972079684975,324094.95320185076,6.518689275104781
946300,4.641373106717619,5.008500523859734,324117.1520947227,6.5190917141335305
946400,4.641719685267354,5.008775049269633,324137.31182322773,6.519520252603122
946500,4.64202448507779,5.0090834157117925,324156.5641104445,6.519848415444413
946600,4.642335020309875,5.009447252584749,324175.8903884191,6.520178327893212
946700,4.642695904212315,5.009885009325902,324196.89914537413,6.520428575182915
946800,4.643041402624147,5.010275888582381,324217.33512997534,6.5208093659564845
946900,4.6433102706929406,5.010524540439241,324239.8568834896,6.52104260595092
947000,4.643580755726671,5.010836670597006,324262.6357498059,6.521536479237435
947100,4.643936003467186,5.011218067714928,324283.70999244926,6.521850933244498
947200,4.644204065624203,5.011595354594169,324305.7999430585,6.5222462815536675
947300,4.644563163302735,5.0119715100435585,324328.92519600893,6.52269576658755
947400,4.644856128609339,5.012311273258192,324349.2615573475,6.522963712370764
947500,4.645133416675964,5.012599360955774,324370.8712706183,6.5233623399706175
947600,4.645427648858458,5.012878184294968,324390.644072508,6.523768692629108
947700,4.645774929810088,5.013241027286634,324411.24758543563,6.524211651693573
947800,4.646120269924409,5.013516952896393,324431.57073686406,6.5246006223255115
947900,4.64644290526703,5.013930125088039,324451.9838148963,6.525099639673291
948000,4.646773317892403,5.014348755859893,324471.9749163205,6.525561845574494
948100,4.647116660150094,5.01462528660418,324494.79602366826,6.5260269739938295
948200,4.647388876246957,5.014989238309821,324517.2155262449,6.526490465372633
948300,4.647663029340568,5.0153542085624,324536.70830382436,6.526952291689933
948400,4.647920376919507,5.015642103007258,324559.2165389586,6.527249740345123
948500,4.6482193908401115,5.016078415750538,324581.7043730536,6.5277337872459915
948600,4.648483146987637,5.016466171857731,324604.74117529765,6.5282102153500015
948700,4.648833279951661,5.016780180386055,324625.4123669784,6.528420554600966
948800,4.649178443964737,5.01709564646041,324648.59908155823,6.528858428159817
948900,4.649527492856532,5.017319003135802,324668.9256268264,6.529124586777317
949000,4.649824535763506,5.017713594448298,324692.65253630676,6.529515217559301
949100,4.650094455519095,5.01814584485376,324716.16171822045,6.52990730001766
949200,4.650347420138766,5.018371781897243,324735.2657666817,6.530380958270398
949300,4.650633573239799,5.018761532482347,324756.5843685682,6.530816078418351
949400,4.650885820058508,5.019098984450596,324779.61853577034,6.531051975685792
949500,4.651190844502655,5.019469474031395,324798.83596701676,6.5313737181614
949600,4.65146194518268,5.019817513251501,324818.68934322934,6.531614919265305
949700,4.651788311560854,5.020190634174955,324838.41840415535,6.532096458924684
949800,4.652076194399463,5.020486156125469,324860.16758965515,6.53236252742117
949900,4.6523374005223,5.020842197814508,324881.1110435084,6.532738003213357
950000,4.65266987742072,5.021165961375992,324901.64515784965,6.533173786020104
950100,4.652939446777495,5.021422619683674,324923.28788872424,6.533623447248485
950200,4.653257014292888,5.021819600092429,324946.75051791535,6.533933532753861
950300,4.653528509244964,5.02225924441429,324969.1244673459,6.534370647514048
950400,4.653868676868585,5.022657539087965,324989.8091441802,6.5346157000561504
950500,4.654181573553518,5.022959069121324,325008.953714729,6.534863243565949
950600,4.65450800808098,5.023217151506864,325029.3478663901,6.5353227202936095
950700,4.654797234278447,5.023557494476897,325049.9055804346,6.535720367020633
950800,4.655049634273528,5.023970088613563,325073.58337836346,6.5361698277061056
950900,4.6553874809720535,5.024401663732896,325094.8865573332,6.536475408214943
951000,4.655639376527663,5.024782008204403,325117.70220803213,6.536736274471068
951100,4.655925780966466,5.02504269124331,325141.4282715766,6.536947863183802
951200,4.656257204462341,5.02539421378703,325160.74631396413,6.537265732104123
951300,4.6565247410984645,5.025812014131287,325180.6529150597,6.537771769031411
951400,4.656776941634742,5.026206016599875,325202.9075461404,6.537991283368346
951500,4.657087364615592,5.026446309645361,325223.1495057787,6.538347806967228
951600,4.657367113729968,5.026775255332492,325246.6840072005,6.53881874385958
951700,4.657653251244255,5.027151645844645,325268.573853804,6.539267287732556
951800,4.6580073020791275,5.027438373157104,325288.1121771739,6.539701138879099
951900,4.658285774527753,5.027740747916385,325307.7832827613,6.540062360111212
952000,4.658627063649405,5.0280880827485355,325327.40185170947,6.540499789177647
952100,4.658929674306982,5.028399947780396,325349.0114216086,6.540859031521429
952200,4.659275704142491,5.028805732813899,325370.6481150343,6.541214977239961
952300,4.659576857351831,5.029230464356962,325393.2104655329,6.54159390907865
952400,4.659925123890828,5.029474343807931,325416.50613250025,6.541812159879614
952500,4.660207709268577,5.029697512383447,325437.0721450931,6.542159911749051
952600,4.660525268878674,5.030011098133883,325460.03380259604,6.5425730260783475
952700,4.660856765472907,5.030424483881758,325480.17304508074,6.54290863852704
952800,4.661204481219478,5.03069926264172,325500.15151966066,6.543352519789078
952900,4.661563134815419,5.031045212848616,325520.8160810516,6.543636143460711
953000,4.661895744991468,5.031362969961011,325540.458389955,6.5441399563531935
953100,4.662224346283726,5.031746378783218,325562.7958291248,6.544454879752706
953200,4.662514302618565,5.032169817408064,325585.1351156152,6.5447273945619795
953300,4.662764532220938,5.03240250908154,325606.68123866915,6.545129547276186
953400,4.663076763728922,5.0327602838255405,325627.49769650487,6.545594857069122
953500,4.663412151183603,5.033122077747741,325651.08243244543,6.546044171634899
953600,4.663706587905293,5.033497738508676,325671.2928621569,6.546326509371084
953700,4.6640390918133265,5.033811516299766,325694.9620934485,6.546657023955491
953800,4.664371562910479,5.034185733241118,325714.51213354047,6.547087060456986
953900,4.664692806984968,5.034618160963245,325734.2255507476,6.547394826819781
954000,4.664973682078838,5.034965824299349,325754.0918612069,6.547771138582957
954100,4.665231705470209,5.035307303960895,325776.4418095542,6.548224513833347
954200,4.665490654916848,5.0355432347683475,325799.44179710955,6.548694496772272
954300,4.6658223879335585,5.035789186220507,325821.544756677,6.549034111003199
954400,4.666153839743596,5.036092123286794,325841.12589896994,6.549488318514131
954500,4.666428463844717,5.036515331334,325863.0020603433,6.549794018685348
954600,4.666714399013001,5.0368230206936335,325882.0411557011,6.550162982555097
954700,4.66702268136002,5.037086624331096,325902.8609257976,6.550537387351402
954800,4.667370864677021,5.037500227677378,325925.9666748695,6.550895005918313
954900,4.667623286134064,5.037847867443981,325949.52691953396,6.551305892580593
955000,4.667908852486458,5.038219978617046,325969.71319353406,6.551598489235987
955100,4.668188652425839,5.038633709359429,325991.04978916293,6.551910988508677
955200,4.668525116229055,5.039034334551112,326013.5885607026,6.552306530908741
955300,4.668846525555076,5.039318337533601,326037.19906548416,6.55266583335345
955400,4.669134532325928,5.039579505205673,326056.6303712636,6.55305723362721
955500,4.669383147640317,5.03995393037322,326079.69909975765,6.55335453129019
955600,4.669691512439917,5.04027939271149,326098.84154879785,6.553611713868312
955700,4.670034321866216,5.0405116281064,326122.0026231798,6.55410229426107
955800,4.670375165136353,5.040861930362731,326141.91732295905,6.554474628565611
955900,4.670641982142551,5.041282313805578,326162.50680536334,6.554893774321709
956000,4.670921317275915,5.041610790196413,326182.0103080065,6.555308451161508
956100,4.6712658004838525,5.042029503883548,326205.3687370898,6.555682955705173
956200,4.671529071769151,5.042410836998488,326226.3134437801,6.556021306391613
956300,4.671798817121008,5.042756215932872,326247.65038045985,6.556259547093217
956400,4.672052994481103,5.0430405091767305,326271.0341696724,6.5566058709752735
956500,4.672317619929849,5.043404432423935,326290.0372004496,6.556953678026172
956600,4.67262062176819,5.043628130785907,326312.4707808671,6.557381228244396
956700,4.672944389691082,5.043920417114856,326332.9454740735,6.557842750386621
956800,4.673277084792899,5.044142594258444,326355.72919499635,6.558235111759395
956900,4.673567504438438,5.04457288705455,326379.20712124766,6.558647045497389
957000,4.673860293963339,5.044825777650794,326401.6011894191,6.5591203208669935
957100,4.674216415437364,5.04511004765596,326424.24274490966,6.559338126948539
957200,4.674561609307286,5.045391183394019,326446.64409135276,6.5597175981421545
957300,4.6748193235299205,5.045706380305992,326465.8910168983,6.560160689618962
957400,4.675089161424594,5.046128293543631,326485.1200458819,6.560570500166951
957500,4.675373868836854,5.046521243147893,326506.0877857736,6.560817495218588
957600,4.675721693390018,5.0469077327261305,326526.6965283009,6.5611010525358635
957700,4.676023367700744,5.047294665369569,326546.21606515715,6.561470576089956
957800,4.67631138144494,5.047541908807137,326567.64131771075,6.561874004529053
957900,4.676656007682012,5.047966146036967,326589.68183233886,6.5622680229261485
958000,4.676972846738702,5.048359537989737,326609.0474274568,6.5626129745904995
958100,4.677248943143151,5.048673125282864,326628.34661352186,6.563098026508788
958200,4.677510620066107,5.049025628113569,326651.03094598174,6.563552005286138
958300,4.6777876053503205,5.049401037508064,326670.0295397732,6.563977859730653
958400,4.678101745263266,5.04966656079416,326692.4144251256,6.564374680999647
958500,4.678355976880189,5.0499502350814325,326713.0209139873,6.564866871949694
958600,4.678669297050431,5.050284465266142,326734.1764967655,6.565174300036607
958700,4.678980658535466,5.050559932108787,326757.5794663069,6.565579195470255
958800,4.6792784389990025,5.0508913911307145,326780.6243026707,6.565823575572693
958900,4.679578568619962,5.051309256313765,326803.44729869335,6.566140049565822
959000,4.679881274911857,5.051693958726565,326823.38772160833,6.5666203445981415
959100,4.680156349603374,5.05210439704903,326845.0088608947,6.567019497125353
959200,4.680482366418619,5.0523604359912335,326866.89367760817,6.567447956666812
959300,4.680753450058455,5.052739264322138,326886.8128266994,6.567887509654955
959400,4.681073986498011,5.053114474780765,326906.8958965235,6.5682604422251645
959500,4.681421428539031,5.053364685926752,326930.22929035174,6.568689553095918
959600,4.6817063948681925,5.053740036738165,326953.6493729531,6.5690198024665865
959700,4.68197770171994,5.054133623688885,326975.27860627574,6.569349260669186
959800,4.6822256662472475,5.054352742433668,326996.7041110421,6.569705435199765
959900,4.682553635495888,5.054593138997688,327015.75343919994,6.569997724066248
960000,4.6828990283905485,5.054841005030817,327038.23958522786,6.570303376558707
960100,4.683236224630038,5.055270342088006,327059.4997077607,6.570615966204042
960200,4.683590227886833,5.055636695980746,327080.28989039635,6.570824181500947
960300,4.683929566952707,5.055979171803018,327099.22289282863,6.571099330626321
960400,4.6842450630530035,5.056203353806046,327122.3046169091,6.571536393429225
960500,4.6845494419003435,5.056623609179711,327142.6399457042,6.571849150760891
960600,4.6848552841427535,5.057019485412265,327163.8330054836,6.572241890400513
960700,4.685109658709056,5.057423822087995,327182.69092991063,6.572703076782928
960800,4.68538955230911,5.057822378057708,327203.04136904655,6.573017313527908
960900,4.68572759799683,5.0581392506087965,327224.54464825924,6.573371110890629
961000,4.686034803698487,5.058564454907901,327244.19874843163,6.573818743465431
961100,4.686338315927067,5.058955838426805,327263.16692401347,6.574213186253334
961200,4.686670107582768,5.059308091837759,327285.6820000982,6.57469539885575
961300,4.6870166739995565,5.059541438051465,327308.37180878443,6.574953646718244
961400,4.687358158187869,5.059792634332707,327330.68535111716,6.575257297302118
961500,4.687633738315499,5.060124427157,327353.1604272307,6.575702646353154
961600,4.6879772163636275,5.060493222035951,327375.5059506129,6.576034262809228
961700,4.6882334939717145,5.060779679741252,327394.73729978915,6.576375020106302
961800,4.688574325573262,5.061137816327858,327417.08374955365,6.576667933079637
961900,4.6888442091427525,5.0613805642744865,327436.58763303346,6.576904464125679
962000,4.689096730863768,5.061622545992197,327455.8013936655,6.577380238161287
962100,4.689361179787422,5.061854768596863,327477.9186760436,6.577761528757179
962200,4.68963518298111,5.062154723853251,327496.80013924465,6.578116462320316
962300,4.689962534147891,5.062413543965125,327516.3260328376,6.5784042798671365
962400,4.690294582602899,5.062783935360383,327536.16002757236,6.578865929636787
962500,4.690586596725543,5.063098681207591,327557.58621436136,6.579329545462892
962600,4.690890613541195,5.063435672737024,327579.7082816551,6.579667216424293
962700,4.691224932775937,5.063823000112627,327602.5332697178,6.580147077930967
962800,4.69154708934428,5.064049277617507,327622.7938716534,6.580446697393941
962900,4.691871733579825,5.064302056029964,327644.2073971316,6.5808509660601455
963000,4.692137507610788,5.064665667954446,327665.5386267837,6.581271479224469
963100,4.692430899270244,5.065066433030924,327688.29699450487,6.581674413903446
963200,4.692680044266587,5.065400995994039,327707.4200160925,6.582115686400371
963300,4.693001860626779,5.0657127797467725,327727.07835628686,6.5823675757664555
963400,4.693296438408375,5.066110656393061,327748.314928124,6.582741099204068
963500,4.693588665377252,5.06641228946872,327767.06968624354,6.583075438512874
963600,4.693881073387213,5.066726659194962,327785.8626782249,6.583324659040307
963700,4.694131887272378,5.067033087867233,327808.61962145765,6.583813921047798
963800,4.694413828419498,5.067289303809824,327831.70578053925,6.584235209707624
963900,4.694766582282951,5.067658927834787,327852.18587481795,6.584596780758348
964000,4.6950497656876315,5.068053268543316,327871.6273409243,6.584872313092743
964100,4.695347341855986,5.068417791907721,327892.7867460983,6.585237948008358
964200,4.6956915695165975,5.068832978387197,327911.9520493177,6.585558080193997
964300,4.696004826754228,5.069162286264465,327932.9657312237,6.5859262205351845
964400,4.696293798198037,5.069402304735332,327952.3965064377,6.58628188807375
964500,4.696568439510861,5.06962959298611,327975.32616891933,6.586660375390847
964600,4.696909520974237,5.070002230218496,327996.7161531639,6.586927032119901
964700,4.6971915536987146,5.070254687799527,328019.9728634607,6.587152566072671
964800,4.697503405552703,5.070548575593913,328040.74023654097,6.587438570933286
964900,4.697762078097158,5.0709508373477306,328062.69609639625,6.587760371141153
965000,4.698109373795961,5.071188971360874,328081.84692361765,6.588005148610593
965100,4.698402852768163,5.071576656119615,328104.25645915343,6.588494848860037
965200,4.698650877691108,5.071874297548136,328123.7770002897,6.5888128379621795
965300,4.698992622015302,5.072256255648962,328144.2896959229,6.589226888216259
965400,4.699310220288675,5.07268253272664,328163.8977587437,6.5895939470270015
965500,4.699557508905655,5.0730220236382335,328186.02737481485,6.590050427907867
965600,4.699887071080676,5.073387452371804,328205.2160900003,6.5904082548775555
965700,4.700137935150077,5.073744535965756,328224.08187300194,6.590688851882893
965800,4.700393621341035,5.0740834577560054,328244.1014002718,6.590978564240015
965900,4.7007343859679365,5.074328489571313,328267.2296487065,6.591360633976939
966000,4.701033554529748,5.074648363686825,328288.6010533546,6.591759863229537
966100,4.701301753943012,5.074927906715365,328307.46008989826,6.5922276832937765
966200,4.70164038374556,5.0753389595988345,328328.31791596714,6.592466577382386
966300,4.701905280687594,5.075594350632345,328347.6667876741,6.59285540701326
966400,4.702174219199371,5.075962672018633,328369.0469793563,6.593152459313331
966500,4.702439126600132,5.07632479780746,328388.26164846914,6.593408533626068
966600,4.702754402735068,5.076691688897416,328408.93219864677,6.593885490175022
966700,4.703031390921167,5.077003545858207,328427.83678470686,6.594256686024144
966800,4.703347999809664,5.077225863869026,328447.8340550648,6.5946619999260445
966900,4.703684148226267,5.077625143733919,328469.0212559071,6.594932845836318
967000,4.703952310603437,5.077963450056524,328488.64479109383,6.595296494237273
967100,4.704297912268897,5.0782990787687705,328509.7070563253,6.595661661654739
967200,4.70455060281394,5.078622135196026,328529.2479681007,6.595902447852901
967300,4.704863842092371,5.078928552574264,328552.44701689045,6.596305662055108
967400,4.705190926510671,5.079217588801806,328571.09031736193,6.596695833432776
967500,4.705478168883725,5.079624702264098,328593.8583675707,6.597115070203324
967600,4.705783882882273,5.080000359054056,328614.0378651774,6.59753566580984
967700,4.7060518135752645,5.080320383573246,328634.30783844035,6.597879413035404
967800,4.706325284886413,5.080702460819103,328653.14601715293,6.598122124012658
967900,4.7066217513225,5.081001061251606,328676.0325482998,6.5985964076995405
968000,4.706947427846058,5.081422730428511,328696.5652904618,6.599089184828049
968100,4.707248650437186,5.081673520322467,328718.1176606169,6.599502515995795
968200,4.707521240321544,5.081983642328432,328741.1774162825,6.599813250868238
968300,4.707769502584302,5.082279277751471,328764.2679892142,6.600294049033123
968400,4.7080417823104375,5.082643446019482,328786.4658615482,6.600643391241237
968500,4.708314654620144,5.082911580828936,328809.2642510872,6.600914612190152
968600,4.708639754418234,5.083280586204518,328831.2180069782,6.601156201539182
968700,4.7089856682772115,5.083516632598726,328850.4988900545,6.601431771521146
968800,4.709319138309329,5.083911968274332,328873.1902991014,6.6019064726658785
968900,4.70957347523551,5.084178001117267,328894.52656446816,6.602330479202246
969000,4.709831603858663,5.0845356118903355,328913.4792478419,6.60268851797219
969100,4.710153232038765,5.084753533661897,328936.1425774286,6.602983110076894
969200,4.71041928458756,5.08506355167838,328955.13877297676,6.603267548556813
969300,4.710718193776305,5.085365739029521,328975.32675037434,6.60350646377623
969400,4.711046754470482,5.085776029161168,328994.177394477,6.603765287892489
969500,4.711372014485893,5.0861509904950655,329014.7571803148,6.604016432459784
969600,4.711706767727656,5.086408509957364,329033.38699671853,6.604317088296698
969700,4.712025689259526,5.086765452792121,329054.8470483047,6.60476084551261
969800,4.712336012704052,5.087127620129676,329077.7617136961,6.605242379448543
969900,4.712634699244787,5.087487790346775,329097.5230809252,6.6055842265354645
970000,4.712981821922221,5.087734110124232,329119.70045786974,6.605969753818316
970100,4.713329254314448,5.0880548971173605,329139.9085433099,6.606202570362261
970200,4.713620545568697,5.088461561139963,329162.2583118369,6.606587151224392
970300,4.7139009320008824,5.088859322538719,329180.94681552565,6.606899740971619
970400,4.714213435771563,5.089267949306595,329199.5673076445,6.607327676928407
970500,4.714500191626118,5.089667229685532,329221.67525140016,6.607657141076575
970600,4.714820305679731,5.089910820064856,329243.34548974875,6.608142649720877
970700,4.715073110187183,5.090133028474148,329263.8032484938,6.608434663375847
970800,4.715338326531642,5.090389554137054,329286.8437141668,6.608648292873462
970900,4.715650727930612,5.090725346590339,329308.3824592946,6.609067004407444
971000,4.7159246695491275,5.091030475987499,329329.0905340759,6.609273061906817
971100,4.716235107104871,5.0912598155115045,329348.70760589174,6.609575746057486
971200,4.71649463425972,5.091609198387527,329369.285259169,6.6098758515675975
971300,4.716785831921137,5.092010425854321,329389.32949804707,6.610140972464406
971400,4.717062065177602,5.0923630024512905,329409.97647858073,6.610487523244564
971500,4.717369769841021,5.092709304850748,329430.5478486029,6.610929265228062
971600,4.717688184268485,5.092952443306303,329452.49760697037,6.61113612410173
971700,4.717998760661702,5.09330273950713,329472.3504854016,6.611611061186278
971800,4.718314941334474,5.093637833690066,329494.2180488972,6.61181787450143
971900,4.718564615631918,5.0939779501525075,329515.7347972197,6.612215157800633
972000,4.7188701080666595,5.094288284279083,329535.65468928945,6.612548377696317
972100,4.719123854537425,5.094560422033759,329555.4404551174,6.612995146801466
972200,4.719385044508671,5.094781645693552,329574.0672794909,6.613477149264808
972300,4.7196355323114325,5.095187515641678,329594.24339418166,6.613963495974663
972400,4.719940775040209,5.095606883169349,329614.64313231147,6.614329613768035
972500,4.720264739027048,5.096025953426069,329635.96057261486,6.614599424257244
972600,4.720523907169902,5.096246546900714,329656.02271201805,6.61491848904676
972700,4.720862626051637,5.096532912607832,329676.82157410134,6.615229298865492
972800,4.72117203872484,5.096896831486032,329695.86048074224,6.615540778151453
972900,4.721425847314544,5.097127962624557,329716.0431749182,6.615766711627348
973000,4.721736682771267,5.097450314485478,329738.1532367142,6.616118217505378
973100,4.722058106553395,5.0978741287224425,329757.1159961486,6.616438816340306
973200,4.722327070359999,5.098284827481957,329777.8988493604,6.616919320360962
973300,4.722666187268953,5.098602630498132,329797.814026663,6.617357034470486
973400,4.722923508307836,5.099002677409056,329820.278050381,6.6175602288163295
973500,4.723243432599519,5.099270922411516,329842.1059821269,6.617857344889058
973600,4.723509081816114,5.099487008277912,329861.70524417463,6.6180924993116035
973700,4.723835398150394,5.0998919533437395,329881.00992722664,6.618502920059154
973800,4.724148957265082,5.100178411927885,329902.3958693522,6.618981978503607
973900,4.7244356528416995,5.1005609234611695,329921.73210322636,6.619216721272964
974000,4.724736526291264,5.100942066984063,329941.26075579884,6.6195125888963355
974100,4.725015743450136,5.101235473919144,329961.5746723208,6.619823379920103
974200,4.725261196052956,5.101594684778881,329980.16291775927,6.6201629374109014
974300,4.725509771313156,5.101981611987587,329999.01177343295,6.620419804951314
974400,4.725767761650304,5.102317975922056,330019.39424839924,6.620876941665469
974500,4.726049118818138,5.102572614521088,330038.7614261246,6.621256253537356
974600,4.726305563408671,5.1028706160673165,330059.10474368423,6.621649289055553
974700,4.726590338701005,5.1032344299132655,330078.9552807506,6.622028320539634
974800,4.72690820630578,5.103517590238406,330099.95936586196,6.622335586312824
974900,4.727234479239882,5.10374053575312,330120.69504792005,6.622624514778995
975000,4.7275760760324665,5.104067916767597,330141.2074806051,6.623092282314226
975100,4.727914016631343,5.1043380948894015,330159.9280691502,6.623449695495706
975200,4.7281761255099,5.104711654141743,330179.6691762314,6.6237453496725704
975300,4.72848138332827,5.105031163767533,330202.0959987182,6.624031207459754
975400,4.728806501228517,5.105398084075339,330222.3282913564,6.624313950982878
975500,4.729106043597498,5.105801190256307,330243.20049594244,6.624538885820006
975600,4.729364703092036,5.106140161898458,330264.34395217954,6.624885827487421
975700,4.7296693737071,5.106374426625841,330286.00611594407,6.625315334752987
975800,4.729945896360999,5.106770231077961,330306.4630606627,6.625535978616845
975900,4.730212886968931,5.107175515822222,330325.6453247626,6.625980903592256
976000,4.730525862816353,5.107563684143474,330344.47496357426,6.626247273818609
976100,4.730854483713492,5.107888788943641,330366.3893433204,6.62668938911976
976200,4.731192930333371,5.108310999690338,330384.76250591443,6.627110939864571
976300,4.7314529012492015,5.10859594227434,330404.31799331174,6.627557123003397
976400,4.731763301512236,5.108930021838045,330427.053925113,6.627917073791715
976500,4.732016978254201,5.109239056828842,330445.8166175132,6.628313524017478
976600,4.7323540384591265,5.10957647295202,330468.07397370756,6.628739904138518
976700,4.732650868691792,5.109815325288482,330487.78603391687,6.629040664000288
976800,4.7329501296793355,5.110210309406057,330510.4341493196,6.629388109668967
976900,4.7332763009976215,5.110613317700554,330533.0765015291,6.629708226348187
977000,4.733525948271316,5.111029550894872,330551.98338833085,6.629981783315132
977100,4.733852872223166,5.111422393902767,330574.7026602456,6.630438197872828
977200,4.734173666918272,5.111738549409924,330594.38956462644,6.630659657429813
977300,4.7344272585169005,5.11210068052777,330613.29138012143,6.631076273559796
977400,4.734695205564764,5.112508946358353,330636.1298708336,6.63140200891242
977500,4.734964810313361,5.112798061594061,330656.9463987181,6.631640733450222
977600,4.7352746040634965,5.113137120672643,330679.56034462724,6.631942505099561
977700,4.735613244248203,5.1134236431251505,330699.3788150289,6.632170378344553
977800,4.73590436740958,5.11381772796259,330718.3749522159,6.632623634205764
977900,4.736241103373474,5.11415875860177,330738.84345225786,6.632938717421431
978000,4.736554460252228,5.114529458285318,330758.38501913997,6.633394862244249
978100,4.736857335241887,5.1147735957122515,330779.2493140967,6.633841998236663
978200,4.737160869358375,5.115169045496871,330800.8863883386,6.63409200424806
978300,4.737406998368961,5.115420191974154,330821.03817452316,6.6342999622305525
978400,4.737656906571633,5.115641265056603,330840.2342299984,6.634678094253152
978500,4.737977459305926,5.115967167602816,330861.98333159374,6.635122144366419
978600,4.738304460109991,5.116282784565061,330882.7071584343,6.6356083547159255
978700,4.738599366075449,5.116574543113053,330901.9394752637,6.63597967061266
978800,4.738895584985189,5.116811989600497,330923.00065442524,6.636419837159535
978900,4.739202427881218,5.117126623536927,330944.67314621207,6.6366622035545255
979000,4.739454893210946,5.1175371874066995,330963.31261670456,6.6369571645393055
979100,4.739719673403196,5.117860931037854,330984.09366251365,6.637297733555976
979200,4.740055781983502,5.118229391975861,331005.9493949196,6.637739715940389
979300,4.740345747948291,5.118475853728513,331024.6929727395,6.637995550829017
979400,4.740639462685522,5.118699831476189,331045.6834687152,6.6382709103663196
979500,4.740908362811394,5.119020199816911,331066.1740384811,6.638717742262882
979600,4.741156755912836,5.119383548570952,331087.6525575785,6.63894776317893
979700,4.741444991768299,5.119694425630584,331109.95849070855,6.63929875659289
979800,4.741687450479075,5.120062244639776,331132.02636709035,6.639773021632672
979900,4.742001772897451,5.120472818522653,331152.31406741875,6.640182361955765
980000,4.742321118936579,5.12075736371913,331173.8424391665,6.640510101321687
980100,4.74266613972662,5.1209862566287745,331194.305984378,6.6409391969473965
980200,4.7429114492678455,5.121324342514857,331214.9850681325,6.641393594528833
980300,4.743206216265482,5.121584618324242,331233.6896244892,6.641866792124597
980400,4.743452273176882,5.121825188455327,331255.99220910325,6.6421576815903505
980500,4.7437566352143445,5.122214970189856,331278.1286657835,6.642447927166308
980600,4.74409675729471,5.122455565598155,331297.63107405754,6.642829900030551
980700,4.744383548651301,5.122694557631932,331319.9053416171,6.643119633910258
980800,4.744682173329272,5.122923286616758,331338.3167312383,6.643393807516323
980900,4.744996979145807,5.123316876245174,331358.6670701025,6.64365499135205
981000,4.745260366414921,5.123652221509084,331379.37668658467,6.643958253942253
981100,4.745557663529486,5.123911118548809,331401.081771563,6.644266865732516
981200,4.745859367977926,5.124297662162861,331422.2454725264,6.644552064334862
981300,4.746195092316535,5.124547062491764,331443.2414468462,6.644783951623618
981400,4.746519339127307,5.124902168602197,331465.65259454644,6.645167463574624
981500,4.746829865132481,5.125237430372629,331485.99888554873,6.6454453220221925
981600,4.747072536147104,5.125560301649818,331505.26863272814,6.645914607584519
981700,4.747385043125243,5.125779874624801,331527.92853296455,6.646280952017438
981800,4.747694393719703,5.126033344145561,331548.3586433536,6.64675649720922
981900,4.748024526301328,5.126301651629925,331568.33375469624,6.647070487216622
982000,4.74826619672743,5.126647695349297,331590.12171628734,6.64727990664953
982100,4.748593847714377,5.126958896917986,331609.7005855765,6.647674316511589
982200,4.748850779146563,5.127374611880819,331628.3877068578,6.648010243734066
982300,4.749112167759336,5.127674026740141,331651.02626378834,6.648457780380483
982400,4.749415282646752,5.127929538060177,331670.2473340281,6.648877204971691
982500,4.749759141725212,5.12814946980028,331690.57345052325,6.649190592582845
982600,4.750016479424341,5.128413506879528,331709.0839576744,6.649574029452343
982700,4.750268208492815,5.128809652204123,331729.33926885127,6.649820967272433
982800,4.75057575561356,5.129096007032406,331749.8805709553,6.650273248596985
982900,4.750834520768001,5.129510238445137,331770.7797939068,6.650685029296458
983000,4.75107764021156,5.129851830651453,331789.28251583537,6.65115321791415
983100,4.751361075310764,5.1302610686234225,331809.70215794124,6.651624367982824
983200,4.751674103911392,5.130539417057507,331827.96489977307,6.65201479720708
983300,4.752016041395017,5.130869807728704,331849.4174678089,6.652477954507374
983400,4.752278231382106,5.1312059712248645,331868.3716121623,6.652710871040791
983500,4.75259781354892,5.131467988901543,331890.537190949,6.653160480723268
983600,4.752924219033239,5.131788333556841,331911.67598599766,6.653362653473297
983700,4.75326213173213,5.132194712512258,331929.9544175425,6.653805040612305
983800,4.7535609202292575,5.132504051865387,331951.5580946559,6.654140685030865
983900,4.753870279556334,5.132858277942654,331972.34395613347,6.6543894043367935
984000,4.754138674072644,5.1332677190678595,331994.5246358876,6.654874101591501
984100,4.7544140136914095,5.133500928842229,332015.55479302857,6.655194741515099
984200,4.7546731929631285,5.1338466860377086,332035.856984656,6.655546070041721
984300,4.754924966055757,5.134260818710814,332057.3652764465,6.655802443607915
984400,4.75516539901185,5.134648612593948,332079.42754697485,6.6561380795267535
984500,4.755406105361257,5.135013234895215,332097.7528014864,6.656346535514744
984600,4.755721010352425,5.135369806690342,332118.8775309223,6.656664846163316
984700,4.75596243804491,5.135650630090517,332140.3565605834,6.657124018042823
984800,4.756251968566736,5.135911778081752,332158.9234369775,6.65750488986617
984900,4.756496718128096,5.136276085301381,332179.5687167154,6.657949646836686
985000,4.756834555030883,5.136542286816297,332199.6736628851,6.6581520636856295
985100,4.7571410632644495,5.13694953984279,332218.5961126105,6.658439773000732
985200,4.757472093818162,5.137247570171425,332239.5775521721,6.658663975320261
985300,4.757731890971266,5.137505231989793,332260.88423679903,6.658941206502468
985400,4.758019913713123,5.137743244347681,332280.90273254964,6.659319604653267
985500,4.758330581549343,5.138053012277963,332301.8558568305,6.65963664849634
985600,4.758653027386006,5.13839029406117,332322.85819210287,6.660070921376483
985700,4.758970457948748,5.138647048632276,332344.3488246564,6.660432210521253
985800,4.75926785934914,5.1389795431509935,332366.13870677206,6.6607690362925664
985900,4.759571160666045,5.13935893889354,332386.04898163036,6.661213237124674
986000,4.759864453780592,5.139689725959811,332404.51701992797,6.661513546461436
986100,4.760174894860775,5.1400456536102865,332423.13172891346,6.661926247001394
986200,4.760513210605903,5.140421870267358,332441.8200357637,6.662151611199189
986300,4.7608420208658355,5.140681713615099,332461.29615657945,6.662546812274291
986400,4.761165510513876,5.1409854282635665,332482.9133937653,6.662895316467598
986500,4.761460849178118,5.14137058403733,332504.9908985629,6.663274394476138
986600,4.761797369294767,5.141781222463807,332526.666677724,6.6635460378934575
986700,4.762076783933293,5.142078428264448,332548.97166220174,6.66388235409964
986800,4.762415630615515,5.1424378614144794,332569.27592691773,6.6641361129239
986900,4.762703487517617,5.142728885206156,332588.10525939957,6.664605037114736
987000,4.762999669035349,5.143125791800917,332610.3052582018,6.664988713088873
987100,4.763318665340389,5.143508987467574,332630.6604801804,6.66519505007463
987200,4.76356562957766,5.143731586497239,332649.2353004852,6.6656493319960886
987300,4.763907144284269,5.1441203280898025,332670.85376295145,6.665900994471054
987400,4.764236926479519,5.144482369268628,332692.18464835937,6.666202129107613
987500,4.764478743078711,5.144717440954116,332710.49239821784,6.66650505254336
987600,4.764795641868594,5.144974613305138,332729.24505744636,6.666769670889924
987700,4.765037317564782,5.145308195064964,332747.58003299375,6.667068744195426
987800,4.7652751713122745,5.145613310963811,332769.1630277178,6.667373253297814
987900,4.765568568008012,5.1460125694372305,332788.7945227312,6.66776880569277
988000,4.765806323201379,5.146404557598554,332809.2274799894,6.66803373657053
988100,4.766117300764516,5.146669425376864,332828.2815170506,6.668427406074572
988200,4.766369646118363,5.147043337235344,332850.22027510183,6.668638903276612
988300,4.766690414882915,5.147385599266266,332869.3982747766,6.668954978761481
988400,4.7669593329846665,5.147785194084391,332891.00975939323,6.669433839051202
988500,4.767268758315813,5.1480664337460516,332911.15400848107,6.6697161747231135
988600,4.767576056977226,5.148447474290877,332930.22149546375,6.670192419598739
988700,4.767890808699359,5.148846023102172,332949.55449667334,6.670484989643986
988800,4.768166807893017,5.149213781349614,332971.2639543117,6.670743988362358
988900,4.768464476989723,5.1494859255468235,332993.2429141721,6.67121653692887
989000,4.7687214141901215,5.149787810986672,333013.185599814,6.67156003975192
989100,4.769000557754162,5.1500271266866156,333033.68153288093,6.671927851785864
989200,4.769298764779474,5.150287293975877,333054.5584175011,6.672130145670644
989300,4.76957745979488,5.150572918441453,333076.17660029134,6.672597074384037
989400,4.769856030017963,5.15084317548216,333096.92647329404,6.672992746807104
989500,4.770147227489954,5.151214266140474,333115.7328006043,6.673297502663721
989600,4.7704852359992005,5.151426905103951,333137.6192057443,6.673745028365308
989700,4.770765758748841,5.151682840670022,333158.9659409801,6.673975192259276
989800,4.77101917136456,5.151977393627494,333180.4151523468,6.674180504863594
989900,4.771264255311436,5.152219177222042,333198.4022636494,6.674433834209744
990000,4.771587511245936,5.152564510326494,333216.46270763944,6.6746637938987865
990100,4.771910737722733,5.1528310861672475,333237.3036304997,6.67502635861934
990200,4.7722231635696994,5.153119915606621,333255.8547511177,6.6753135433459905
990300,4.772478080878722,5.153444966584512,333275.2049749291,6.675533426459814
990400,4.772788742013114,5.153801544598019,333294.0685911541,6.675921914934062
990500,4.77307434388674,5.154111293278942,333316.2721743353,6.676281668620575
990600,4.773318316591569,5.1545088331180455,333338.57829826954,6.676579908943051
990700,4.773576903381052,5.154746459877562,333356.9016309514,6.676982254557305
990800,4.773875023320614,5.155132767159174,333377.25895317545,6.677248250959598
990900,4.774153985665983,5.1554846398960565,333397.9753281041,6.677722096588581
991000,4.774410396427289,5.155843591973542,333419.3869756261,6.678099470014372
991100,4.774696330203697,5.156052906120864,333439.97346197633,6.678452901770474
991200,4.774977148096585,5.156390493632806,333458.39273385366,6.678811166471857
991300,4.775270558338242,5.156766214513615,333477.2008248605,6.6790373605229085
991400,4.775578903843055,5.1571315664183,333496.04685621435,6.679337581169321
991500,4.775828072623367,5.157353597567494,333515.0203620924,6.679710247579749
991600,4.776135868407978,5.1576794971194895,333535.78358474735,6.6799445974007625
991700,4.77640929835344,5.15791193048529,333558.0730669709,6.68020651136723
991800,4.776659691497697,5.158228478828286,333576.4697052569,6.680555776175543
991900,4.776909782696147,5.158542603749972,333597.04117755004,6.680838116035303
992000,4.777152675047432,5.158755846034473,333617.98864739906,6.681162122802767
992100,4.77745750780349,5.159060751052411,333638.03953139426,6.681376377001733
992200,4.777783804741525,5.159377694728572,333659.82351282216,6.681814920651708
992300,4.7780838716057215,5.15978564875441,333680.44947701663,6.682188354878446
992400,4.778347709215329,5.1601498783774185,333698.9599051164,6.682625602085083
992500,4.77865999440171,5.160370236769104,333719.82662705804,6.683082746631311
992600,4.778957656781448,5.16059831451326,333739.381196121,6.6835517011341805
992700,4.779282100910923,5.160887393505785,333761.5576451409,6.683791312609458
992800,4.779524987663121,5.161178936884217,333782.4774303118,6.684022140084725
992900,4.77979882703176,5.161460371427442,333803.5892784029,6.684425450386894
993000,4.780063477403965,5.161795086836599,333825.3908402587,6.684864716460231
993100,4.780328549299865,5.162040595880925,333846.1065804643,6.685309630812255
993200,4.780605745482587,5.162356244424767,333864.01916003274,6.6855372182863855
993300,4.780914690229794,5.16266694044731,333884.0821033668,6.685850773326908
993400,4.781155095518383,5.162910659520332,333903.69997826125,6.686073745760742
993500,4.781399691902225,5.163122458435743,333923.258217076,6.686467351953217
993600,4.781696076142989,5.163530745675014,333944.9301571827,6.686759665158427
993700,4.781996233993057,5.163759940660086,333964.31753444974,6.6870622902526815
993800,4.782243338268741,5.16397451050774,333986.2966565023,6.687334265448115
993900,4.78252620132708,5.164381284076543,334008.21234239865,6.687672723010612
994000,4.782766692947182,5.164722087189385,334026.55226940464,6.687950358335112
994100,4.78303717995756,5.1651328869055595,334047.97335537075,6.688338010257647
994200,4.783300445468573,5.165427708071322,334067.54286156094,6.688665240944077
994300,4.78355738046469,5.165783909025406,334085.4538496734,6.68896035174956
994400,4.7838744796697945,5.166156227567778,334105.20534235396,6.689222076951065
994500,4.784127973350598,5.166413601427519,334124.9923996004,6.689555005346513
994600,4.784403663341505,5.166786577084652,334143.1592217463,6.689757348842718
994700,4.784652468414474,5.167028401853824,334164.21887369145,6.689991351427379
994800,4.784922379744711,5.167421791840465,334185.36917950795,6.690450719286383
994900,4.785202539020939,5.16775420078866,334203.29078765196,6.690917214868595
995000,4.785458774260751,5.168086631533952,334224.01725105883,6.691321309851031
995100,4.785711806844685,5.168379944274359,334242.7457898674,6.691586733967211
995200,4.786011502089332,5.168719709370125,334263.42522188596,6.691803684328327
995300,4.786326988542525,5.169046412009713,334283.84273006546,6.692027078285605
995400,4.786576111849397,5.16944931572715,334303.72514377756,6.692373716253165
995500,4.78687779280144,5.169857327018369,334323.7275744527,6.692689795823205
995600,4.787175202683888,5.170089630033931,334345.88036639465,6.693105383405774
995700,4.78741089871508,5.170297752087898,334364.8756212626,6.693315216125943
995800,4.787697898992822,5.170537073298039,334386.97480990476,6.6936743584651195
995900,4.788008181765282,5.1708614593792435,334408.3819370184,6.693914955456032
996000,4.788282403638742,5.171241743679592,334427.6616666788,6.694173981668455
996100,4.788586532753856,5.171551902631737,334446.871037444,6.694519430901868
996200,4.7888475409039,5.171819689098582,334467.8035941319,6.694961359915138
996300,4.789104188356933,5.172032881853027,334485.70437675755,6.695287473299513
996400,4.789365173248078,5.172308765811296,334504.8880831907,6.695626994323443
996500,4.789658520005118,5.172600706403623,334523.57985497476,6.696091866452259
996600,4.789925087712961,5.172809870919905,334542.7875126048,6.696345911109091
996700,4.790259207705249,5.1731616154646645,334561.36907701445,6.6967119044452685
996800,4.790580381343002,5.173444973700489,334580.44235267455,6.697138500801306
996900,4.790915085188531,5.1738086243939065,334601.35355110094,6.6973550956035615
997000,4.791165990823043,5.174141544430664,334620.7263854501,6.697678558805594
997100,4.791437367929794,5.174349991694901,334642.162543535,6.698074402259283
997200,4.791766365683102,5.174624213902191,334661.7877524129,6.698366483521007
997300,4.792102022588979,5.175008433913862,334683.58757171535,6.698740666658527
997400,4.792390060439844,5.175362262647733,334704.3676284043,6.699098901524342
997500,4.792639365099764,5.175610421894118,334722.9764879,6.699315814587934
997600,4.7928816769038916,5.175954516947009,334741.05242842686,6.6995424015158775
997700,4.793172116079009,5.1763251167684485,334762.6645050472,6.699982103258068
997800,4.793409016290862,5.176665529306188,334781.45329892373,6.70032762931911
997900,4.793685104575631,5.176990944885815,334801.0640740668,6.700533696401898
998000,4.794016895959387,5.177320331040164,334820.20180835435,6.700959322893508
998100,4.794324079260461,5.177696410298946,334838.3658387133,6.701391870286631
998200,4.7946354752218285,5.177959025453511,334856.7981785068,6.701620206638536
998300,4.79489384468541,5.178329546309591,334875.9358862286,6.702074565291171
998400,4.795192155275779,5.17860041152752,334898.0168158589,6.702346367057916
998500,4.795451550131013,5.178923256200017,334919.2317703724,6.702772929277677
998600,4.795707993834122,5.179311549853705,334937.6397772282,6.70311250917673
998700,4.79596472104484,5.179691727464142,334958.20355713647,6.703493441156858
998800,4.7962043245198,5.1800509841520626,334978.7327141174,6.703716169071461
998900,4.796440462645152,5.180382258055036,334998.5593817717,6.7039852990329125
999000,4.796758820211466,5.180713376147054,335019.34038805164,6.704183945811661
999100,4.797068495684307,5.181078133809071,335038.6562594215,6.7045722950339055
999200,4.797361641025775,5.181403335460327,335058.0225870432,6.704769527794118
999300,4.7976529557711345,5.181635056545983,335076.8782816061,6.705173965618436
999400,4.797951548045617,5.18197889620385,335094.88768074126,6.705602127145449
999500,4.798265766432813,5.182276479623556,335113.77562250075,6.705999045413432
999600,4.798510301148508,5.182524386944482,335132.49153124046,6.706371534133869
999700,4.798749669938926,5.182790831996311,335152.33597385534,6.70673443918797
999800,4.799078911551383,5.183143382889699,335170.8543799003,6.707046264334215
999900,4.79931985653481,5.183526583090083,335190.78406529804,6.7072594712847255
1000000,4.799631098599002,5.183817657582488,335208.9418879142,6.707519408411212
1000100,4.799928136979987,5.184075042495965,335227.6778261185,6.707727511304445
1000200,4.800169213959525,5.18446370158822,335249.5854262184,6.708145953374003
1000300,4.8005013929933495,5.184696850288177,335270.32279754913,6.708611393082048
1000400,4.800807793036468,5.185084920988015,335289.28726345324,6.709056135908157
1000500,4.801056243756848,5.185330463991249,335308.3021745474,6.709425982850374
1000600,4.801387857371785,5.185736154667419,335327.28198516346,6.709721645358638
1000700,4.801656297355229,5.186125200452097,335346.3706305959,6.710026533534638
1000800,4.801968743591176,5.1863657597831105,335366.1732463202,6.710484780552404
1000900,4.8022502778068334,5.186645758331738,335386.09751854016,6.710709552587542
1001000,4.802542186950901,5.186952004346848,335406.83962590183,6.711071090126048
1001100,4.802853872910284,5.187332529726425,335428.368896675,6.7113655117847175
1001200,4.803129409658707,5.187632754602986,335447.32490987243,6.711681015244565
1001300,4.803402416652743,5.187926324247568,335468.24850646564,6.7120815772440166
1001400,4.8037077182433245,5.188301932822025,335489.54883496347,6.712277333649633
1001500,4.803981889172122,5.188563435462104,335507.6838837651,6.712748653127954
1001600,4.804312339375885,5.188877370466049,335528.8776665474,6.713191324618353
1001700,4.804620920874806,5.189278574583653,335547.8398590176,6.713439598804189
1001800,4.804869511476245,5.189550571078818,335567.0333273169,6.713683628170025
1001900,4.805157308927501,5.189884274095207,335586.08063294867,6.713895630989108
1002000,4.805486729300592,5.190181554432051,335604.5635176409,6.714225702909949
1002100,4.805762713858743,5.190494221042331,335622.29817935475,6.714538873848286
1002200,4.806033975321664,5.190828169505939,335643.29115727486,6.714818756835802
1002300,4.806339590512799,5.191053623922185,335661.7545485905,6.715266673155639
1002400,4.806572987461995,5.191422495577551,335681.21564936114,6.715466097092345
1002500,4.806838315080332,5.191828870244765,335700.415548247,6.715753746077893
1002600,4.807130314460551,5.192061269031141,335721.9476330115,6.71596912772052
1002700,4.807371164726997,5.19236341663303,335741.8487800672,6.71620958663101
1002800,4.807624843170822,5.192706820511841,335760.9379372663,6.716419547705822
1002900,4.8078737039460915,5.192993123646555,335779.90502544,6.71670909706026
1003000,4.808184888320228,5.193223141056971,335798.723480229,6.717059256027936
1003100,4.8085081844525766,5.193604779246459,335819.8912354212,6.717324064120051
1003200,4.808832112705499,5.194008030076298,335837.906211033,6.717773873934996
1003300,4.809144716544676,5.194254382370608,335855.7881537411,6.718179221359019
1003400,4.809429398467161,5.19451371671171,335876.81938343594,6.718490669199869
1003500,4.809730644455685,5.194765112339752,335898.319885336,6.718689238958336
1003600,4.8100202636335165,5.195135326058596,335916.8069454894,6.719023008260367
1003700,4.810310501958551,5.195495600911919,335937.4205587361,6.719397308173538
1003800,4.810624391249664,5.195732168428675,335956.1930390378,6.719790825942212
1003900,4.81089490403959,5.196078999778911,335974.49787641724,6.720060331749376
1004000,4.811203394573901,5.196356542431049,335995.313416132,6.720498924226886
1004100,4.811510314934761,5.1965692813122875,336014.95252050244,6.72087009088188
1004200,4.811779094711174,5.196867831927878,336036.75529621966,6.721115054771922
1004300,4.812082420894435,5.19710041980147,336054.5633340897,6.721310645766944
1004400,4.81238921399522,5.19749749927841,336072.6470090249,6.7217089411642945
1004500,4.812636104842061,5.197853574149198,336093.6675505106,6.722139497647741
1004600,4.81296208289646,5.198248087364004,336111.9254298324,6.722573841657856
1004700,4.8132216603886775,5.198469760388896,336133.7166470647,6.72287466680804
1004800,4.813457267124997,5.198758006830454,336153.01631910296,6.72310873416722
1004900,4.813776793661404,5.199151979631063,336173.45664051117,6.723339646616233
1005000,4.8140148081372285,5.199476749511896,336194.86708461423,6.723566324488761
1005100,4.814329211083048,5.199696121326447,336213.60757417243,6.723968482076386
1005200,4.814636619228588,5.19995854722953,336234.6684141585,6.724233573887752
1005300,4.814884548125424,5.200287819520671,336254.42514507414,6.724464250315757
1005400,4.815132968480078,5.200516038562294,336273.93536598363,6.724761754921752
1005500,4.815436376118735,5.20090179496346,336295.26720431494,6.724962974717666
1005600,4.815760695244781,5.201107891211944,336316.7027099003,6.7253168868066355
1005700,4.816016200450893,5.201380967566305,336334.64417677635,6.725768427213908
1005800,4.816296339354609,5.201698466972813,336356.1604969462,6.726147362386998
1005900,4.816610508144325,5.20209093605641,336377.919427105,6.726480987605282
1006000,4.816861504861264,5.202402177003342,336399.28663017164,6.726881800080458
1006100,4.81714904142571,5.202686445904479,336417.18162514427,6.727347460961644
1006200,4.817420051355552,5.2030149529729695,336435.2493784232,6.727683282656219
1006300,4.8176638361572435,5.203268447975378,336456.7015923756,6.72802868740434
1006400,4.817970409544001,5.203533012082443,336476.14770354325,6.728300746923951
1006500,4.818239111900511,5.203852187990034,336493.977665718,6.7287691208151035
1006600,4.818544064810273,5.204190991466613,336511.6676482479,6.7291512735578545
1006700,4.818869130969067,5.204418873846495,336532.75656542554,6.729495043838239
1006800,4.819150104766068,5.2046485356595245,336553.3749555376,6.729849442237489
1006900,4.8194776445993,5.205017130842641,336574.20231243706,6.730268974128171
1007000,4.819740684531087,5.205225280350356,336592.6401047337,6.730619269555193
1007100,4.820055649116997,5.205604861415535,336613.12442082947,6.730850672076789
1007200,4.820355252053107,5.20582609615736,336633.49862669007,6.731079269336662
1007300,4.820676076172021,5.206082211525092,336654.1923061768,6.731330860955092
1007400,4.820945241373507,5.206305982403113,336675.5120314696,6.731753941409218
1007500,4.821246733027863,5.206607229767648,336693.9485752459,6.732132535745648
1007600,4.821520719813337,5.206888697728628,336715.0931799704,6.732383625537744
1007700,4.821779368945297,5.207273740205532,336733.2836179669,6.732776014779994
1007800,4.822061403754474,5.207622729688056,336753.45114485524,6.732968422362878
1007900,4.822342991929914,5.208005959132201,336772.99468049605,6.733312026455289
1008000,4.822582817482642,5.208355378746411,336793.604388034,6.733654007941527
1008100,4.822836356959504,5.2085936041740215,336815.28473633766,6.734105096495139
1008200,4.823153630642097,5.208861615344029,336833.0113515798,6.734461808789857
1008300,4.823410718946201,5.209123367357888,336854.1239026744,6.734774956422636
1008400,4.82364824883352,5.209484968989433,336874.63177538395,6.73523448725508
1008500,4.823889887021764,5.209817255574908,336893.12344340363,6.735451857123316
1008600,4.824149648642893,5.210156829519603,336911.56717679964,6.735727025213875
1008700,4.824441581799834,5.210449272202601,336932.83456058014,6.736043358007958
1008800,4.824756308965667,5.210661904984934,336953.62048436224,6.736340919975339
1008900,4.825032925898041,5.2108975179475605,336972.61158632475,6.736644225685462
1009000,4.8253344288802404,5.2111825713904425,336993.07178083796,6.736919383733625
1009100,4.825654269475738,5.2115010490531,337013.6368147447,6.737209427535517
1009200,4.8259218555233785,5.211846694934377,337034.51919918024,6.7375484214146315
1009300,4.826233869735687,5.212162770206953,337052.6519681108,6.737855966217804
1009400,4.826468109069105,5.212457111364324,337071.6809187918,6.738205476274617
1009500,4.826755899201733,5.21267889925204,337090.9889993026,6.738662465691387
1009600,4.827085624040496,5.213068906944491,337111.6452620626,6.738992337292794
1009700,4.827413883870485,5.213327467462228,337130.622438487,6.739397678455158
1009800,4.82766042200644,5.213576183061259,337148.65172365675,6.739621580792358
1009900,4.827918945809309,5.213887464764716,337168.48301018914,6.739996113248824
1010000,4.8281749324269425,5.214109916959711,337187.19463385554,6.740242870260019
1010100,4.8284198864481125,5.214484144384807,337206.7028521428,6.740690240122964
1010200,4.8286499949891,5.214743449594043,337226.02749091235,6.741072404759373
1010300,4.82891894175132,5.215095182919682,337246.8309834695,6.741387180166363
1010400,4.829208729283098,5.215455763908952,337267.17360784137,6.741619460311358
1010500,4.829520985512063,5.215720258336719,337285.1802251452,6.741926082527612
1010600,4.829841305432074,5.215943011523728,337302.8616805844,6.7423016598760865
1010700,4.8300712726769515,5.2161808885970204,337320.83933326614,6.7426943422247945
1010800,4.830348656980743,5.216504657326316,337340.4464842082,6.743151486337912
1010900,4.83065026649095,5.216879617133278,337361.9297732358,6.7435107969195025
1011000,4.830892524124954,5.217095714548117,337380.4972774201,6.743855105153026
1011100,4.83118648927919,5.2174959185639604,337398.6818443551,6.744129711599467
1011200,4.831423768532661,5.217885028176892,337416.1340835411,6.744455543524612
1011300,4.831741154396286,5.218167150140016,337436.98919832864,6.744691069714898
1011400,4.831987507942983,5.218372631440059,337456.82380028395,6.744911156673143
1011500,4.832220483592814,5.218604223077815,337477.61864952726,6.745264413723754
1011600,4.8324531071717765,5.218969808283826,337499.18574324646,6.745526743254988
1011700,4.832695239546703,5.219302456916511,337518.6197395889,6.7457794143399195
1011800,4.832925260063679,5.219603893902869,337539.517108938,6.74606475839829
1011900,4.833192992461235,5.219910545598102,337558.14960279636,6.746274838663946
1012000,4.833437359044857,5.220215105381794,337579.61252480146,6.746578702235767
1012100,4.833748578895493,5.220606211450095,337599.2902331491,6.747009129822912
1012200,4.833980057397685,5.220953130900706,337617.6277523063,6.747269964137899
1012300,4.834284535106474,5.221274160977537,337635.79469438316,6.747533841916218
1012400,4.834603827994757,5.221584863579515,337653.2721816095,6.747913968081111
1012500,4.83486902300514,5.221821736254834,337671.1836979335,6.748161916849744
1012600,4.8351670036191505,5.2221929509144385,337688.71383794607,6.748618912294372
1012700,4.8354306581392565,5.222527702970284,337706.8213112227,6.748985630656022
1012800,4.835698643211719,5.222809570090285,337728.3737678299,6.749291194678551
1012900,4.835990288134965,5.223061519605825,337747.8527213055,6.749629950424784
1013000,4.836232699232699,5.223297071063278,337765.484758389,6.749852264876345
1013100,4.836486374844634,5.223519225171724,337783.87431587913,6.750285492882671
1013200,4.836797842046293,5.223904477557248,337803.23840429843,6.750615154233618
1013300,4.83709785644491,5.224259499185796,337824.5381789028,6.750826224335948
1013400,4.837405010233493,5.224485080850702,337844.40518206573,6.751184781997634
1013500,4.8376698382851915,5.224852777451974,337865.311368574,6.751531776606449
1013600,4.8379111919215685,5.225199308160037,337884.5801295129,6.751764619606943
1013700,4.838235772953416,5.225454209919361,337902.63439991075,6.7520482989833575
1013800,4.838500933186224,5.225760505048036,337923.7529592937,6.752277248737114
1013900,4.838796056658457,5.226123250475916,337943.2418933712,6.752529280786226
1014000,4.839079934143777,5.226334874412149,337964.6524257149,6.752947509496387
1014100,4.839373935914005,5.226548065648539,337983.69465210004,6.75326139756237
1014200,4.83969591945762,5.2268871430362,338004.0606661877,6.753518643733714
1014300,4.839936297511842,5.227139427804037,338024.84507844126,6.753783053545026
1014400,4.840187378247162,5.227471353027424,338044.7117853702,6.754151602618597
1014500,4.8404166170380325,5.227807772176515,338064.22238393885,6.7545428668438685
1014600,4.8407208039574,5.228138164022942,338083.7382412936,6.754866691869814
1014700,4.84095736508755,5.228351547613178,338104.00928516296,6.7551730719382865
1014800,4.841186338178994,5.228748196596197,338121.8582598934,6.755533023576619
1014900,4.841447274713922,5.229057961777974,338140.0636512614,6.755861703922129
1015000,4.8417138688933266,5.229288824519926,338160.5594731624,6.756100712552735
1015100,4.8419918737290635,5.229640938769828,338182.0575617429,6.756462378084416
1015200,4.842238963537792,5.229886979172015,338200.7178218032,6.756743277258925
1015300,4.842513870437629,5.230091833492237,338221.3440307083,6.757131677559928
1015400,4.842745880228455,5.230334611093183,338238.7806770063,6.757557973093239
1015500,4.843042745758889,5.2305564234154485,338257.4331841847,6.757815614786575
1015600,4.843274963200007,5.230821625420174,338275.04114553443,6.758075960163363
1015700,4.843556935331529,5.231174244853231,338293.39538084465,6.7583688252343235
1015800,4.843825995132704,5.231409699724256,338314.214436966,6.7587263067182874
1015900,4.844085282792341,5.231716902610064,338332.2941752577,6.75913827839655
1016000,4.844332725734025,5.232015017892437,338351.92649296403,6.759416942675634
1016100,4.844626408489047,5.232378762205458,338370.4051463665,6.7598645549346035
1016200,4.844869785045172,5.232719456240765,338389.8517765697,6.760054050075489
1016300,4.845131942124888,5.23303820598673,338409.3129855498,6.760303519233895
1016400,4.845385873077168,5.233407490206568,338428.22209632,6.760619979419696
1016500,4.845667709329185,5.233648759395474,338447.399561091,6.761054953369033
1016600,4.845954303314546,5.234034906495038,338466.78609844064,6.761380459939519
1016700,4.846197509631316,5.234411603585995,338484.5498854016,6.761663458080005
1016800,4.846490756642569,5.234683909850775,338502.8778267794,6.762105584391787
1016900,4.846805849830372,5.2349082901741175,338523.7132893985,6.762494243122946
1017000,4.847070771985158,5.235189900648583,338543.3248692238,6.762692923376551
1017100,4.847360045167152,5.235531299252499,338562.4770474956,6.76298875017528
1017200,4.847599701324323,5.235858743135978,338583.1392704882,6.763198672561562
1017300,4.847844873097204,5.236108904810784,338600.60758958827,6.763475343574934
1017400,4.848161994933426,5.2364375382896835,338621.4849139617,6.7639244941444225
1017500,4.848419776972428,5.236737216180702,338639.53168293834,6.764191006717199
1017600,4.848692091539274,5.237036238519354,338661.02649786294,6.764467337824334
1017700,4.848948796685654,5.237291840303657,338679.3552855067,6.764905841005285
1017800,4.849240828753264,5.237539127543771,338699.8485370373,6.7652582811166635
1017900,4.84951901327259,5.237902436238485,338717.7397614518,6.765448189396993
1018000,4.849761896862138,5.2381578834864,338737.6032956621,6.765778481096639
1018100,4.850030503511063,5.2383940376890585,338758.67951712915,6.766207218484248
1018200,4.850268933226479,5.238730475468242,338778.9097318467,6.766438181676089
1018300,4.850581928241477,5.239014260258699,338796.8244279928,6.766849241972198
1018400,4.850895305078884,5.239385155188597,338816.5562823356,6.767294401212509
1018500,4.851165986300406,5.239688548766651,338834.3495221212,6.767671492587767
1018600,4.851406221110466,5.240023202071272,338853.3949140467,6.767912073285818
1018700,4.851710094124077,5.240403969883168,338870.8662033466,6.768127832027721
1018800,4.852023530923785,5.240778377024518,338889.860943802,6.768396835022766
1018900,4.852281366956217,5.2411576518566365,338910.79267291445,6.768668771618354
1019000,4.852574274063412,5.241543350518951,338931.5635394972,6.768934400846745
1019100,4.852870747977823,5.241895016832661,338950.555705396,6.769180915958044
1019200,4.853185076564718,5.24225699086813,338970.74231938773,6.769417696669682
1019300,4.853492524786883,5.242591467242985,338990.78661614936,6.769666653494485
1019400,4.853762384419273,5.2429436304590595,339011.52582689107,6.770078031928764
1019500,4.8540457411434375,5.243149055819316,339030.16703350097,6.770521710599221
1019600,4.85432381655267,5.243398429013967,339049.51333992794,6.770881548219108
1019700,4.854594836774157,5.243706935309417,339068.25336658367,6.771308226683922
1019800,4.854916161653726,5.243945661397275,339087.3785634466,6.771746539884074
1019900,4.8551785788269575,5.244294568015432,339105.2409072653,6.772064897791299
1020000,4.855473587646424,5.244498040569649,339126.58767299383,6.772358346477316
1020100,4.85574565949725,5.244728174477615,339143.817423204,6.772804898620524
1020200,4.856061042639849,5.244953896871983,339164.8096350326,6.773179104196999
1020300,4.856347502893185,5.2453108849720556,339183.9838540674,6.77344008478301
1020400,4.856577072781753,5.245530815010735,339202.11977773317,6.773797421709885
1020500,4.856847439163001,5.245878376569809,339221.7267869505,6.774072541077917
1020600,4.8571116251468585,5.246208009115645,339239.8673941247,6.774421682465016
1020700,4.857351176185214,5.246424028117604,339259.05296773167,6.77486182652283
1020800,4.857662310324397,5.246772211426169,339279.3451168492,6.7752595687018085
1020900,4.857953714127008,5.247146012866444,339298.4485583249,6.775670145852469
1021000,4.858187939751064,5.2474145687836184,339319.320945049,6.775944183734898
1021100,4.858492110095864,5.247785409764873,339339.4146952471,6.776151288381773
1021200,4.858740397243372,5.248164446594369,339357.94649225485,6.776480719023936
1021300,4.8590609395886455,5.248444394336165,339378.25007409794,6.776874539998262
1021400,4.859319970064269,5.2486728331294215,339396.9338948601,6.777083774017696
1021500,4.859548565260593,5.248940177038489,339415.1772806358,6.777514048302247
1021600,4.8598008343416295,5.249176621401817,339436.1201076244,6.777790325073085
1021700,4.860068044056912,5.24939652132823,339457.32263617567,6.778010074790199
1021800,4.860386090224483,5.24969111810503,339474.6912048445,6.778307785936781
1021900,4.860623334211979,5.2499685569525365,339495.90346368076,6.77862758319629
1022000,4.860880488931814,5.250312031681725,339513.94386066264,6.778972737073991
1022100,4.861142209726115,5.2506561226202555,339534.19638838415,6.77916638517754
1022200,4.8614540345757264,5.250898220574809,339552.7709695613,6.77941302532966
1022300,4.861712280045363,5.2512301358198465,339573.80327737995,6.779731141442547
1022400,4.862016155243472,5.251544722686476,339593.8327613307,6.7799392501351345
1022500,4.862289589498668,5.251916435618008,339613.1738453878,6.780239017252524
1022600,4.862573336695671,5.25226212834961,339633.8352142282,6.780428497280858
1022700,4.862862726755989,5.252579712600778,339651.55151262286,6.78079305121187
1022800,4.86313749637235,5.252804623735679,339670.5515472338,6.780996355842139
1022900,4.863399632260655,5.253026997254811,339689.3411358691,6.781278345832072
1023000,4.863706087485734,5.253369666426037,339709.21450829477,6.781662792368245
1023100,4.863956456948706,5.253634616700159,339726.4541049669,6.781922939784089
1023200,4.864198102378203,5.253949752275195,339746.7273225556,6.782142808395853
1023300,4.864487991625529,5.254222701548596,339765.9398727034,6.782346290230431
1023400,4.86473006808583,5.254603400817916,339787.1509489096,6.782617948869499
1023500,4.865004807637437,5.254904231474611,339807.4710439269,6.783015170254975
1023600,4.865305392200641,5.255249734643144,339828.08347131615,6.783452779919503
1023700,4.865581849499891,5.255575371402439,339846.7068201199,6.7838956809781354
1023800,4.865826234995759,5.255836524850456,339867.4101903522,6.784101889778908
1023900,4.866108503792336,5.256146623084084,339887.6751107624,6.784486715183232
1024000,4.866405094398427,5.256392057318006,339907.8583983957,6.784763740793885
1024100,4.866681388925389,5.25673391662405,339928.68953702657,6.784955345481431
1024200,4.8669549964470695,5.2570753602260485,339947.0173863455,6.785180098569611
1024300,4.867227556973556,5.257346214397454,339964.75309533806,6.785504055928776
1024400,4.8675230039656325,5.257691601353241,339983.3545813664,6.7859509513618015
1024500,4.867755215487958,5.257947621381061,340001.37019108544,6.786393815709594
1024600,4.8680560119825005,5.258182909204396,340022.60919535084,6.786776450017868
1024700,4.868329192042771,5.258469678130781,340040.104180183,6.787065312263837
1024800,4.868625458714443,5.258780289688672,340061.3396917822,6.787478090302174
1024900,4.868942640158052,5.259049705222807,340078.4847311327,6.787730221250634
1025000,4.869178896803705,5.259277761675542,340098.70080456464,6.788095020815745
1025100,4.869469194039696,5.259500034897441,340117.8116296625,6.788510133104051
1025200,4.869705128188308,5.259792830197004,340135.0756444003,6.788885276506936
1025300,4.86996217443251,5.260095941440295,340153.32018398185,6.789281186905335
1025400,4.870217790165378,5.260345107106139,340173.16296512977,6.789713410390617
1025500,4.870529092739444,5.260569494860929,340190.98119970644,6.789930852430236
1025600,4.870819836967258,5.260811538121379,340210.83597110235,6.790192537397079
1025700,4.871062710798997,5.261017715415487,340231.05183892243,6.790437540478732
1025800,4.871335151377167,5.261278076619274,340248.9817184176,6.7908363420281885
1025900,4.871595525162694,5.261507912192811,340266.45339115575,6.791248390200613
1026000,4.8718378138549285,5.261723718015712,340283.9498950449,6.791565470540287
1026100,4.8721439645637075,5.262112018641554,340302.24820573395,6.791995230435273
1026200,4.872385268376398,5.262497861327027,340320.0235630691,6.792352752269525
1026300,4.872658727436737,5.262797631902204,340338.44327919936,6.792575837413835
1026400,4.872901060466896,5.2630819307643835,340357.94676495186,6.792971459914733
1026500,4.873166229076143,5.263300976862165,340375.29943777906,6.79325296380628
1026600,4.873484405511773,5.26351015489147,340395.4174099443,6.793465102595307
1026700,4.873791760682967,5.263754405244837,340416.28250444785,6.793746249537519
1026800,4.874060247812602,5.264047947943455,340435.3877068148,6.794085859097742
1026900,4.874378198305142,5.264333238108861,340454.50497223774,6.794527412011012
1027000,4.874691454307478,5.264649375862933,340472.82884201384,6.7949255327777145
1027100,4.874924965325995,5.264946625086315,340493.1817768333,6.795220276168661
1027200,4.875197430071812,5.265216702408156,340511.99615009455,6.795615341696166
1027300,4.875437502374001,5.26550046182953,340531.24720441544,6.795919224280039
1027400,4.875671282432139,5.2657394709301295,340551.00186409504,6.796178151620341
1027500,4.875900672842955,5.266029829449227,340569.23504689604,6.796503405845411
1027600,4.8761410462403845,5.266397469611502,340590.2675981152,6.796716444174987
1027700,4.876421018266605,5.266646905427902,340609.53872208117,6.796953675502103
1027800,4.876723199547065,5.267008559132388,340627.0693721929,6.797191241066253
1027900,4.876951066279779,5.267390457344823,340647.7596785463,6.7974799412136235
1028000,4.877257892967372,5.267681290758758,340666.60869688337,6.7977413517891865
1028100,4.877573205810239,5.267954407169039,340685.4855253807,6.798141751842963
1028200,4.877800944774402,5.268260563038725,340702.52879867033,6.798400019929691
1028300,4.878058334926827,5.268493109707261,340721.3693586326,6.7987470370718475
1028400,4.8783037961755635,5.268779821068786,340740.1871536469,6.799028580751117
1028500,4.878575474640445,5.268978553383832,340759.0312050561,6.799410864590699
1028600,4.878864039528779,5.269208927394263,340777.0247736216,6.79975434329435
1028700,4.879140034970966,5.2695189748719775,340797.1153388614,6.800000799792212
1028800,4.8793812058841315,5.269855608172983,340816.170371352,6.800346857683792
1028900,4.879682656566383,5.270205128874573,340836.6647818539,6.8005709681843545
1029000,4.879984264139334,5.270488252716123,340856.9603066686,6.800892948845427
1029100,4.880280089514377,5.270801644367128,340876.68230907957,6.801331561122196
1029200,4.880593895859249,5.2711297722906005,340897.0727435666,6.801632366270633
1029300,4.880911600910283,5.271482729468368,340916.2950366908,6.801931762273069
1029400,4.881205555749161,5.271725125358364,340937.2206115098,6.8022235534754785
1029500,4.881448907772801,5.272086533737712,340957.190713826,6.802616357249796
1029600,4.881703535238262,5.272444763980048,340975.7475223874,6.802902149024587
1029700,4.881968957740649,5.272821129678297,340993.7201917455,6.803271381111156
1029800,4.882265335957355,5.27319978413083,341013.3355136061,6.8036204833490945
1029900,4.88252290791701,5.273470028798555,341032.59834523813,6.804004177397365
1030000,4.882836424679613,5.273708663443869,341053.0046141092,6.8044002542837525
1030100,4.8830957284614245,5.274081562456742,341073.4889870185,6.804643416772317
1030200,4.8833860441932675,5.274468185793557,341093.27376492886,6.80504834402174
1030300,4.883676346737498,5.274760244056799,341112.4648564175,6.8054144662122615
1030400,4.883974972799431,5.2749930325792,341132.3930166941,6.805772165002419
1030500,4.884198267214481,5.275310254582006,341150.91657891916,6.8060201629098
1030600,4.884494851674844,5.275655056844427,341170.5237900543,6.806290553944022
1030700,4.88473372036559,5.276034488619784,341188.1032236046,6.806581024029531
1030800,4.885043427623544,5.276248491014006,341208.98895206075,6.806895540191754
1030900,4.885286244744384,5.276474939236729,341229.6672778564,6.807123015723587
1031000,4.885518236269703,5.276747770085314,341248.0555497882,6.807495224864962
1031100,4.885776635244922,5.276997001763467,341266.60888065957,6.807856476852729
1031200,4.886094474282689,5.277324287507891,341285.04669744,6.808256976638534
1031300,4.886397065345674,5.277606214693375,341305.41272477683,6.8086650496763665
1031400,4.886688163131667,5.2779128009747325,341324.21122539736,6.80896093289773
1031500,4.8869988827950985,5.278239106323149,341344.5185607125,6.8091536172982705
1031600,4.887304270128033,5.278447988390028,341362.994615634,6.809479567688657
1031700,4.887574551966898,5.278798269984281,341380.2528418898,6.8096879817719875
1031800,4.887867055881948,5.279046299678551,341399.7100771154,6.810014615402089
1031900,4.888110624817718,5.279292978520844,341419.32866135146,6.810273368560546
1032000,4.888337168071785,5.279623792376017,341436.37149151345,6.810692796728449
1032100,4.888563891300753,5.2799127699369865,341454.0128031741,6.811135575684202
1032200,4.888835232880137,5.280271234757668,341470.9081801546,6.811345485485345
1032300,4.88915283906813,5.280492284602371,341488.1383892661,6.811671008184661
1032400,4.8894065038078,5.280702413759796,341507.57554203924,6.81191963587046
1032500,4.889721036493297,5.281003538293484,341528.51773579797,6.812361080681914
1032600,4.890039382768529,5.281226329421958,341547.7454415876,6.812697392330452
1032700,4.890297200873123,5.2815357219664625,341566.1391394615,6.812985611461597
1032800,4.890613189274562,5.281811218754657,341583.2278107814,6.813411694316387
1032900,4.89090040137436,5.282103150954708,341601.79449971527,6.813745820714899
1033000,4.891188550104988,5.282469706855591,341620.4804599587,6.814113128756101
1033100,4.8914305118584815,5.282793168952413,341639.1925446767,6.814553830564017
1033200,4.8917106703061055,5.283125286129822,341660.17024107615,6.814930715842242
1033300,4.891953091461948,5.2834371495877965,341679.48571643204,6.815194834487158
1033400,4.89219673647702,5.2837407769219515,341696.6481240381,6.815502850736495
1033500,4.892506397105237,5.284058316242159,341717.21801768214,6.815898032433089
1033600,4.892793954372908,5.284302302555749,341738.10580646375,6.816151263608697
1033700,4.893030601459685,5.28464572032477,341755.00786298246,6.816556384387725
1033800,4.893271083063711,5.284948350625374,341774.6091806111,6.8169017590185925
1033900,4.893558907601779,5.285271188737664,341795.1246062449,6.8172094322643755
1034000,4.893789593756693,5.285568267066919,341814.714523692,6.817540539125298
1034100,4.894018917543988,5.28588129343412,341834.19124920457,6.8177797503613995
1034200,4.894284014254575,5.28609666099195,341854.6768422239,6.8181458912892
1034300,4.894577633461827,5.286376070950386,341871.681703224,6.818461683599879
1034400,4.894838450297264,5.286664446407465,341890.87915894616,6.818868795376801
1034500,4.895068280416576,5.286873264331694,341907.8408107587,6.8192306853077405
1034600,4.8952985692380135,5.287158362151429,341928.2973163726,6.819472609594509
1034700,4.895554156703715,5.287358837222978,341947.95443018444,6.819708328873585
1034800,4.895852058281689,5.2875942006010686,341968.442462693,6.820096989592921
1034900,4.896137919994597,5.287949749463468,341989.17308739154,6.820498475941023
1035000,4.89636634900519,5.288207588255675,342008.19813185197,6.820733328667147
1035100,4.896677756834709,5.288498808945232,342026.2910564877,6.821133103388789
1035200,4.896980107414844,5.288819459633547,342044.44059947605,6.821423786000242
1035300,4.897242339007228,5.289165424979054,342063.5151207192,6.821765446455417
1035400,4.897509468693301,5.289506932882264,342080.7746180982,6.821962173932615
1035500,4.897808754859332,5.2898907893851765,342097.9082160499,6.82216296212523
1035600,4.898043858020701,5.290144071634931,342115.37032305833,6.822552405741095
1035700,4.898332940739871,5.290367560017714,342133.37961955334,6.822871549941467
1035800,4.898596944405835,5.290699751353201,342151.47921685013,6.8231285955341825
1035900,4.898831143103232,5.29089644146269,342169.43849678134,6.8233673745140475
1036000,4.899056018105871,5.291230946808002,342188.8392801561,6.823681739968025
1036100,4.899352686104134,5.291454787553946,342208.9752445047,6.824004336846046
1036200,4.89964956905077,5.291800715348708,342229.37360657984,6.824315930066311
1036300,4.89991514058055,5.29205780316313,342249.76077888417,6.824620669712006
1036400,4.9002116494384085,5.292377574959149,342269.65200054966,6.825029234855723
1036500,4.900482621292628,5.2925927399340775,342286.8377500249,6.825290816023704
1036600,4.900783911269444,5.29288832312586,342306.14756310324,6.8257223524021695
1036700,4.901015599383772,5.293128651663334,342325.8249030557,6.826125175963982
1036800,4.901273722138826,5.293355007490928,342343.7968813836,6.826381282729078
1036900,4.90157855366315,5.293684291116904,342361.93414554966,6.826654404933251
1037000,4.9018469690293935,5.293926208023061,342382.7241212552,6.826987126488962
1037100,4.902119750447028,5.294167416701604,342401.658981612,6.82735322904641
1037200,4.902341146913384,5.294370358908921,342420.4076361152,6.827670142925936
1037300,4.9026567509881795,5.2947447431503925,342439.0138434164,6.827911838200087
1037400,4.902923003420412,5.295091827716562,342459.4268548644,6.82830510857661
1037500,4.903198655612044,5.295469032071943,342478.2712213347,6.828605729860666
1037600,4.903512344629794,5.295679356891622,342497.2838439458,6.828794916248785
1037700,4.903772421193325,5.295975265934929,342517.2571108614,6.829024059916649
1037800,4.904081055910028,5.29634531190712,342537.50938168715,6.829305088704081
1037900,4.904316679560542,5.296688274344595,342554.9063785687,6.829543970787382
1038000,4.904607772448285,5.296971886049246,342573.9381379137,6.829773667031175
1038100,4.904877646834429,5.297269896992869,342594.51427816064,6.8301357705876855
1038200,4.905190180825293,5.2975412355473885,342612.8165150226,6.830442021396015
1038300,4.905470773501291,5.297882721368477,342630.9444120475,6.830665011641379
1038400,4.905703429095835,5.298154167103648,342647.80425293883,6.830967572316744
1038500,4.90593036348412,5.29844839882621,342666.343484212,6.8313858208744715
1038600,4.906212850851659,5.298682521949199,342686.37812461035,6.831647716426564
1038700,4.906503231236098,5.2989249811318615,342705.98530521616,6.8319846116112215
1038800,4.906740416312856,5.299181799317619,342723.1039683878,6.832350816507876
1038900,4.906967729345829,5.299418931687819,342741.20277270075,6.832685582011974
1039000,4.907191163364533,5.299618747613689,342758.3089295886,6.833059799810275
1039100,4.907466813594109,5.2998633894334,342776.19550968637,6.833296627950062
1039200,4.907756663304912,5.30016030926268,342793.6934733476,6.833610703923606
1039300,4.90801040843012,5.300424380015794,342811.46909412305,6.833957301314113
1039400,4.908242555345794,5.300735836661592,342831.1604373005,6.8342543357607735
1039500,4.908493006759182,5.3010555628231275,342850.2217037776,6.834653938852889
1039600,4.908782839416297,5.301249906350245,342868.8042327629,6.835092058519549
1039700,4.909041934511109,5.301507493773222,342886.5648793494,6.835292491921651
1039800,4.909320125210482,5.301885965651142,342903.4814988204,6.835600402648243
1039900,4.909629762466555,5.302234045214976,342923.6211947087,6.8358697016370185
1040000,4.909912431415479,5.302449445770824,342943.2765830871,6.836231113001365
1040100,4.910175777202121,5.30270004772301,342961.9337122816,6.836474647863247
1040200,4.91043549235868,5.302996358558953,342981.5020030173,6.836661090654727
1040300,4.910655031984055,5.303331160715771,343001.4582256563,6.837059545381863
1040400,4.910945401707676,5.3036757307417215,343019.92802674085,6.837339899327971
1040500,4.911180640374814,5.303905495236817,343038.40679040604,6.837686463869393
1040600,4.911455322335443,5.304114809419842,343057.25669816334,6.837880357544421
1040700,4.911730441221664,5.304331536914202,343074.97253513377,6.838297515595488
1040800,4.911974847362006,5.304705671057992,343094.2888278326,6.838646020030966
1040900,4.912274522483576,5.305057030745952,343114.12838485773,6.838943916580288
1041000,4.912580302203305,5.305338313866023,343133.0484773789,6.839163040792672
1041100,4.912841251044269,5.30559293281083,343152.80864651006,6.8394403733178875
1041200,4.9130919573914,5.305912664652855,343170.43211282796,6.839784490540187
1041300,4.91332546134656,5.306218705990798,343190.3044269737,6.840192886735861
1041400,4.913568892246282,5.3064790589205355,343210.4926719384,6.840605505415096
1041500,4.91381192095671,5.306838212133485,343227.70606518624,6.840920846835453
1041600,4.91412042038115,5.307070044192129,343244.5479002838,6.841311413487224
1041700,4.914371481698143,5.307384628021292,343261.71335118526,6.84165985237069
1041800,4.914605581410114,5.30764993827427,343280.06961323525,6.84205372445656
1041900,4.914897228073001,5.307851029071436,343300.54673330067,6.8424276103235915
1042000,4.91512228918809,5.308217083701234,343318.11576075334,6.842867238812961
1042100,4.9154329302545055,5.308588194800389,343336.116756773,6.843198678077729
1042200,4.915724983643881,5.308924611320419,343353.9510821169,6.8435038807028725
1042300,4.915955048064917,5.309124712598908,343373.87426138594,6.8438640528462615
1042400,4.916255823422305,5.309453933243021,343392.161737428,6.844159221046037
1042500,4.916527877455461,5.309747064983378,343411.1997264342,6.844540607284146
1042600,4.916798599558718,5.3100505191386,343428.74883687083,6.844876514851821
1042700,4.9170986436568285,5.310347304915912,343447.4034752383,6.845090553153606
1042800,4.9174029282755125,5.310677134138755,343465.8880958954,6.845350041653292
1042900,4.917670648235346,5.311031272608923,343484.18294395995,6.8456796755067515
1043000,4.917933508200924,5.311374256297186,343504.81344265764,6.845866748518789
1043100,4.918234168182436,5.311736976232437,343522.83168189786,6.846059273256812
1043200,4.918452585630531,5.3121113907639455,343542.90188061976,6.846500342527109
1043300,4.9186723898573534,5.312387633545697,343561.8199827896,6.846917223930869
1043400,4.918978468329455,5.312628903971646,343580.7600824445,6.847178797576443
1043500,4.919204394933988,5.312950181789808,343597.5365422448,6.847477297863153
1043600,4.919455068670858,5.313188480282776,343614.4826705915,6.847691630979859
1043700,4.919699808295939,5.313487737891654,343633.61805586994,6.8479173354615925
1043800,4.919923604735634,5.313866344121941,343654.0137331091,6.848182222868495
1043900,4.920186947270847,5.314062072416274,343671.1120593379,6.848559048712498
1044000,4.920404869535615,5.314326593099947,343689.21522243944,6.848816905121971
1044100,4.920659364870525,5.314656086548731,343709.48007213045,6.849244855240957
1044200,4.9209458582599295,5.3149370807243015,343726.2435456715,6.8494923373075745
1044300,4.921250930977251,5.3152315700863655,343743.43539888784,6.849699494563047
1044400,4.921533485791503,5.315579300614755,343761.2844550332,6.849932524963457
1044500,4.921821682962472,5.31577152530423,343778.25549453043,6.850215488181215
1044600,4.922045110334474,5.316037752386407,343796.8801650093,6.850521763942089
1044700,4.922276905036805,5.316388443386135,343813.4802922353,6.850776180711411
1044800,4.922564059299574,5.316671710167772,343832.9840731183,6.851127352386691
1044900,4.922822662253476,5.316874767896362,343850.9610546899,6.851484001577127
1045000,4.923102361036728,5.317077906737374,343869.0920923256,6.851805760740997
1045100,4.923374998456191,5.31737888534786,343889.2769819249,6.852171714466022
1045200,4.923605371020598,5.317635242296465,343908.4402785169,6.852410549220181
1045300,4.923825352430198,5.317860132075156,343927.73227076704,6.852649466066635
1045400,4.924130909760583,5.3181704573582484,343946.1905721554,6.853075796129699
1045500,4.924407499323879,5.318408956194956,343965.7236512166,6.853512025739355
1045600,4.924641416036766,5.318676309097897,343983.4005603347,6.853916811553701
1045700,4.924948877691616,5.3190412512507415,343999.9542754438,6.854259084681558
1045800,4.925250133468113,5.319358153297859,344018.29351022333,6.854697967113207
1045900,4.925521133558789,5.319693500518619,344036.76663480897,6.8549350667465765
1046000,4.925762983559776,5.319885938611056,344053.509340291,6.855275933759135
1046100,4.925987899832849,5.3201680080648215,344072.3570689815,6.855654784787429
1046200,4.926252224646608,5.320469497530483,344090.7529449662,6.855948590387079
1046300,4.926537563127203,5.320697049839294,344110.90650422306,6.85638171081386
1046400,4.9267802103167995,5.3209360792368745,344128.1417613044,6.8565764223423615
1046500,4.9270152439372135,5.321290357484165,344146.0287934967,6.856989324884103
1046600,4.927284725108796,5.321563335549519,344166.3755437192,6.857232826951001
1046700,4.927588001859401,5.321823068976028,344184.6218559242,6.857624180390736
1046800,4.927893842424369,5.322122145315693,344203.9288296457,6.857907864524605
1046900,4.928201083683448,5.322396821409049,344221.9489109504,6.858297794798945
1047000,4.928496559861442,5.322760547161694,344240.6985823053,6.858685270477268
1047100,4.928728654808434,5.3230441405160605,344259.83626734663,6.8590126522922965
1047200,4.929018934770517,5.323394114085554,344278.74199774326,6.859352777738199
1047300,4.929266057243609,5.32367561493034,344296.73905087437,6.859710554474384
1047400,4.929492599981722,5.32401629052271,344313.86558320385,6.860140067655777
1047500,4.929761984199607,5.324371418141509,344331.9875844815,6.8605056688899975
1047600,4.929997806364348,5.324696500605156,344348.96981406043,6.860688795905411
1047700,4.930215925233926,5.325043278382563,344366.81195447885,6.86104752742275
1047800,4.9304448269713435,5.325276166015582,344387.2067837898,6.86123058089666
1047900,4.930664054727754,5.3256001459252555,344406.72920483915,6.8616110165789275
1048000,4.930911967407936,5.325802497980471,344426.49709536973,6.861961542451713
1048100,4.931210337300724,5.32603861540658,344446.8798016661,6.862372950746606
1048200,4.93151173322206,5.32636836449316,344464.9196324682,6.862614964664939
1048300,4.931807055710011,5.326604916464832,344484.026818939,6.862805955323929
1048400,4.932065765048139,5.326939446207865,344504.4780954307,6.863212634799176
1048500,4.932310683933831,5.327161070583886,344524.098355052,6.863507567942138
1048600,4.9326079492192045,5.327426103393831,344541.9512967172,6.863858498402583
1048700,4.932847448057817,5.327751342264508,344559.05755645316,6.864289040110982
1048800,4.9331069826095915,5.327971637128066,344579.5466276914,6.864513145282141
1048900,4.933389096630471,5.3283009827592895,344596.00239078456,6.86486213227712
1049000,4.933653433380862,5.328620238824186,344613.09052397695,6.86519301681708
1049100,4.933880860411999,5.328957346558425,344632.4222859277,6.865426818308001
1049200,4.934183771667641,5.32919716607548,344649.50547566474,6.865762911246115
1049300,4.9344788039265435,5.329557933135508,344668.43807842047,6.866102564080149
1049400,4.934786002580762,5.329900893743417,344687.6232824397,6.866459245025794
1049500,4.935020894053331,5.330211552530496,344707.65527968836,6.8667424985035685
1049600,4.9353146960545375,5.330419133713911,344726.56277638307,6.8669931574645044
1049700,4.93559019994157,5.330742434937909,344747.0286083517,6.867335695226191
1049800,4.935868815736113,5.331104359031099,344765.25067920616,6.8677458661553406
1049900,4.936093918297535,5.331356247592313,344783.09197308123,6.868074852103583
1050000,4.936324496350729,5.331665478656254,344802.4337140546,6.8683886220896575
1050100,4.936610481090664,5.331903293314745,344821.23663946986,6.868624945746935
1050200,4.936834202699003,5.3322248823991245,344838.42593331815,6.868988251419322
1050300,4.937144131154854,5.332539196048661,344857.0834601344,6.869393227416559
1050400,4.937396852072383,5.332872766242461,344873.8561970065,6.869825739883015
1050500,4.93768901742807,5.333098220242216,344892.24739986873,6.870045391916443
1050600,4.937998669625381,5.333372093182574,344909.2975315896,6.870264461055987
1050700,4.938280422580825,5.333632571718702,344928.24469128926,6.870534689464669
1050800,4.938498913457375,5.333880279139528,344946.71017216594,6.870779317985638
1050900,4.938775853457756,5.334199436338093,344964.1002042261,6.871074121085312
1051000,4.939028764918742,5.334521860707219,344981.393866377,6.871488435103865
1051100,4.939250083983073,5.33481433749309,345001.33765321656,6.871847959374471
1051200,4.9394762104850924,5.335145358011291,345018.1161904337,6.872153195772379
1051300,4.939692334315914,5.335397130003929,345035.84576727694,6.872567047905958
1051400,4.939956213911446,5.3357464180487995,345055.2277308279,6.872834205421175
1051500,4.940256769297092,5.336079227691996,345073.50764377497,6.873062146311629
1051600,4.940544702400252,5.336356759048646,345090.4769990499,6.873257558626854
1051700,4.94084204349846,5.336638923432565,345107.9432524474,6.873449686111892
1051800,4.94113741200824,5.336960832603294,345125.4037646685,6.8738808969796645
1051900,4.941359891606637,5.337285378754362,345145.20730739966,6.874226319091205
1052000,4.941646959162645,5.337475696718858,345161.61127707944,6.874580792788881
1052100,4.941944080189995,5.337817713879883,345181.06071075046,6.874793407432301
1052200,4.942171879630803,5.33814762117723,345201.38553241594,6.875095143438602
1052300,4.942430903581101,5.338349999977935,345219.4237980229,6.87527856887336
1052400,4.9427099439429645,5.338726389032239,345237.40813153324,6.875545120294945
1052500,4.942969437692083,5.33892671005184,345254.12395266286,6.8757753472389656
1052600,4.943219687301116,5.3391922070043965,345270.7654623286,6.876000432305038
1052700,4.943489825465123,5.339516837324484,345288.7822650037,6.876261597109924
1052800,4.943741407165071,5.339867975371847,345306.51203588344,6.8765649647956035
1052900,4.943983184777261,5.340209373858012,345326.6775051293,6.8769058178354525
1053000,4.944286276671615,5.340495185175635,345346.835617578,6.877265077849486
1053100,4.944568851185378,5.340707139899834,345365.4438651464,6.877635767820381
1053200,4.94481174987592,5.3410392331228564,345385.79445657536,6.877838746066077
1053300,4.945095220402086,5.341295267656643,345404.5053719782,6.878222883579518
1053400,4.945313132508776,5.341633530566927,345421.8246468993,6.878588778746765
1053500,4.945564123190932,5.341931395132215,345439.8880826909,6.878943970624936
1053600,4.94584618963768,5.342244365615028,345459.59917372564,6.8792017046424005
1053700,4.946089963311948,5.342514029792084,345478.0828646489,6.879382947543689
1053800,4.946317733326384,5.342854626099257,345498.12285789644,6.8796464431066315
1053900,4.946617635104093,5.343219732149692,345517.6888657835,6.87997898439714
1054000,4.9468696330440745,5.343445139917625,345535.3739133643,6.880210718727285
1054100,4.947087710241703,5.343646025679046,345554.0189870446,6.880592127769807
1054200,4.947339583614492,5.343903900410939,345573.2794393579,6.880869881454746
1054300,4.947601711955709,5.344128670579945,345592.52557693067,6.881139467045782
1054400,4.947863801125463,5.344342819641937,345609.0570881774,6.881333934582561
1054500,4.948135425884277,5.344676526631482,345626.8496349091,6.881704528192506
1054600,4.948382795418836,5.3450154134284436,345644.3988035306,6.881886467288972
1054700,4.94867464270034,5.3453808809576655,345663.49165273993,6.882191448948997
1054800,4.948897903555757,5.345611930559415,345683.1251796492,6.88261842389142
1054900,4.949122771736417,5.345825995159506,345701.67552240496,6.882832038171339
1055000,4.949388461794576,5.346041313498235,345718.0445290234,6.883039112720455
1055100,4.9496905202912584,5.346396281206395,345734.7266825492,6.883356695198071
1055200,4.949919123158252,5.346738572880136,345754.7910840849,6.883721448315564
1055300,4.950220018934166,5.3470135811210735,345771.71400484117,6.8840165900477075
1055400,4.950481064144174,5.347222126551016,345790.3178631047,6.8844048690229815
1055500,4.950779349616183,5.347483283176619,345808.2921482663,6.884591661004719
1055600,4.951010864102567,5.3478081275664895,345825.22984258854,6.884936397420605
1055700,4.951283010785795,5.348038407353466,345843.51884130406,6.885329946018687
1055800,4.951502103640404,5.348356466245726,345860.4897613233,6.885582482264397
1055900,4.951748261179507,5.34863243038555,345879.24756979244,6.885870231573729
1056000,4.951968538042491,5.349004870091492,345897.5678747799,6.886188712121419
1056100,4.952234289681021,5.34933507082753,345914.8324321573,6.886383065008666
1056200,4.952468337271015,5.349649195525888,345932.48951872747,6.886741252407821
1056300,4.95275863120654,5.349992135791916,345951.30560377485,6.887026000013458
1056400,4.953022144828919,5.3502661334555315,345971.5428666439,6.887302219573995
1056500,4.953261818455037,5.350519365047225,345988.7853409992,6.887686902202123
1056600,4.953527933069191,5.350774657809718,346007.3150815708,6.887870939483899
1056700,4.953782232924051,5.351065786941859,346026.26950312045,6.888270167816796
1056800,4.954034929543731,5.351287530625931,346042.5840879191,6.888498762687981
1056900,4.954268076756372,5.351654128207962,346061.03650458134,6.888756763133631
1057000,4.95454222364003,5.351946263190164,346077.3373560714,6.889169737170369
1057100,4.954829912073528,5.35226250654691,346094.1521979315,6.88950688197822
1057200,4.955078280634666,5.3525917748817315,346112.17282800114,6.889821802732018
1057300,4.955360373581771,5.35286496680373,346131.36308117135,6.890219707512183
1057400,4.955586754968134,5.353221554647537,346150.2105402053,6.890594483682317
1057500,4.955842658816999,5.353445334779012,346168.36801024503,6.890907150775307
1057600,4.956118850013092,5.3536573326477965,346186.5032275967,6.891235818248926
1057700,4.956389310974056,5.353890053539019,346202.7719460122,6.891654420317358
1057800,4.9566176329265215,5.354226604588366,346220.6160008459,6.891831712708451
1057900,4.956861892411349,5.354425944788237,346240.1237149583,6.892257261944948
1058000,4.957135182376227,5.354650484874559,346260.22325104225,6.892507302376895
1058100,4.9573739368952054,5.355021672456301,346276.5096518339,6.892729867416443
1058200,4.95766233134957,5.35528151426656,346292.8598725485,6.893033460227007
1058300,4.9579257030733155,5.355609616871227,346309.14143712504,6.893454779591513
1058400,4.958155604987794,5.355888619921767,346325.5475532984,6.893861806535019
1058500,4.958458111709429,5.356086697727235,346345.1220312013,6.894061741881123
1058600,4.958717021730197,5.356289483548011,346361.66244983557,6.8943043019811405
1058700,4.958942721644252,5.3565220241355025,346377.88430999825,6.894702004299399
1058800,4.959194155779092,5.356778087502588,346395.63620683044,6.894965998578208
1058900,4.959428441516992,5.357123857367062,346414.30497299053,6.895364699988523
1059000,4.959647703335075,5.35733474818589,346433.68077459506,6.895712711064539
1059100,4.9599045511278055,5.357673595639809,346450.6234263359,6.895909910170244
1059200,4.960172058050863,5.357951739576387,346470.12018417084,6.896105413919972
1059300,4.960454554310366,5.358266541183208,346488.8190997115,6.896397286952411
1059400,4.960675146151887,5.358598615569108,346505.25283860136,6.89662887588
1059500,4.960913035398556,5.3589261162760575,346521.527528656,6.897001866077722
1059600,4.961204429411957,5.3592405672040915,346537.9502040488,6.897312777610694
1059700,4.961441768613654,5.35959873335208,346555.9416102415,6.897648475175773
1059800,4.961702441403431,5.359894717570276,346574.78397802095,6.897835490939867
1059900,4.961971199379042,5.36025004882835,346591.7720396785,6.898208695698901
1060000,4.962244872656748,5.36054370842264,346611.6604493898,6.898638978536593
1060100,4.962545856032095,5.360879223009161,346629.15288839984,6.899042601015929
1060200,4.962785487623327,5.361142596588847,346648.2606927966,6.899361098546142
1060300,4.963011105500333,5.361337131530631,346666.22232514736,6.899624875180751
1060400,4.963267003984541,5.361669152373508,346685.26480870653,6.900052250675062
1060500,4.96349033261954,5.3618693328188565,346703.54124107084,6.900250624491534
1060600,4.9637283364856275,5.362086937601635,346722.6915254554,6.9004917527172065
1060700,4.9640224230293635,5.362301095601245,346742.03482998314,6.900865813726923
1060800,4.964263790438965,5.36257387808668,346760.4310039765,6.901136484569916
1060900,4.964563103523629,5.362814645987505,346777.6071440488,6.901471291803043
1061000,4.964781970262548,5.3630860543485115,346795.8279623444,6.901657547006375
1061100,4.965013045220774,5.363398648071472,346815.64766053855,6.901957440557106
1061200,4.965268223271413,5.363736365600259,346833.39234958106,6.902211585762567
1061300,4.965562223378174,5.364014039998938,346852.7083737163,6.902423539489904
1061400,4.9658427998710755,5.3642667354398945,346871.7767016216,6.9028052722861215
1061500,4.966143455484861,5.364480156285626,346891.1247303434,6.903035446977892
1061600,4.966405101050233,5.3648355468641284,346907.4920916641,6.903416153918627
1061700,4.966663350721746,5.365202768668521,346923.8045791021,6.90359833063001
1061800,4.966911649246727,5.365541376906541,346943.6678231484,6.903893510090839
1061900,4.967213966260414,5.365912198194783,346960.00559486245,6.904110469118105
1062000,4.9674974381105566,5.366150516007936,346979.27750099427,6.9044215532802395
1062100,4.967766124618874,5.366444723873803,346997.6473472509,6.904688549569741
1062200,4.968059442380442,5.366755843242715,347016.80138670705,6.90490495941993
1062300,4.968310732276118,5.366975148348294,347034.8904015167,6.905246330445363
1062400,4.968557214989619,5.367240729579862,347054.8116348912,6.905652205861175
1062500,4.9688305504834185,5.367496995095139,347072.3696390055,6.90603290554783
1062600,4.969048580394111,5.367836651865658,347090.5858132132,6.906363090851999
1062700,4.9693227758395695,5.368106557114319,347107.024943938,6.906581542671241
1062800,4.969587270978277,5.368353322623348,347124.7794150683,6.906899643174076
1062900,4.969800317809956,5.36860781105265,347144.47843963566,6.907159130032449
1063000,4.9700729588638675,5.368887415958423,347161.67196733115,6.907372557524873
1063100,4.970361639871971,5.369101047690951,347178.76714747155,6.90763773808107
1063200,4.970623266938048,5.36941141204317,347195.9906199397,6.907821868192172
1063300,4.970849564924244,5.369716679144834,347213.2566759063,6.908107555023764
1063400,4.971115518240289,5.369921862666143,347231.5692504563,6.908330720932152
1063500,4.971331602830617,5.37025329251733,347251.0866908679,6.908578151137559
1063600,4.971549547193248,5.3706113555550825,347270.71792350605,6.908866015066112
1063700,4.9718078527304215,5.370854995779439,347287.158993267,6.909187741099826
1063800,4.972099328249115,5.37113940274965,347303.5388818978,6.909545340331077
1063900,4.972338539057098,5.371401087735293,347322.6197434425,6.909852662556053
1064000,4.972623422411702,5.371637943767589,347340.0669089458,6.910038831200141
1064100,4.972851093921723,5.371989607083363,347358.7913470066,6.9103678924584075
1064200,4.973105454055785,5.372359138266826,347378.426223762,6.910654314327806
1064300,4.973364404380561,5.372608350494036,347398.31807284616,6.910911430191979
1064400,4.973647578186264,5.372903108949978,347417.7048002059,6.911310156499712
1064500,4.973940326582666,5.373125453239683,347435.20537757373,6.911604368878786
1064600,4.97415434546764,5.373428667648653,347453.7033449661,6.911994155134934
1064700,4.974449613094812,5.373675297630473,347470.16315590177,6.912398048369346
1064800,4.974731045391091,5.373862494830758,347488.842498493,6.912730893499322
1064900,4.975022706000307,5.374058933168407,347505.8803168381,6.9131237971560004
1065000,4.97523647871017,5.374362931899485,347524.34340412193,6.91335936027571
1065100,4.975523847967668,5.374659453541618,347540.5611491869,6.913720475848168
1065200,4.9758209998476755,5.375022676972543,347559.97331845685,6.914005534291196
1065300,4.976058139118535,5.375223062212255,347576.4302482826,6.914198372159191
1065400,4.976314128550346,5.375412858293851,347596.23396423383,6.914436585548941
1065500,4.976587291258699,5.375717988582548,347615.9708805473,6.914626386643447
1065600,4.97682954881251,5.375979750033473,347632.1428447394,6.914874087231086
1065700,4.977113976640664,5.376178753011867,347650.0105595103,6.915218293675589
1065800,4.977376051610215,5.376527951827177,347666.2708458342,6.915432540764354
1065900,4.977641735275265,5.376793124089126,347685.5726394087,6.9157968287755125
1066000,4.977917480065819,5.376989679274061,347703.0036977865,6.915988158149256
1066100,4.978208023819841,5.377351418582523,347721.1271152741,6.916234368498315
1066200,4.978507097375583,5.37760167963632,347738.6924825059,6.916553581258201
1066300,4.97879195581356,5.377845320589803,347756.42688894673,6.916879081897835
1066400,4.97902961393928,5.378074648783791,347773.9113182775,6.917072733128721
1066500,4.9793246338176465,5.378320925085103,347792.5725165626,6.917270004739589
1066600,4.97956116253056,5.378563791732677,347810.81155626435,6.91766217462978
1066700,4.979849902483038,5.378870421471548,347827.60206387274,6.91786968666112
1066800,4.980136745231515,5.379077987860144,347846.21790025034,6.918124688872795
1066900,4.980420444684723,5.379400063367401,347863.8875826333,6.9183006532263525
1067000,4.9806868128152075,5.379716651276613,347881.1063511896,6.918687918420686
1067100,4.980986357180794,5.380071198332926,347898.7922490399,6.918871992467111
1067200,4.981217013305371,5.380296095726718,347916.66258453357,6.919200683103026
1067300,4.981446651276262,5.380639021980807,347935.336925412,6.919453699398707
1067400,4.981658671162184,5.380907137089103,347953.1487343773,6.919808626834438
1067500,4.981934665909466,5.381102090249046,347969.5415221839,6.9200985473871
1067600,4.982203489147685,5.381350859406918,347989.18145919085,6.920398822369693
1067700,4.982502193777881,5.38170638443664,348005.3008154318,6.920603330476136
1067800,4.982798936976174,5.381915723546766,348022.45090561383,6.920823127500748
1067900,4.9830549898550585,5.382245066049356,348042.2004847427,6.921006514450358
1068000,4.9832963120803,5.382444599621889,348059.20857109164,6.921307963439945
1068100,4.9835653594677884,5.382742070272202,348076.2015844901,6.9215164720068625
1068200,4.983823256203422,5.3829753737445065,348094.7270952793,6.921784271927902
1068300,4.984108061729543,5.383204512344399,348114.04310346395,6.922186451190727
1068400,4.984340797775512,5.383569635239394,348130.08382912696,6.922581233652959
1068500,4.984581177797393,5.38390662264031,348146.74905779073,6.922879057443933
1068600,4.984797164389334,5.384097635439327,348164.6964622266,6.923198097550289
1068700,4.9850253681922165,5.38442758473197,348181.8381415206,6.9236064627402945
1068800,4.985311201838206,5.384759275835041,348200.1596895205,6.923906627448594
1068900,4.985554197398617,5.384975488147491,348217.56502322154,6.924186112936667
1069000,4.985804316386564,5.385334962209276,348236.5826790238,6.9245682017824715
1069100,4.9860834876492985,5.385617195051519,348254.08872033394,6.924988085095084
1069200,4.986328928196221,5.385952194584919,348273.81910407566,6.925380396794175
1069300,4.986583999259336,5.386174766556247,348290.55540863174,6.925564368095543
1069400,4.986802189384787,5.386440235278671,348308.4395000049,6.9258024999094
1069500,4.9870395230013305,5.386668105074671,348326.11474535055,6.926216723722214
1069600,4.987248358593034,5.38699237674684,348345.4924456621,6.926561877439203
1069700,4.987468797825282,5.387235674095914,348362.18833164684,6.926833591754496
1069800,4.9877167183494135,5.38748500107856,348380.3405113994,6.927104765009408
1069900,4.987935568797379,5.3878020675601945,348398.95848260564,6.927337927004864
1070000,4.988156165571878,5.388000461327699,348415.9054881118,6.92757494079327
1070100,4.988438108276915,5.3883047245147795,348435.6098240023,6.927802983287568
1070200,4.98872404487478,5.3885855206542335,348455.288553839,6.927991865575307
1070300,4.988955039786929,5.38892529424972,348473.0733602686,6.928410123290135
1070400,4.989199133310129,5.389244902546058,348489.467749392,6.928780850261604
1070500,4.989495003934516,5.38959743148096,348506.91797576926,6.929106782282929
1070600,4.989752788486238,5.389866266533337,348523.60095030745,6.9293571079300245
1070700,4.990018160264019,5.390212434243425,348542.70491318865,6.929687260454516
1070800,4.990291777757712,5.390420169273977,348561.90123160224,6.929887667044694
1070900,4.9905638226116915,5.390605286452266,348578.22343601234,6.930205910354045
1071000,4.990807602210797,5.390914224080354,348597.36972926056,6.930487430691957
1071100,4.991065364400843,5.391194176418189,348614.55099301034,6.930851899035147
1071200,4.991362736131815,5.391522695589937,348631.5163112861,6.931181942130443
1071300,4.991571405956921,5.3917186344314745,348649.6272195106,6.931486619436503
1071400,4.991808656747916,5.391968802086273,348666.292494731,6.931699703956065
1071500,4.992072258789864,5.392246963238794,348683.7312386992,6.931878451291906
1071600,4.992333891093235,5.39255218962766,348703.383587693,6.932069168972713
1071700,4.99258232617875,5.392840351137431,348720.9007560389,6.932487549126958
1071800,4.992804715994277,5.3931743592176185,348736.983596156,6.932724473133986
1071900,4.993051275346776,5.393411248823998,348755.10702549707,6.932955927851909
1072000,4.993320317943469,5.393738984138456,348774.422201519,6.933251418601474
1072100,4.993553840160965,5.394061599445848,348793.28201356344,6.933452794089768
1072200,4.993836934862169,5.39428834676375,348812.34256822604,6.933658127459862
1072300,4.994051520482129,5.394472746282261,348829.96074384596,6.934044073579271
1072400,4.994269049996794,5.394816200007734,348847.71389793174,6.934318479106382
1072500,4.994485715791237,5.395176188702929,348865.3292278527,6.934627383433063
1072600,4.994718089272271,5.395408090180047,348883.5119363192,6.934868836776606
1072700,4.99500165547384,5.395760432672848,348900.282862333,6.93510982068418
1072800,4.995226950924396,5.395997109024174,348917.36298605823,6.9354895208152465
1072900,4.995498511275522,5.396283926887919,348936.97082750755,6.935859669819936
1073000,4.995752309009033,5.396606510584563,348953.96867133025,6.9362271573891965
1073100,4.996022463501225,5.396838898584105,348971.94467653305,6.936445887229113
1073200,4.996305419810848,5.397045272370011,348989.6184065335,6.936841399205147
1073300,4.996580044803239,5.3973875250120695,349008.7737585836,6.937187483521267
1073400,4.9968250102307366,5.397669082866812,349026.5138436006,6.937571238098326
1073500,4.99705832134391,5.398023028471653,349045.6833901994,6.937861770086634
1073600,4.997312002283793,5.398317241073679,349061.91069556505,6.938143315699043
1073700,4.997608463427111,5.398600097703915,349078.8047317556,6.938492510860012
1073800,4.997895281563467,5.398792505184596,349095.29622467974,6.938846805509216
1073900,4.998164343138869,5.399048982117481,349112.3760796647,6.9390838062641995
1074000,4.998424805783822,5.399348367478903,349131.9447472117,6.939354549379775
1074100,4.998692899761931,5.3996689405796845,349149.41796416783,6.939585712927524
1074200,4.998950059903976,5.400008407908857,349166.01107930543,6.93993196985424
1074300,4.999207606740981,5.400308847775192,349184.87470224156,6.940283095799993
1074400,4.999466767542713,5.400529644395739,349202.56931397575,6.9406954226796245
1074500,4.999675518340098,5.400820931196032,349221.406890223,6.940869249993285
1074600,4.999884174256953,5.401138619358626,349239.76039214135,6.941078513975832
1074700,5.000148877346303,5.401399470673225,349256.5192236979,6.941464757707883
1074800,5.000366798908226,5.4016934531889245,349273.42323966674,6.941675647846165
1074900,5.000660106998463,5.402007707786812,349291.2823402554,6.94204957216243
1075000,5.000905783990855,5.402203137632674,349308.0772870959,6.942423277304601
1075100,5.001172358729384,5.4024863049263425,349325.20779196906,6.942674203987074
1075200,5.0014296276992125,5.402742010847937,349341.00836877536,6.943088303549006
1075300,5.001666488279043,5.403059349445812,349357.99298103317,6.943475106179721
1075400,5.001907094430529,5.403346967704809,349377.3129436491,6.943826266254082
1075500,5.002117535546318,5.403562375941697,349396.0935680329,6.944117092216784
1075600,5.002389115460477,5.403891678418376,349411.95338674943,6.944428115636923
1075700,5.002650446739364,5.4042460289123895,349431.49432767,6.944765418339642
1075800,5.002884857255222,5.404474650116961,349448.5651842379,6.945057263095955
1075900,5.003149641210942,5.404772595404058,349466.2444607072,6.945261719075039
1076000,5.003442453976697,5.405038128099794,349485.5018792519,6.945436632912042
1076100,5.003731659801325,5.405243060322445,349505.0511976386,6.945801282451818
1076200,5.003983012503471,5.405558269877142,349524.3375961962,6.946058907501152
1076300,5.0042427840888335,5.405907659230658,349543.12007424183,6.94624036705176
1076400,5.004464658232227,5.40623215637676,349559.3406637439,6.9464767155024365
1076500,5.0047521867104265,5.406466836641374,349575.9787734546,6.946745735208874
1076600,5.004963170054984,5.40668755424339,349594.4582839445,6.9471459421139725
1076700,5.005177303683023,5.406919360034245,349614.0513703727,6.947536153217426
1076800,5.00539253850535,5.407275792263204,349631.2120849205,6.947829046685668
1076900,5.00564559271781,5.407567040809486,349647.5028075369,6.9481369734234315
1077000,5.005938949684583,5.407825702861222,349666.7577331368,6.948531909509067
1077100,5.0061808718234175,5.408167954232606,349684.2523067368,6.948886084872752
1077200,5.006469277804468,5.408481940143563,349701.83570743504,6.9491337821688015
1077300,5.006705606264152,5.408699858624419,349719.0838421512,6.949536606891733
1077400,5.006951486208601,5.409023254779146,349738.5564914386,6.949756371656102
1077500,5.0072141658536795,5.409211495901319,349755.0936835602,6.9500473187444065
1077600,5.007425200095792,5.409397627999459,349773.38849348965,6.950400886474636
1077700,5.007703249015243,5.409667360005745,349790.44399239006,6.950614664168457
1077800,5.007952692840038,5.409960600053625,349809.5578141173,6.95087244808283
1077900,5.008190864836529,5.410184394173167,349827.7169618946,6.951216889656498
1078000,5.008451143188339,5.4103714977383905,349845.84562868875,6.9516229278296695
1078100,5.008700137512133,5.41068530615622,349864.76381484885,6.952001502796623
1078200,5.008969186345291,5.410972175956441,349883.43348315347,6.952377127360178
1078300,5.009238002560542,5.411291081649317,349899.7633108267,6.952697842927636
1078400,5.009459610909084,5.411534550258066,349918.0108773123,6.952913322845475
1078500,5.009735618712512,5.41172021199561,349935.42927081516,6.9531306272857725
1078600,5.009966562203017,5.412062101286611,349952.6281866547,6.953545709982042
1078700,5.010254623716105,5.412292272678924,349970.3097571685,6.953847629617189
1078800,5.01052238414278,5.412494423330317,349989.20963615086,6.954054555415722
1078900,5.010758804624858,5.412822431178317,350005.0396991214,6.954286559252211
1079000,5.010967654057809,5.413014706376509,350021.3327973276,6.954624215443759
1079100,5.011252116557503,5.413342586724851,350040.0146581189,6.955026242689057
1079200,5.011513092295026,5.41355464441758,350056.8647963406,6.955201748760098
1079300,5.0117677120798065,5.413876769312181,350073.5432502338,6.955391436677124
1079400,5.012038639277982,5.414209664479301,350092.8106687293,6.9557122622951715
1079500,5.012275184633118,5.414560015446842,350111.6925870657,6.956106250520927
1079600,5.0125067518934,5.414803409892034,350129.1040602247,6.956336537144583
1079700,5.012768728721665,5.4151134315873,350147.87834083434,6.956699271855131
1079800,5.013058454730592,5.415353806574353,350166.08716175205,6.956919279110606
1079900,5.013331676692558,5.415572765202458,350183.50298030046,6.957268494572848
1080000,5.013571279366626,5.415813722495438,350202.6466541077,6.9576660065349145
1080100,5.013789293300528,5.416136455512961,350218.43684452405,6.957942669603341
1080200,5.014002895048316,5.416450397042377,350237.06824417674,6.958279626673825
1080300,5.014279392520006,5.416779553426405,350255.7345081367,6.958547878159468
1080400,5.014536327283148,5.417043614171159,350273.0317537049,6.958920025190279
1080500,5.01475839502783,5.417390107194231,350290.9881157706,6.959201197448329
1080600,5.015010246049389,5.417648846047997,350309.34112337336,6.959570019428363
1080700,5.015283869212127,5.417947017639396,350326.6446229861,6.959772764636273
1080800,5.015516270307617,5.418237425454631,350344.1616430201,6.96018832282388
1080900,5.015746261641729,5.4184420220948715,350363.5402765158,6.9605556761625
1081000,5.016004595438994,5.41866903348607,350381.89845640084,6.960740324635598
1081100,5.016223001551891,5.418869263206334,350400.87395814195,6.960920590405782
1081200,5.016490083892682,5.4192006190031865,350417.8200450142,6.961276548481195
1081300,5.016750792504449,5.419536990615191,350435.0103655016,6.961457622309528
1081400,5.017022086790228,5.419772874508508,350453.65371255804,6.9616520064627885
1081500,5.017253876414285,5.420026452592284,350471.2438257473,6.961904024606673
1081600,5.017516756552233,5.420325452578317,350487.54844675324,6.962099123020972
1081700,5.017737464333956,5.420649389757487,350504.00534540403,6.96228177883471
1081800,5.018029239229225,5.4208487065424515,350521.59417650953,6.962563759222903
1081900,5.018275863249587,5.421174998729519,350537.94536737766,6.962775279704241
1082000,5.018517241353359,5.4214592067504,350554.5994152809,6.963074352326218
1082100,5.018811066000888,5.421643255740801,350573.96958299447,6.963367864261333
1082200,5.0190469982015795,5.421955926355179,350589.8909208804,6.963549262624132
1082300,5.0192835237611755,5.422224852786091,350607.5030352682,6.963820000436435
1082400,5.019536281573437,5.4225627485236165,350624.0460918316,6.964157404547604
1082500,5.019753492326519,5.422916147426261,350642.91497375706,6.96444597553224
1082600,5.020046069133259,5.423114165078939,350660.3054544909,6.964672142827857
1082700,5.020329651582979,5.423350428596231,350676.2457244288,6.964928303904606
1082800,5.020549230088626,5.423567410055664,350694.2593260436,6.965269125801038
1082900,5.020765416082412,5.423870936948101,350713.6493694848,6.96558962534382
1083000,5.021016465798135,5.424182179541477,350732.29634196655,6.96598095508229
1083100,5.0213075275473775,5.4245006415283035,350749.02013204474,6.966193542873416
1083200,5.021587163161449,5.424728112970257,350768.2358088198,6.966465292174147
1083300,5.021857370314304,5.42497533437166,350787.2473995745,6.966753569795528
1083400,5.022082510578426,5.4252008800002605,350802.9009814085,6.967131854647587
1083500,5.022307848375714,5.425552963428836,350820.45630096906,6.967333390428294
1083600,5.022584710342439,5.425818801472289,350836.05910730216,6.967739158490032
1083700,5.02281012657442,5.426069287734357,350852.97640246345,6.967990449134748
1083800,5.023064937468788,5.426264200489839,350869.2097712809,6.968200765060384
1083900,5.023329923018149,5.426451282298864,350887.4735364156,6.968613689836662
1084000,5.023549964287191,5.426752605719715,350906.71158932423,6.968902737054071
1084100,5.023815123621934,5.4269597077727285,350925.2618437502,6.969105770938053
1084200,5.024066974067165,5.427304159119372,350944.07073546323,6.969375851693282
1084300,5.0242848627289405,5.427584493789891,350961.0947202522,6.969623757108099
1084400,5.024501797915735,5.4278625943133125,350977.9383671955,6.969932872308046
1084500,5.024710511616915,5.428128448625479,350996.4903215175,6.970115880510108
1084600,5.024921223315924,5.428444260895554,351015.5888090201,6.970424707887685
1084700,5.025164173525369,5.428793734738825,351031.9258851273,6.970599640522864
1084800,5.025388421304,5.429086326687652,351049.65406507434,6.970902925467095
1084900,5.025662543329584,5.429369691762053,351067.44856066233,6.971161425484402
1085000,5.0258910769026155,5.42970828141824,351082.9962033691,6.971564212711249
1085100,5.026144413493612,5.42997263187091,351101.5151342087,6.971751071467136
1085200,5.026370329689688,5.430179713233092,351120.0583330392,6.972114376248631
1085300,5.026662046214001,5.430486438306851,351138.0950273153,6.972349170308764
1085400,5.026901771959042,5.430793122262387,351155.1169526693,6.972751349768015
1085500,5.027142311537997,5.431039509715093,351172.03709001036,6.973061951491458
1085600,5.027358746397616,5.431278240182947,351189.46340543457,6.973406727600557
1085700,5.027626672389759,5.431483910670172,351208.3517989792,6.973760463303289
1085800,5.027911498169935,5.4318214653890875,351224.52094973257,6.974125564277976
1085900,5.028117891378436,5.4321129510888975,351243.5392912666,6.974523104682554
1086000,5.028352571468273,5.432447740589209,351262.41553522454,6.974790172515819
1086100,5.028640127597091,5.43265172889042,351279.85951337486,6.97519154728821
1086200,5.028870913304687,5.43286811210976,351298.07437366893,6.9754379600685565
1086300,5.029119561836608,5.433159507694184,351317.2016321283,6.97562931181233
1086400,5.02938002214495,5.433511064219173,351333.7697771065,6.976039136535802
1086500,5.029643976145152,5.433860415697376,351351.3252427705,6.976444702688781
1086600,5.029915695890538,5.434099094251401,351368.225267983,6.976832566289272
1086700,5.03015285739916,5.43436469218064,351384.6787992165,6.9770768439123785
1086800,5.030369965998441,5.434599321196621,351401.67399381456,6.977453290715212
1086900,5.030658257930564,5.434784322259763,351420.8245344526,6.977753142425034
1087000,5.030901792697423,5.435077002645139,351439.8758216435,6.977924983203246
1087100,5.031151723707779,5.435335695173617,351458.28620730946,6.978320798428019
1087200,5.031420198736543,5.435666857079701,351476.3130615011,6.978619264276637
1087300,5.031676636003292,5.435999719067928,351494.2561258208,6.978950412472416
1087400,5.031888231258649,5.4363470940815555,351513.0147371236,6.979182172542045
1087500,5.032128200218891,5.4365520160665,351531.457805544,6.979505300102493
1087600,5.032413398099428,5.436893436682802,351548.4282339057,6.979711684635408
1087700,5.032697123516519,5.437210825256746,351566.8344641486,6.979981909589405
1087800,5.0329193425623995,5.4374377009564,351584.56978792173,6.98017083845354
1087900,5.033186738012472,5.437736617317358,351600.6614491133,6.980485184917393
1088000,5.033452190876307,5.4379827228300455,351618.8666840198,6.980773365685359
1088100,5.03366056043076,5.438206000440127,351637.8100505421,6.981177662503898
1088200,5.033878151476896,5.438448836440442,351656.39388669655,6.981560569498042
1088300,5.034167749206783,5.438669456520809,351673.44987933425,6.981924474755498
1088400,5.034372816100547,5.438885869033731,351690.525849884,6.982136032917103
1088500,5.034645386431324,5.439215267162944,351706.23553798953,6.982356531209628
1088600,5.034863435750133,5.439495460550799,351724.2368127602,6.982674244229239
1088700,5.035126488811658,5.439818176854004,351742.1838637308,6.982893076358082
1088800,5.035409796924223,5.440138476258961,351759.1491632271,6.983090631677132
1088900,5.035680923274178,5.4403764198021145,351775.43632442923,6.983374439805164
1089000,5.0359505118427395,5.440620548624345,351791.26246433,6.983667576155233
1089100,5.0361623085886285,5.440872924865951,351809.8850164951,6.984065578078269
1089200,5.036438701932882,5.441154231648618,351827.9749873365,6.9844009199430195
1089300,5.036645493435662,5.441400424009239,351844.1280656884,6.9846868332404775
1089400,5.0368818292630895,5.441724001714636,351861.00773548434,6.9850823374402635
1089500,5.037165697216348,5.441964737799189,351878.53787516576,6.985369519808904
1089600,5.037377130343787,5.442218855247264,351897.0635060988,6.985633432263109
1089700,5.037620931327932,5.442531639454617,351914.8158991942,6.986042564032201
1089800,5.037851657282615,5.442776118949423,351930.34738137387,6.986355258440547
1089900,5.038088817581421,5.442998180513096,351947.60197548143,6.986571200246167
1090000,5.038313667553233,5.4432328858961885,351966.09909398406,6.9869631560893
1090100,5.03857188067372,5.443520059030889,351981.6564034323,6.987274190782537
1090200,5.0387940342842,5.443725227930269,352000.5334423579,6.987638358219835
1090300,5.039025383929509,5.443904655839429,352018.15903357166,6.987991789125453
1090400,5.039293950529853,5.444245106913055,352034.13011493586,6.988313010177681
1090500,5.039522487998405,5.444574113956248,352051.4446154769,6.988578075920673
1090600,5.0397454937967305,5.444917420778094,352067.64776229934,6.988850837724686
1090700,5.03997360963712,5.445157833526896,352086.25540759525,6.989076457175727
1090800,5.040203551262894,5.445391972971983,352103.0551183857,6.989295588617087
1090900,5.040463328626173,5.445598284359362,352119.7802986756,6.989602608597059
1091000,5.040672639340197,5.445880264828578,352138.4772792089,6.990000295557489
1091100,5.040957541120872,5.446167018565625,352154.7171343736,6.990378705499694
1091200,5.041208589332502,5.446500304201434,352170.56414496375,6.990655468859653
1091300,5.041420651587144,5.446706449995487,352186.69743390504,6.99101949295294
1091400,5.041630738730327,5.446974825087357,352204.8969983259,6.991276054623072
1091500,5.041852713085913,5.4471635287313305,352221.5891353436,6.991473600240131
1091600,5.042070127447367,5.447425962080586,352237.2995541028,6.991788764110069
1091700,5.04227609065398,5.447632756524736,352255.21626612515,6.992056218488971
1091800,5.042502523273288,5.447926020577563,352274.2843872697,6.9922579931346425
1091900,5.042743981918678,5.448184407015375,352290.1010644741,6.992520922172368
1092000,5.043028517933714,5.44844818335707,352308.3819137031,6.992848106777346
1092100,5.043271699427141,5.448715683392201,352324.2173149691,6.993046336251474
1092200,5.04351185338121,5.448961196768824,352340.85987028386,6.9933792968120025
1092300,5.043799487061127,5.4492577442828205,352357.6814515535,6.993660800826399
1092400,5.044038802471648,5.449462432336951,352374.7737970195,6.993906213110668
1092500,5.044258198439832,5.449716179926375,352393.68526132137,6.994255948211285
1092600,5.044530842873223,5.450016697352063,352409.42965645576,6.994620772107622
1092700,5.044781850019943,5.450335598717642,352426.9940189888,6.99497788181316
1092800,5.04503955642948,5.450621809760306,352445.3275755682,6.995211113076512
1092900,5.0452459023874034,5.450905681460088,352462.91155687085,6.995419839068184
1093000,5.045517896930239,5.451085321466015,352481.3258455505,6.995801338889598
1093100,5.045768605394617,5.451420565451211,352499.31919286645,6.99618678827548
1093200,5.046051683621316,5.451765440516149,352515.5595275176,6.996562618809508
1093300,5.046334487460685,5.4521029595139066,352534.1333131536,6.996886382652234
1093400,5.04660336976162,5.452420362660996,352552.79387696803,6.997255340654197
1093500,5.04681660296707,5.4527600751353,352569.52522174444,6.9975764010942525
1093600,5.04709058247893,5.452978405451941,352584.8305482845,6.997757369362098
1093700,5.047346525449735,5.4533240738066056,352601.9334383771,6.998143777676633
1093800,5.0475760885793415,5.453577032538224,352617.96703204146,6.998457744147533
1093900,5.047827117718252,5.4538750550668285,352636.1300510118,6.998789575004841
1094000,5.048107317576829,5.4542167810734385,352653.1863506806,6.999190973567419
1094100,5.048355479360029,5.454414703807141,352671.374016799,6.999429156581147
1094200,5.048611107777061,5.454762890487502,352687.10306521336,6.999653468590237
1094300,5.048891935509533,5.455032396389727,352703.9312189557,6.9999847744138375
1094400,5.049094606706879,5.455365321565689,352719.6398772691,7.00028463740172
1094500,5.049318727717553,5.455555585233419,352735.1317288216,7.000492016446034
1094600,5.049561361573786,5.455901599739588,352752.37925130466,7.000862554895531
1094700,5.049768559505936,5.456126713852857,352770.49972176814,7.001070993377782
1094800,5.049996728938443,5.456400209595329,352786.147598353,7.001362998624836
1094900,5.050217817744034,5.456736949387191,352804.7206886276,7.001632551167262
1095000,5.050429287871014,5.4570666089526565,352823.04943822644,7.001871864074284
1095100,5.050680668900919,5.457415079820757,352839.28622899106,7.002253612357569
1095200,5.050911209377638,5.457621166120263,352855.98589336826,7.002498676838706
1095300,5.0511835711178295,5.457918625106483,352872.4960318469,7.002825565817325
1095400,5.051454869566754,5.458176435994386,352890.0690829982,7.003199275089411
1095500,5.051669346405335,5.458434328080158,352907.2758056277,7.0035556749803085
1095600,5.051912709851342,5.458624452065954,352925.3146266533,7.003737958474894
1095700,5.052136616522031,5.458804331429901,352943.2770683628,7.003973296758437
1095800,5.05236364376454,5.459008337179919,352959.53025867796,7.004273569877183
1095900,5.052604737313754,5.459185619365126,352977.2254846285,7.004510367551451
1096000,5.05288604705676,5.459422598864215,352992.52943189093,7.004824814010975
1096100,5.053108690050696,5.459632552289513,353008.0748922243,7.0051418665763
1096200,5.053355594437766,5.459983083173562,353024.9427849558,7.0054133375854475
1096300,5.053627041383813,5.460317515241952,353041.68468561594,7.005813338476948
1096400,5.053900585669567,5.460510389401694,353058.78254747915,7.006136380304147
1096500,5.054114396079602,5.4608323695508325,353075.6759139137,7.006388771275663
1096600,5.054347213723305,5.461085535609636,353094.58081620676,7.006777824261994
1096700,5.054583306120619,5.461323617080924,353110.50944097375,7.007101011928723
1096800,5.054798137685913,5.461603016480841,353128.6528204391,7.007496255239861
1096900,5.055047552110918,5.461914738158031,353146.3502876589,7.00778907149985
1097000,5.055264714917814,5.462231945582599,353162.73125341185,7.008171436673368
1097100,5.055533600853496,5.462438228904389,353178.5532774511,7.0084705224890405
1097200,5.05578088085347,5.4627789162613185,353195.2895313068,7.008686054145062
1097300,5.056055480094091,5.463121384341044,353210.85950370756,7.008923400866418
1097400,5.056314234842673,5.4634250371796345,353229.3464978375,7.009190002740616
1097500,5.05652283665873,5.4636973295670845,353246.7199618542,7.009532571698074
1097600,5.0567450545807935,5.463940279071961,353262.4020401334,7.009727414734457
1097700,5.056977748484765,5.464210744571627,353280.55113442533,7.009924937417068
1097800,5.057220675458969,5.464556681006543,353298.31337156956,7.0103222881681075
1097900,5.057466053587535,5.464873692526429,353315.6682271079,7.010603206767303
1098000,5.0577209281890765,5.465138439289642,353332.36745279183,7.010939770983357
1098100,5.057964315959608,5.4653516737221794,353348.1002840347,7.011342904476801
1098200,5.058202629209517,5.465630390290565,353363.38197510375,7.011540095500151
1098300,5.058475453058535,5.4659214965480825,353378.74845330435,7.011794799551576
1098400,5.0586928640323015,5.466220213640655,353394.0942864234,7.012014263563607
1098500,5.058961481292389,5.466437338229574,353410.6606108136,7.012416885313181
1098600,5.059239879885442,5.46671515479203,353426.8398229279,7.012699291598381
1098700,5.059500475096229,5.4669598447254915,353442.8209365832,7.013090228359452
1098800,5.059739527561248,5.467272993628945,353460.62919839745,7.013321724931305
1098900,5.059997095364421,5.467604913703598,353479.04993383493,7.013694032218947
1099000,5.0602665338565105,5.467810371061551,353496.97503342485,7.013937462947744
1099100,5.060476605831194,5.4680379689244045,353513.7606549631,7.014317304831699
1099200,5.060757260342334,5.468258750286434,353529.1847244467,7.014593741760755
1099300,5.060982917190235,5.4685182294698125,353544.7299069743,7.014838047732201
1099400,5.061258802776011,5.468793949544149,353563.32388514356,7.015122099411444
1099500,5.061473065626756,5.469006757817517,353581.6466328465,7.0153265578354365
1099600,5.061678091920864,5.469271725882762,353597.50652525894,7.0155838893940246
1099700,5.061932656749021,5.469547926234428,353612.9223494814,7.015939927042149
1099800,5.0622161263275345,5.4698146736871776,353628.41866786836,7.0163273031814395
1099900,5.0624617389821385,5.47010300127491,353644.9489536914,7.016660812978785
1100000,5.062703793325851,5.470296657345021,353661.79172006866,7.016829387362127
1100100,5.062902194501434,5.470592298946187,353679.5091711413,7.01720744178154
1100200,5.063164474445555,5.470865754179218,353695.23664168525,7.017494757611093
1100300,5.063443773271108,5.471182355510231,353713.80974195665,7.017797361232589
1100400,5.063652826312535,5.471361948204567,353729.97048452566,7.018120734610792
1100500,5.063907101607568,5.471549235953406,353745.7150963845,7.018288841653438
1100600,5.064140713732609,5.471756444781802,353760.88100153144,7.018655556079067
1100700,5.064411468309289,5.471940586408632,353778.04702621145,7.0190444009536845
1100800,5.064612315100567,5.472183524753951,353795.3967833925,7.019425275546477
1100900,5.064844374058511,5.472500380176147,353813.08849677106,7.019766586486695
1101000,5.065120065542324,5.472755825957851,353829.7246628225,7.019988985380939
1101100,5.065318214488161,5.473005744998931,353845.8465286281,7.020388924307046
1101200,5.065537601401621,5.473204329596974,353864.68252375047,7.020759507650772
1101300,5.065809886041665,5.473404240680065,353882.7988254498,7.021095772231501
1101400,5.06603669531354,5.473655570211852,353899.7433183183,7.021486300447251
1101500,5.066264135128632,5.4739449976921986,353916.3317315232,7.02176380880487
1101600,5.066469489377925,5.474139932430651,353934.3987919444,7.022153591936028
1101700,5.066705209976513,5.474344485850263,353950.9236599814,7.022426893975028
1101800,5.066979055857056,5.474530409405601,353969.0979357748,7.02260246114026
1101900,5.067199528288469,5.474873045190044,353985.57703079,7.0229006493099675
1102000,5.067423312697253,5.4750882846588835,354003.4331589776,7.023253668255195
1102100,5.067705754718131,5.4753752300375576,354019.79269761906,7.023482177663179
1102200,5.067970716453037,5.4755803037686706,354037.9167672132,7.023821407033275
1102300,5.068199013947333,5.475917786336305,354053.23773530254,7.023997417071543
1102400,5.068413670412345,5.4760995896294675,354071.8434972138,7.024238091051371
1102500,5.068666772398798,5.476415711101279,354087.8786250761,7.024578440004905
1102600,5.068894872952824,5.476713898239059,354106.5064006649,7.024744178575103
1102700,5.069129410915169,5.476999407949258,354124.60670119344,7.024970923869445
1102800,5.069392377575026,5.477199922478675,354141.65770809277,7.025164546502384
1102900,5.069590601858878,5.4773809033495,354158.9324880039,7.025464078140908
1103000,5.0698340513223945,5.477717633327403,354176.4231080863,7.025684131279327
1103100,5.070070494171223,5.477926075947758,354192.75690536655,7.0259549939181944
1103200,5.070285902803515,5.478145523080631,354210.68858344544,7.026222323949457
1103300,5.070532284671632,5.478361684008544,354225.8889457178,7.026501636756583
1103400,5.070747638692958,5.478672507039599,354243.79292468075,7.026804252317634
1103500,5.070987052018484,5.478888570138038,354259.7414397155,7.026969324703162
1103600,5.071206416848584,5.479129779857431,354277.06366914674,7.02734372569242
1103700,5.071481157621505,5.479361679623449,354293.21982525015,7.02752508039404
1103800,5.071717072768906,5.479575959405669,354311.9037187046,7.027873365816252
1103900,5.071997051893729,5.479902402401757,354327.84556056524,7.028226608727725
1104000,5.072276470865879,5.480236171663159,354344.0797705882,7.0284378973638955
1104100,5.072480500784707,5.480503324831142,354362.33348230907,7.028784512027118
1104200,5.072706903460367,5.480701882638027,354378.55849880335,7.0290154338876105
1104300,5.072924232823363,5.480903249745706,354395.37568373635,7.029218203178474
1104400,5.073126262503271,5.48120990092316,354413.4948434965,7.029575236188138
1104500,5.073394278684444,5.481516467012933,354431.04467281466,7.029889398393811
1104600,5.073617050261707,5.481850235726137,354446.6272517275,7.030212707341545
1104700,5.073825674136433,5.482149822084565,354462.0158814191,7.030430102246327
1104800,5.074084614082121,5.482397596271409,354480.32252880954,7.0306428705936845
1104900,5.074353991490153,5.482718394614176,354495.5150038493,7.030886987059118
1105000,5.074564085601651,5.483030682287809,354512.52640583453,7.0310622985497835
1105100,5.074791864661592,5.4833181704171325,354528.75398927776,7.031243917728899
1105200,5.075012265695429,5.483546927572938,354544.84857099765,7.031487198811557
1105300,5.075238462340531,5.483878231399619,354561.69492699916,7.0317914042720995
1105400,5.075468093287902,5.484165715779938,354577.50651541917,7.032043233035175
1105500,5.075743887357658,5.484342276621467,354594.0121307194,7.03239087687529
1105600,5.0759963902068925,5.4845752122051055,354609.4974759095,7.0326120736796165
1105700,5.076195615033054,5.48485181765739,354626.85193337675,7.032847816635884
1105800,5.076461388573636,5.485097162228413,354642.8900866717,7.0331357299906045
1105900,5.076667677982982,5.485296602569519,354660.4891954562,7.033521151816406
1106000,5.076880889000767,5.485525541261163,354676.57045215217,7.033688712906514
1106100,5.077083634055921,5.485840839890773,354692.8065701169,7.033907295739347
1106200,5.0773179639941075,5.486038308754316,354709.5038642027,7.034273523179224
1106300,5.077566906037726,5.486226816945332,354724.9243341137,7.034589471123274
1106400,5.077767446055162,5.486529133707709,354742.1778544209,7.034983998539235
1106500,5.0779729514443925,5.486786496381612,354760.56690120057,7.035283900580344
1106600,5.0781887285155705,5.4870340654848855,354777.35426510044,7.035506579185314
1106700,5.078424553961152,5.487253517279884,354792.91368381993,7.0358406219330485
1106800,5.078673237187858,5.4875927480667315,354810.1530344908,7.036122689906804
1106900,5.078909512266694,5.487872068638242,354826.0689485344,7.036517056013241
1107000,5.079113457602779,5.488088253577198,354842.77772946603,7.0367663731101615
1107100,5.079337158724512,5.488398017565301,354860.3083744125,7.0371329257494395
1107200,5.079572957969742,5.48873771770952,354875.7644703771,7.03745737395926
1107300,5.07977027546521,5.489003945225009,354892.88530201506,7.037653711671788
1107400,5.080030585944685,5.489263350238947,354908.99900612904,7.037848439216181
1107500,5.080249363582422,5.48951232669424,354924.20158942114,7.038162169188304
1107600,5.080516284693391,5.489814072439364,354940.0263302584,7.0384762101086205
1107700,5.080773009364278,5.490102872719492,354957.0034409449,7.038720733578596
1107800,5.0809782112029565,5.490352099605946,354974.89955926884,7.039065712187036
1107900,5.08124370718177,5.490534502842518,354991.36793004925,7.039365204725816
1108000,5.081519164845557,5.490823567260161,355009.3579756362,7.039636434066491
1108100,5.081730252935394,5.491014233287651,355026.4118093581,7.039950087626707
1108200,5.081957037445693,5.491256333733209,355043.8497619314,7.040330963527889
1108300,5.082222658353438,5.491512655489412,355059.0833251821,7.040590406412158
1108400,5.082465555193705,5.4918557123802065,355074.98459576955,7.040848148518978
1108500,5.082728381670745,5.492057776746759,355089.91440018255,7.041075420628762
1108600,5.082935842787209,5.492305250447278,355105.5790953508,7.041299825642832
1108700,5.083212462531042,5.492573541183028,355121.19306941034,7.04167577393551
1108800,5.083408702533832,5.492857938455707,355137.47459619347,7.041977311530032
1108900,5.083664660506753,5.493055579563177,355152.494534532,7.042292264235682
1109000,5.083882160549188,5.4933709579995496,355168.5417780038,7.0424558826278245
1109100,5.084142195466198,5.493575659039208,355183.67884143215,7.042740464053319
1109200,5.084392673542283,5.49378548732625,355202.1294201299,7.043108844661877
1109300,5.084665718144706,5.494077256178819,355220.00325023633,7.0433380721675185
1109400,5.08492763075277,5.494295993364063,355237.16447896394,7.0436742397567444
1109500,5.085142822100162,5.494552276272094,355252.10952912475,7.04384279479795
1109600,5.08534425716018,5.494726097426946,355269.485072723,7.0441619232359445
1109700,5.085621461125744,5.494945482599609,355285.54511672124,7.04439712897492
1109800,5.0858309708889005,5.49526835632171,355303.25772001693,7.044592715901557
1109900,5.086055583954149,5.4955076722633684,355320.3004708476,7.044908948058021
1110000,5.086302569682704,5.495802324549357,355336.5666443353,7.045207548472722
1110100,5.086539532234261,5.49602158847391,355354.1939777074,7.045392952382786
1110200,5.086793347179559,5.496217297731498,355370.47700751026,7.04570238105093
1110300,5.087057788758572,5.496436180150491,355388.2131506157,7.046086973874821
1110400,5.087253723143814,5.4966141140607085,355403.1459307986,7.0464455938525425
1110500,5.087470692396681,5.496902778602215,355420.800020191,7.046809054317945
1110600,5.087672034135692,5.497154360999432,355439.14541752374,7.047149532360517
1110700,5.087884672231094,5.497418655255435,355454.9344636127,7.047537150678285
1110800,5.088092142222131,5.497705024803182,355471.02101409255,7.047890794816707
1110900,5.088349084082951,5.497905039316028,355488.689105453,7.048103343134807
1111000,5.08860472331082,5.498100928250447,355505.1162404835,7.048469414427229
1111100,5.088871508270814,5.498329398416803,355522.70734424976,7.048678403966081
1111200,5.0891512152067175,5.4986538462860395,355540.0728361537,7.048932496991775
1111300,5.089392369393258,5.498830747855472,355558.09243657766,7.049124053056949
1111400,5.0895944656382675,5.499006899560177,355573.57211797824,7.0493243202022935
1111500,5.089863055595247,5.499245987582178,355588.68083875236,7.04961777150706
1111600,5.09010690079553,5.499499554208694,355606.9960883579,7.049820182854591
1111700,5.090346856524416,5.499767549807579,355622.39788514253,7.050174957241482
1111800,5.090550878269773,5.500050512162571,355638.2684836631,7.0504835833168125
1111900,5.090768216799625,5.500318943086191,355655.6985225691,7.050779418599329
1112000,5.090970664951887,5.500661488238276,355672.9078664377,7.0511134698592075
1112100,5.091229882995156,5.5009042794119685,355688.3677794477,7.0514692541870465
1112200,5.091440759289787,5.501229550503949,355705.4887652983,7.051697285921973
1112300,5.091712880938742,5.501535978712169,355721.30143976444,7.051870228369442
1112400,5.091918244590145,5.501829656080437,355738.6072176746,7.0520948433765245
1112500,5.092158288375805,5.502121777419734,355754.28564603504,7.052445817773846
1112600,5.092409288964795,5.502462101326246,355771.0297351686,7.05278546643067
1112700,5.092632670636933,5.502712249151748,355788.05044018367,7.053066908153091
1112800,5.092895649937661,5.502920235591965,355803.68948884465,7.053348561835998
1112900,5.093157400832196,5.503244322303247,355821.3449713407,7.053581232247716
1113000,5.093396008699527,5.5034206373377295,355839.57075603877,7.053820144955496
1113100,5.093611413799679,5.503693529587745,355856.6652557408,7.054118541629075
1113200,5.093820636504754,5.503979828859037,355874.7813609702,7.054371915208598
1113300,5.0940309580361935,5.5041705426387955,355891.0952397742,7.054598530217947
1113400,5.094298980821657,5.504379462647685,355906.6406829446,7.054795050295755
1113500,5.094508832597389,5.504613414403758,355924.60678536206,7.0549621636939355
1113600,5.094729924608836,5.504899543583274,355941.0989798255,7.055249167588623
1113700,5.094937831585286,5.505085557294995,355957.71934614744,7.055620952123883
1113800,5.095180196187821,5.505417537860309,355973.7633043233,7.055789152619027
1113900,5.095391448176751,5.505704916572316,355988.65269714844,7.056148861099777
1114000,5.095597739442127,5.50602941781391,356005.7671866268,7.056437146383192
1114100,5.095827501666213,5.506223277181687,356023.0840592967,7.056704424603842
1114200,5.096060239497581,5.506475853308459,356040.89552885486,7.0568958803446185
1114300,5.096283778402603,5.506735193232513,356056.8083589537,7.057232901660471
1114400,5.096555695294244,5.507021084086321,356074.46589291934,7.057567558820353
1114500,5.096761691190132,5.507239059313339,356090.1134226649,7.057809033473103
1114600,5.096957157477573,5.507432665035786,356106.309971945,7.058073945735436
1114700,5.0972113198880145,5.507680374078281,356123.9309304902,7.058421144745972
1114800,5.09748793885984,5.508018185538691,356141.2967332436,7.058639771003915
1114900,5.097711066992609,5.508221490889118,356158.5527700873,7.058967803190945
1115000,5.09793373556811,5.5084277636172825,356176.66305639775,7.059137184314231
1115100,5.0981764751102245,5.508717943160803,356191.8678376771,7.059299739502753
1115200,5.098453287039012,5.5089974235899755,356208.0713098799,7.059472992703004
1115300,5.098657731676521,5.509318975029827,356225.1208197385,7.059660726482717
1115400,5.098928446832821,5.509504245884412,356241.70347975864,7.05996627397462
1115500,5.099203732200728,5.509752029087737,356257.6541926824,7.060171914887551
1115600,5.09943563341489,5.510075889062522,356273.47195913777,7.060534804463874
1115700,5.099631819347896,5.510319369020204,356291.70576348325,7.060709576615548
1115800,5.099897908021968,5.510653217298269,356309.50535402365,7.060999575416004
1115900,5.100111092914184,5.510839663219995,356327.546389051,7.061308818374025
1116000,5.10034940233385,5.5110134772803425,356345.6555150015,7.061587190438723
1116100,5.100616809284895,5.5111933512056845,356362.3084780372,7.061928357265465
1116200,5.10088775667797,5.511440445217586,356377.5048438283,7.062302467233235
1116300,5.1011278021305815,5.511634587108574,356393.32881717785,7.062516386013012
1116400,5.101367669877002,5.511821592223771,356408.84765463864,7.062771353579482
1116500,5.101604822749829,5.512089597798732,356424.8728074935,7.063016909197217
1116600,5.101816074773185,5.512369796456785,356442.5997693701,7.063404245582278
1116700,5.102076942115686,5.5126830350122225,356457.63524068246,7.06368633014223
1116800,5.10229905813976,5.512914383766205,356475.9032134501,7.0639231508145155
1116900,5.102495132961513,5.513232516545151,356491.93685252767,7.064165081617517
1117000,5.10269512711466,5.5135716212324795,356507.9789574179,7.064538807528063
1117100,5.102968967261977,5.513781883079003,356524.05957051745,7.064765465068712
1117200,5.10318348449009,5.514118343579,356541.098906058,7.0650029931397595
1117300,5.103444844398181,5.514385695136826,356558.6923071592,7.065184074345467
1117400,5.1037076163299435,5.514666272056546,356576.9573982274,7.065393812168372
1117500,5.103900947838915,5.514992229904062,356592.58579016203,7.065772629281932
1117600,5.104155945828676,5.5152386145206,356610.4267174253,7.065988354806545
1117700,5.104412994536926,5.515565652935672,356627.4927197271,7.066306331788858
1117800,5.104606060300685,5.51581948221685,356644.6382655808,7.066621472004769
1117900,5.104827419293712,5.516049814538531,356660.28180332494,7.06683347399684
1118000,5.105069282449028,5.516271794103306,356678.3122678697,7.067217001066907
1118100,5.105262557095095,5.516509511677917,356695.2919173643,7.067518909377098
1118200,5.105492079466823,5.516722671445167,356712.46583457873,7.067831621459736
1118300,5.105750882820893,5.516994240399211,356730.335348945,7.068136401452363
1118400,5.106022266468725,5.517190826915898,356746.2633408676,7.0683725829896344
1118500,5.1062423911830646,5.51736353419788,356761.5359507029,7.068593610787598
1118600,5.106440466704057,5.517637087127902,356778.201791187,7.068984048522752
1118700,5.106700021320323,5.517911717947186,356796.3600524011,7.069147307565179
1118800,5.106907732847488,5.518138120303754,356812.9115386032,7.069535962596947
1118900,5.107111015665895,5.518332197549337,356829.2260371629,7.069761984106105
1119000,5.1073343962809306,5.518561887703153,356845.594988742,7.0699411127841
1119100,5.107584727034782,5.51879272788942,356861.5174348543,7.070315867129455
1119200,5.107850752985797,5.519040599084671,356877.07139722025,7.070547141523192
1119300,5.108074703374704,5.519273687222209,356894.37525464396,7.070856199552524
1119400,5.1083071745124995,5.519577111583033,356909.5388552881,7.0711852839524125
1119500,5.108559205863808,5.519817876957482,356925.7229651047,7.071490209386981
1119600,5.1088335210285045,5.5200974979884565,356943.82622913003,7.071715567965438
1119700,5.1090875223132795,5.520427236441134,356961.4840510353,7.07210199826072
1119800,5.109363561465811,5.520744309282198,356978.29147912713,7.072384560308304
1119900,5.109557553397522,5.521015126586271,356995.5031984207,7.072637259681676
1120000,5.109823773106417,5.521285431193817,357012.631447332,7.072835340041546
1120100,5.110056801671981,5.521615441244815,357029.93743967306,7.073202229985152
1120200,5.110319662529924,5.521830095059488,357045.59260344214,7.0735174500017175
1120300,5.1105721594233895,5.522098476735695,357063.71184100973,7.073825861909919
1120400,5.110784837064201,5.522366279913993,357080.6402711542,7.074106477329466
1120500,5.111006967409686,5.522573731987424,357097.76508509344,7.074470225281969
1120600,5.111246512111172,5.522849529586267,357115.93305419123,7.074773078453115
1120700,5.111459634916403,5.5230971270537825,357132.1048222942,7.074959946253634
1120800,5.111668659184124,5.5233572908759685,357147.2463957431,7.07524510464371
1120900,5.1119017943065,5.523531564191045,357164.8347019912,7.075516596132391
1121000,5.11216998879672,5.5237876737654314,357182.8820375343,7.075690071539123
1121100,5.112408786525239,5.524074865588699,357200.3050611299,7.075976159714685
1121200,5.112640301442416,5.524258637926225,357216.3804030754,7.07621080488184
1121300,5.112855868551332,5.524534527084442,357231.7680346128,7.076446937860853
1121400,5.113075214728542,5.524733466884716,357249.81406953995,7.076773042783623
1121500,5.113277966231356,5.5249150928104624,357267.5858130272,7.077079566122032
1121600,5.113532784511513,5.525101477437794,357283.313545979,7.077250217341252
1121700,5.1137650318836005,5.525326047117701,357299.3912655105,7.077485629114727
1121800,5.114012937222926,5.525547996895384,357315.5634957535,7.077853258719777
1121900,5.1142443031253375,5.525866658680319,357331.39785787987,7.078224910762484
1122000,5.114496083483117,5.526057408808555,357348.4116414985,7.078502161970756
1122100,5.114738865418928,5.52625902452191,357365.033101326,7.078731668982134
1122200,5.114944265088639,5.526526904971793,357382.5390798759,7.079010919177311
1122300,5.115169940021299,5.526799701600092,357399.65093436494,7.079212424568394
1122400,5.11537551180055,5.527027875923261,357415.3957659437,7.079473178581974
1122500,5.115575407616412,5.5273501930511095,357432.40971584833,7.079772121541631
1122600,5.115838013666892,5.527583759219384,357448.3646439173,7.079978430512552
1122700,5.116068574022882,5.527802537534476,357465.8118782866,7.0803194576872786
1122800,5.116270624105393,5.528127909233932,357483.17809823196,7.080604921842866
1122900,5.116513962296002,5.5284584668675585,357498.922897332,7.08093640461599
1123000,5.116760232210069,5.528744799554229,357514.9007938317,7.08123368325471
1123100,5.117016114282903,5.529029061426141,357532.2677248526,7.081407170944697
1123200,5.117285970601714,5.529357761620628,357550.137691296,7.081588167479452
1123300,5.117480317660156,5.529561988159441,357564.7779198809,7.081860030568183
1123400,5.117752312048301,5.52974970831629,357580.00119194697,7.082085912453437
1123500,5.117978097278093,5.529955816754093,357596.2847520248,7.082402375775875
1123600,5.1181929831075,5.530129220359317,357611.1409588253,7.082629460437011
1123700,5.118466941724256,5.530391466676998,357627.2628305886,7.082887650357676
1123800,5.118738474971623,5.530713644782684,357645.301939154,7.083247553471798
1123900,5.1189494814915255,5.530922227746259,357660.73613618984,7.083627792759128
1124000,5.1191569172449825,5.531248983975221,357677.0531999196,7.083806303381892
1124100,5.119408961873741,5.531574996392779,357691.78272967855,7.084054688196867
1124200,5.1196728576974655,5.531865372871959,357708.5619896563,7.084284654468984
1124300,5.119897602368635,5.532180838749722,357726.4244005978,7.084456440637051
1124400,5.12011320913209,5.532490488285381,357742.73944624176,7.084828573451051
1124500,5.120372143221789,5.532741241354852,357760.16786311974,7.085193001422191
1124600,5.12063873683677,5.533039904393309,357777.8842839403,7.085498737503826
1124700,5.120902798291258,5.533352294409662,357794.2648426025,7.085830570310363
1124800,5.1211394780871,5.533655065196134,357812.2495928746,7.08618879863889
1124900,5.1213810430153295,5.533968335426449,357827.5260496316,7.086383651102599
1125000,5.121620130353801,5.5342936573759385,357842.74292876717,7.086632011917803
1125100,5.121834406743874,5.534494265694254,357860.2262490509,7.086817096866839
1125200,5.122084519938906,5.534750558662055,357876.98462185066,7.087045433613349
1125300,5.122313636931691,5.534969737835641,357893.3534276511,7.087347729848669
1125400,5.122516949595992,5.535204163274406,357909.97084045986,7.0876868249364575
1125500,5.12274241555256,5.535433319705319,357924.87377158465,7.087904804513094
1125600,5.122945982821658,5.535697927746926,357940.5508421105,7.088104693166894
1125700,5.12320354709558,5.535956444881853,357956.1919407836,7.088484804586099
1125800,5.123444297371849,5.5362719661374555,357970.9158236995,7.088776992665227
1125900,5.1236601857297535,5.536586487490884,357985.4758082453,7.088951005450698
1126000,5.123905959917114,5.536853815016356,358001.9891434187,7.089225808071956
1126100,5.124111786350093,5.537054316558207,358018.12244160165,7.089503172721873
1126200,5.124307667482906,5.537258687263842,358032.6322589083,7.089866729596127
1126300,5.1245140121045845,5.537561593319194,358049.06929672085,7.0901700306665045
1126400,5.124747279663753,5.537738229561672,358065.1559102541,7.090374978122402
1126500,5.124973777637771,5.537922405357323,358081.7227445958,7.090671364415214
1126600,5.12523713912882,5.538155013333419,358096.62854289723,7.090961552469362
1126700,5.125457624448611,5.538449516230859,358113.5305836183,7.091235370720476
1126800,5.125658948321454,5.53862070003699,358128.37749987683,7.091598225410673
1126900,5.125860869521595,5.538825172953737,358144.43298055115,7.091863656242882
1127000,5.126061168754597,5.539115299364701,358159.46935646253,7.092241745373351
1127100,5.126262823227841,5.539445866375839,358174.2288807927,7.092504540800499
1127200,5.126511406613875,5.539759468248771,358188.9716601082,7.092727233851583
1127300,5.126719774109659,5.540069039380109,358206.20095142693,7.093050095245587
1127400,5.126913441236275,5.540402012863368,358220.72534323775,7.093420794609714
1127500,5.127139135177804,5.540589394982237,358235.27225062525,7.093606888265153
1127600,5.127358569964373,5.540782714896595,358251.7788872243,7.093924980551951
1127700,5.127598662700391,5.541018640920523,358268.2923590162,7.094224201057725
1127800,5.127862076327184,5.541270221941886,358283.36227246746,7.094502823126436
1127900,5.128086942279605,5.541515973146481,358301.1503493902,7.094727164589222
1128000,5.128276802553396,5.5417459276673755,358317.7215997586,7.095103568831618
1128100,5.1284916134042655,5.542034569002647,358332.61269275536,7.095342472608381
1128200,5.128701039275395,5.542283971790545,358350.6155685588,7.09564184253924
1128300,5.128892700286351,5.542465079052964,358368.0722321229,7.09587274074698
1128400,5.129129451021026,5.5427494597185865,358383.91929924785,7.096037246477433
1128500,5.129389851140049,5.542982848993123,358399.47814096307,7.096395973708264
1128600,5.129647601805957,5.543268186008708,358415.503329599,7.096747553605401
1128700,5.129905408782278,5.543561470413295,358430.11162206443,7.097022773922742
1128800,5.130131740752957,5.543830487578361,358447.1234426327,7.0973984186721255
1128900,5.130364956015301,5.54409713865246,358463.563083196,7.097775359878713
1129000,5.130572917897908,5.544287746446022,358481.54374091415,7.097998876078704
1129100,5.1307697154940275,5.544584048769911,358498.62887405884,7.098344214600856
1129200,5.130987745410155,5.544798915431525,358515.4849594649,7.098678267000831
1129300,5.131255790292094,5.544986793856615,358532.1689621775,7.099015481239018
1129400,5.13145201193907,5.545296797920461,358548.27559256484,7.099307440609782
1129500,5.131717794496964,5.545609689132213,358566.0947767069,7.099642956327663
1129600,5.131979923856898,5.545886834926686,358582.1986557603,7.09997150782121
1129700,5.132210609805392,5.546148967195691,358599.22353716445,7.100211368030153
1129800,5.132426662119242,5.546454297330218,358614.7120861407,7.100543199684056
1129900,5.132649305037353,5.5466938164453845,358631.37170697935,7.100701689579783
1130000,5.132901753063686,5.546968763225535,358646.8999690945,7.101028055667158
1130100,5.133125814680501,5.547189513167405,358663.22711991693,7.101373721678884
1130200,5.133366229086241,5.547380051257477,358677.8408443812,7.101589073360146
1130300,5.133594146918839,5.547672302466487,358694.4185019996,7.101828445497799
1130400,5.133824781639283,5.5479321052328014,358711.9290941648,7.102147240616635
1130500,5.1340944752045905,5.5481206445656905,358726.76038155466,7.102334980384465
1130600,5.134285485977697,5.5484320424440705,358741.37633907294,7.1026594734289965
1130700,5.134504436677948,5.548666155655449,358758.51089383074,7.102942107637839
1130800,5.134714793299761,5.548995935651018,358774.0564237439,7.10324322869574
1130900,5.134974327125216,5.549196715112687,358790.54040558176,7.103440312917721
1131000,5.135186202634498,5.54937955061123,358805.43120706594,7.103649639674582
1131100,5.135422242988684,5.549696047635818,358821.00896859315,7.103914580852058
1131200,5.13566707511306,5.5499250239873446,358836.3402526644,7.104116020918103
1131300,5.135904839659379,5.550175951815345,358853.2760579686,7.104428751392385
1131400,5.136132237801819,5.550495729924499,358871.0689145684,7.1046004922056305
1131500,5.136348717326452,5.550793951411821,358885.5856532978,7.104855030520465
1131600,5.136591592983303,5.551110339031497,358901.0998684507,7.105036652057027
1131700,5.136850715942763,5.551388065400883,358918.4104840529,7.105257510032994
1131800,5.137070531712125,5.551571831184377,358932.8327947682,7.105453428863459
1131900,5.1372927279867735,5.551870998374582,358949.28228343144,7.105611266201476
1132000,5.137547609363277,5.552196518711743,358965.791012649,7.105945818825496
1132100,5.1377870814396225,5.552380148211949,358982.2578408697,7.106190950723421
1132200,5.138002219104026,5.5526191247605245,358999.2618007655,7.1065741062419665
1132300,5.138241174752755,5.5529157249084475,359013.73746086523,7.106735855641128
1132400,5.138485008459674,5.5532183857977335,359028.7741218118,7.107093111870888
1132500,5.138738085381914,5.5535241837223674,359043.3798010667,7.107342452729738
1132600,5.138930773273192,5.553747924199463,359058.00313036185,7.107567678232327
1132700,5.139137186487414,5.554042488831276,359073.88483784173,7.107875200272458
1132800,5.13938868113129,5.554249944665472,359089.3076550973,7.108246703841203
1132900,5.139578176369998,5.554464849671538,359104.0187458848,7.1085980304957985
1133000,5.139786936440106,5.554675864795093,359121.63875042606,7.108804646305679
1133100,5.140012437551606,5.554896196948955,359137.37615615677,7.10899407033143
1133200,5.140243176354574,5.555176741158124,359152.78357098135,7.109169230160959
1133300,5.140508849675147,5.555497005557558,359167.6167811903,7.10950927695916
1133400,5.14074624273113,5.5557655801230394,359183.41924960905,7.109876168864642
1133500,5.141001491029392,5.556043689357616,359198.0211228001,7.110218546662259
1133600,5.141211059602092,5.556266797128619,359215.3907421326,7.11038680813088
1133700,5.141415141953967,5.556583815077283,359233.12638569315,7.1105779252633745
1133800,5.141626176750048,5.556844774909275,359247.8097522823,7.110919388883876
1133900,5.141847544049347,5.5570925528393715,359262.36452996766,7.111276923367229
1134000,5.142098537173705,5.5573688742814005,359278.3508340181,7.111621716864251
1134100,5.142359791848765,5.557655806930121,359295.25859302294,7.112002567481505
1134200,5.142612017183712,5.557826885289102,359311.1633861905,7.112182679467317
1134300,5.142865200039689,5.558020283366841,359327.2218405176,7.11234725923308
1134400,5.143103835396705,5.558327975009243,359343.93041026616,7.112681780704149
1134500,5.143354909137138,5.558595938473053,359360.17017943686,7.112880325111371
1134600,5.143576875349296,5.558798693571829,359377.07874954154,7.1132340118248525
1134700,5.1437654086344615,5.559039579293763,359394.66069418355,7.113506694016581
1134800,5.144033837208636,5.559268839393476,359410.0316826135,7.113751226889167
1134900,5.144247573755483,5.559473017151073,359424.3881141729,7.113967960281527
1135000,5.144450996208923,5.559674350348207,359440.5964633669,7.114265176343801
1135100,5.144672217105053,5.559904221313529,359454.89494948724,7.114481975645682
1135200,5.144866000017241,5.560153292107479,359472.22456391336,7.114850731560807
1135300,5.145093071240776,5.5604806565655,359489.4142985674,7.115108880573342
1135400,5.145293024089112,5.560685779709802,359506.4103488599,7.115265897729288
1135500,5.145539713931677,5.560851812455163,359522.0284070117,7.1154878663887065
1135600,5.145775490594468,5.561023909598298,359537.1211414627,7.1157328642364615
1135700,5.146017791744118,5.56133942670356,359553.5426528157,7.1160442498569765
1135800,5.146220453571019,5.561653621419074,359567.91378979594,7.116387551430653
1135900,5.146424722027525,5.561896395078324,359584.76032339537,7.116735742299462
1136000,5.146656881904409,5.5620673675085275,359601.034949219,7.116961868573767
1136100,5.1468813901768655,5.5623710755680325,359616.61408169556,7.117168482249174
1136200,5.147122023017893,5.562605347689929,359632.69692314963,7.117409422805414
1136300,5.147321398096719,5.562904951917791,359648.89083150297,7.117736512687005
1136400,5.147548849869595,5.563152419489928,359663.16652607743,7.1180312687505305
1136500,5.14777479055285,5.563337088602089,359679.6074069677,7.118222741603199
1136600,5.147973737852426,5.563530040992938,359695.87987580686,7.118379578773323
1136700,5.148163121312818,5.563832071980626,359711.72642610635,7.118589822578788
1136800,5.148396531784591,5.564126458906507,359726.3523387481,7.118942173403956
1136900,5.148583804066398,5.564300893561336,359742.82525984326,7.119269528959245
1137000,5.148820953630446,5.5645508435323,359759.6940249413,7.1195279998927985
1137100,5.149011758106279,5.564811878767435,359775.5230836211,7.119773833516266
1137200,5.149214087975628,5.564994101894281,359790.02693471184,7.119942698298493
1137300,5.149476375443453,5.5652279792224215,359805.6198239064,7.12028268707479
1137400,5.1497023357635925,5.565438406618022,359821.5400716555,7.12063375261145
1137500,5.149955576613214,5.565739108054414,359836.1617687692,7.120825359785677
1137600,5.150185644287235,5.566024590609656,359850.71711620234,7.121162607581765
1137700,5.150394000641149,5.566306309001423,359866.6003112466,7.121524134630193
1137800,5.150581055196122,5.5665574892940155,359882.3106959069,7.121694129760675
1137900,5.150788602614692,5.566875191083368,359896.5835788764,7.122068467781583
1138000,5.150983381270278,5.567166405508335,359911.9924188815,7.122446324630025
1138100,5.151223567231604,5.567430080857504,359926.24044613953,7.1227981819547255
1138200,5.151469314530124,5.567622237827776,359940.7356059936,7.123161729002456
1138300,5.151698123592457,5.567873806980248,359956.69029051706,7.123332588120907
1138400,5.1519136498606395,5.568076972848766,359972.84137398953,7.123657547156067
1138500,5.15210761269974,5.568283366911651,359989.4194638132,7.124003128855983
1138600,5.152305157793144,5.5684589240499545,360005.5675570269,7.124294496202915
1138700,5.152556740339906,5.568678847924287,360022.60331444046,7.124595235733532
1138800,5.152779278411519,5.568944115522074,360039.813069152,7.124959651271247
1138900,5.153035443429666,5.569161860151529,360056.25940526737,7.125160891984195
1139000,5.153269128668255,5.569340788720457,360070.8062007969,7.125491552509843
1139100,5.153467655154124,5.5696067713718795,360086.75851930724,7.125762804910563
1139200,5.153705199672488,5.569861243497061,360102.6724394734,7.126027508195728
1139300,5.153966059287996,5.570098608531105,360119.2465200846,7.126200228138388
1139400,5.154195785463566,5.570359621773556,360135.3048235917,7.1264765726999
1139500,5.1544360496159065,5.5706291667316625,360152.2069028522,7.1266750931356855
1139600,5.1546933995546675,5.570859991439199,360168.3174440683,7.12695406210277
1139700,5.154890640592772,5.571041139268905,360185.36850473715,7.127287978948626
1139800,5.155146743575104,5.571335625241507,360200.91157528025,7.127543454856287
1139900,5.15539712618775,5.571547234255815,360218.2692439684,7.127838769540283
1140000,5.155597394276253,5.5718337185692075,360233.84418656165,7.1280659252962995
1140100,5.1557976805235315,5.572133448139677,360250.25379272853,7.128262257830865
1140200,5.156055155792499,5.572436966777318,360266.33479059016,7.128548584510261
1140300,5.156250756282323,5.572756233601448,360281.47652616265,7.1287272420724195
1140400,5.1565049437754045,5.573038969980091,360296.4126831974,7.128985843560496
1140500,5.156734064264141,5.5733090212610765,360311.02948158025,7.129238499485
1140600,5.15692461346629,5.573559806189646,360325.5356682133,7.129436949491556
1140700,5.157159029959945,5.573806316887719,360340.38648708444,7.129757743903038
1140800,5.157359165509565,5.574114489820812,360357.07272571936,7.130087965811265
1140900,5.157551147250369,5.574380922939423,360371.99482056877,7.13045278548842
1141000,5.157763108815189,5.574575298849627,360389.3577906434,7.130680135460359
1141100,5.157983558890077,5.574886990844242,360405.7872219128,7.130859435411719
1141200,5.158238606201721,5.575094730852981,360421.63387825544,7.131127501803086
1141300,5.158471082788413,5.57537087170345,360437.1455029027,7.131362767708989
1141400,5.15871921245511,5.575656589090427,360454.6744407372,7.131720356212602
1141500,5.158946441467067,5.575899381428775,360470.84625293897,7.13206340024602
1141600,5.159141372118949,5.576109708494298,360487.26196077466,7.132315130839527
1141700,5.159372884435311,5.576333575191138,360504.2648645694,7.132626028289424
1141800,5.159599106951971,5.576506845663499,360518.8974410062,7.132807633976877
1141900,5.159838339833889,5.5767821697587365,360534.1216874836,7.1330394098092
1142000,5.160059780385054,5.577037596247041,360549.9056171878,7.133230424271611
1142100,5.160273575499699,5.577283961224068,360565.1935193688,7.133552903200237
1142200,5.160538501537995,5.577510412161586,360579.7342351991,7.133873876728297
1142300,5.160789666482179,5.577812410895496,360594.39622990316,7.1340736751001295
1142400,5.160991792168787,5.578028187992338,360609.9509543645,7.13439573803862
1142500,5.16119375863637,5.578250292159441,360624.2771906282,7.134746852857491
1142600,5.161422040759162,5.578540303764053,360639.7772450879,7.134960385522749
1142700,5.16166798661834,5.57873677754546,360654.67525689624,7.135287429255645
1142800,5.161891326154372,5.579006851105157,360668.78974561265,7.135636480107283
1142900,5.162076052061075,5.579272884301842,360683.6663108555,7.135915253756823
1143000,5.162314800188889,5.579487948312905,360701.2150137095,7.136215813819191
1143100,5.162542449317625,5.579750795923864,360715.9853568497,7.136522629036476
1143200,5.162805714673283,5.579985213907931,360730.7753633431,7.136764028246256
1143300,5.163070462987387,5.580211411380803,360745.63275211933,7.137106235510376
1143400,5.1633015484899065,5.580472541204849,360760.6703474102,7.137331041573903
1143500,5.163498879268988,5.580654007257718,360776.36692390393,7.137486434275665
1143600,5.163742984110821,5.580938764077463,360793.4101680424,7.137807823894725
1143700,5.163961735528787,5.5811789898648945,360810.2917628963,7.138125020626857
1143800,5.164165411703882,5.581427221621684,360826.5756962523,7.13844487683899
1143900,5.164426968575814,5.581673110991359,360841.06495295034,7.138679541055018
1144000,5.164632007265382,5.581868400569041,360858.1451023469,7.139040779271959
1144100,5.164821746983971,5.582069175908297,360875.05293675256,7.139283271917732
1144200,5.165080699733664,5.582264823498605,360892.52185999695,7.139632930090975
1144300,5.165311795049006,5.58256650171689,360908.896306888,7.139897121559339
1144400,5.165566136838052,5.582816406523379,360924.42881486483,7.1401521607968
1144500,5.16577975049176,5.583016991287463,360940.4761116413,7.140492198968664
1144600,5.166020969932168,5.583180746449965,360957.2648794295,7.140831167751873
1144700,5.166270840033136,5.583358136754875,360972.527625585,7.141164124283621
1144800,5.166515999403272,5.5835828503515845,360987.68477471825,7.1414703857072155
1144900,5.1667200670481614,5.5837973463385815,361005.1479438923,7.141706974249174
1145000,5.166949469643955,5.584073243485314,361019.62054533855,7.141990766675574
1145100,5.167185887667867,5.584304599511915,361035.8080876383,7.142241080002741
1145200,5.167444090596116,5.584527161588211,361050.158734415,7.142515263316076
1145300,5.167682991448825,5.584846118248432,361065.2322416793,7.142700804670516
1145400,5.1678969599948426,5.585085831590279,361080.0125980016,7.1429728104019805
1145500,5.168101856230891,5.5853977898392975,361096.59888387047,7.143163644167911
1145600,5.168309549408169,5.585685368502874,361112.63386687374,7.14345850903696
1145700,5.168539273659209,5.585967598020032,361127.6339470205,7.143698777419472
1145800,5.168735453037593,5.586156304790191,361142.23026110866,7.144030600970583
1145900,5.168995666353325,5.586475528347805,361158.16163606563,7.144319766434564
1146000,5.169248920476753,5.586654494749873,361174.9071716711,7.144593811639579
1146100,5.169498282829618,5.5868358321708795,361190.2498786167,7.144836803802375
1146200,5.169710795981139,5.587107243265248,361205.9477022634,7.145177354325134
1146300,5.169899130588306,5.587356755082114,361221.1686721412,7.145402906604007
1146400,5.170104829852866,5.587532781529211,361235.4536061993,7.145634813710045
1146500,5.170331071071456,5.587830591992667,361250.1802186297,7.145974392364427
1146600,5.170588876890921,5.588026564181658,361265.19572225056,7.1462321479386475
1146700,5.17077776232391,5.58821060787333,361282.6319258793,7.146415466834463
1146800,5.171041133893419,5.5883842801284525,361298.3156284271,7.146744520623913
1146900,5.171241084712092,5.588643670004266,361313.86624129285,7.146920992644372
1147000,5.171486626365454,5.588926999388525,361328.9119955938,7.1472611484374555
1147100,5.171691653150807,5.589231585378742,361342.89402692375,7.1475839191715576
1147200,5.171910204653725,5.589478416768928,361356.9083375349,7.147846927077124
1147300,5.1721718961203145,5.58967696545398,361370.8842099899,7.148037973782975
1147400,5.17241400415379,5.589854312580464,361385.28870755667,7.148330862219377
1147500,5.172607610041478,5.5900757720658385,361400.0201546845,7.148568257596482
1147600,5.172802579163074,5.5903517713581605,361414.6186052483,7.148821528346985
1147700,5.1730416159483505,5.590632165727119,361429.71984412393,7.149058789264652
1147800,5.173224914936572,5.590926227451063,361444.13495868957,7.149430043685148
1147900,5.173483442399844,5.591168602753087,361458.73431983136,7.149585126462028
1148000,5.173678982699883,5.59146463856067,361473.32255668385,7.14973822269026
1148100,5.1738635490532126,5.59177254104379,361487.5885040309,7.1499594762438905
1148200,5.17410934270655,5.5920523608959725,361504.95999658626,7.150117029838176
1148300,5.17431232800479,5.592281565011073,361521.30282956455,7.150484585844893
1148400,5.174515419677665,5.592496553375728,361538.6584009601,7.150723110526147
1148500,5.17470076946285,5.59275822489192,361555.2562131793,7.151075722809675
1148600,5.174891543593971,5.593006276061196,361569.4116179389,7.151361355291672
1148700,5.175111452567161,5.593306613298861,361586.01650657336,7.151692223707557
1148800,5.175318521407712,5.593625391730835,361600.1157857966,7.152060648712203
1148900,5.175579631297333,5.593914499333221,361615.13944718684,7.152293465716812
1149000,5.175825811437301,5.594233646118594,361629.75705692364,7.152615825579539
1149100,5.176068536879974,5.594414666077976,361645.1539101366,7.152959931451704
1149200,5.176320950165349,5.594684293337473,361660.3800819706,7.153168220165398
1149300,5.176544040189077,5.594927375527192,361675.1033512548,7.153360073300864
1149400,5.176776298567386,5.595091250660277,361692.24853932724,7.15364001497407
1149500,5.177026232084274,5.595310437233279,361709.5667906897,7.153935188414952
1149600,5.177238522637694,5.595568237000443,361724.9047101515,7.154162473414929
1149700,5.17746846348722,5.5958060361305835,361740.1428914001,7.15439305750735
1149800,5.177730022666424,5.596079411157256,361754.5911868035,7.154566763097903
1149900,5.177991845947197,5.596314618430306,361769.1209420388,7.15478564528014
1150000,5.178189714061256,5.596566536120473,361784.4003639199,7.155150658540905
1150100,5.178423904025016,5.596776984038313,361800.118924874,7.155305909325898
1150200,5.178674019971554,5.596946641267655,361814.5032243185,7.15553502534866
1150300,5.178873564978711,5.597185800207638,361829.8724814035,7.155707714705843
1150400,5.1791121572455285,5.597390174909424,361845.07448373706,7.1558852685255046
1150500,5.179326178407944,5.597647842511627,361859.86574098666,7.156147671190543
1150600,5.179564438504034,5.597814815588324,361875.84264545614,7.1563153092529275
1150700,5.179808495576902,5.598036025635973,361890.09369543055,7.1566395077987
1150800,5.180007322993448,5.598310352691328,361903.9926947424,7.156805565235146
1150900,5.180221903051605,5.598580487878212,361919.5557250233,7.156972527792072
1151000,5.180437956133881,5.598897589715214,361934.6507567026,7.157202893065376
1151100,5.180655901049149,5.599106564344066,361951.3572173958,7.157510526003363
1151200,5.180845086391946,5.599426720470566,361965.6983234494,7.157747883319357
1151300,5.181029539344381,5.599595487441585,361982.1051293815,7.158105171166167
1151400,5.181287301173424,5.599863683475164,361999.33201681747,7.158260128214315
1151500,5.181491971883382,5.600096310072824,362013.4682071653,7.1585336615977395
1151600,5.18173740144344,5.600279047229516,362029.2065325047,7.15886312510314
1151700,5.181937376916959,5.600538517973465,362043.25594669627,7.159116810262309
1151800,5.182150690027432,5.600846877127004,362058.57517605816,7.159332083175885
1151900,5.182375738370382,5.6010961572724725,362073.54814969306,7.1595930626169455
1152000,5.182625494112335,5.601391729696649,362088.66984869516,7.159837762438263
1152100,5.1828717803014674,5.601680018792325,362104.37615930033,7.1601565605689155
1152200,5.183124012450127,5.60191284678429,362119.06728599814,7.1605020557201815
1152300,5.183315372795173,5.6020957302724765,362136.12787200545,7.160690725601008
1152400,5.183511736484217,5.602318202499906,362152.87833914894,7.160989562375556
1152500,5.183738299515913,5.602636882745277,362167.5118307072,7.161254343124808
1152600,5.183981676731339,5.6028328920962895,362183.60284428176,7.161445051767028
1152700,5.184205648726583,5.603147737240841,362197.58983702515,7.161617878266274
1152800,5.184387409280021,5.603423683098682,362212.3087759946,7.16182381204636
1152900,5.184638046711124,5.6036299995175956,362226.2684074611,7.162155032593411
1153000,5.184868592167351,5.6038960415711685,362240.38306420355,7.162363982113358
1153100,5.1851230081130995,5.604147894360924,362254.71491064987,7.162611963043085
1153200,5.1853359739556595,5.604435849679245,362270.4297279719,7.162862798638222
1153300,5.18551899592238,5.604617514724598,362285.07665513,7.1632265081378295
1153400,5.185739548848932,5.604875286679192,362301.49960015825,7.1634329111311414
1153500,5.1859955409472445,5.605074050201691,362318.30369362724,7.16361135273776
1153600,5.186237913412784,5.605388595354444,362333.10000255005,7.163848274901504
1153700,5.1864641002013485,5.605628683097021,362348.5856391026,7.164107958209067
1153800,5.186684423657499,5.6058543601073145,362364.61658342613,7.164327769268918
1153900,5.186901478632866,5.606041201342283,362379.52315540874,7.164585187618053
1154000,5.187133048366024,5.606358601575954,362396.2350506854,7.1647417410765275
1154100,5.187347860239489,5.6065258539026,362413.1030851565,7.164985094493739
1154200,5.187584645794643,5.606749693740463,362427.77793592995,7.165162507777184
1154300,5.187832769506595,5.606913730130734,362441.6547254754,7.1655013046447635
1154400,5.188035263700294,5.607203156523636,362457.3562793494,7.165721543990823
1154500,5.1882553538537755,5.6073661574438,362474.0988446259,7.165893431594811
1154600,5.188471702754442,5.6075527510805285,362489.11163867934,7.166224294871001
1154700,5.188688475360356,5.60775772805933,362504.9784671197,7.166487675092073
1154800,5.1888797118510865,5.607995243908653,362521.44241921627,7.1667948225821
1154900,5.189065284270717,5.608196366181089,362537.42063321493,7.167109490077153
1155000,5.189281510383814,5.608437106034828,362553.0025178088,7.167355433431636
1155100,5.189517571323421,5.608685189818524,362568.13981400855,7.167590881067939
1155200,5.189758418172607,5.6088614566587625,362582.1747641332,7.167940173008945
1155300,5.189974945657631,5.609097501089657,362596.1474785656,7.168225070032687
1155400,5.1901738643226105,5.6093265706988396,362612.2584207598,7.168501971938934
1155500,5.190378995168245,5.609613388864411,362626.27897364885,7.168853069078015
1155600,5.190595749411668,5.609906419375607,362641.95389358327,7.169189381070658
1155700,5.190804743765485,5.610079150805114,362658.2820969797,7.169469318498237
1155800,5.191051267830576,5.61027953669512,362673.9741015917,7.1698271697506035
1155900,5.191281992059652,5.610480846921576,362688.5610746873,7.170187279141739
1156000,5.191485461084454,5.610798101402418,362702.68637707474,7.170486233524417
1156100,5.19166589950498,5.610960671800393,362717.9197397038,7.170829147986367
1156200,5.191851366336918,5.611173341065285,362732.4525059483,7.171134959013922
1156300,5.192058133612375,5.611489696745619,362747.1824392213,7.171296506314518
1156400,5.192286467750913,5.611714671853577,362763.48449362733,7.171593190617048
1156500,5.192529414166757,5.6119904614069975,362779.50332350895,7.1718290095810415
1156600,5.192729355556345,5.612158530103349,362795.3513746222,7.172135620420198
1156700,5.19297512618341,5.612420009161934,362811.6308309716,7.17240876677355
1156800,5.193213084530812,5.612669505927632,362828.39414011163,7.172731544900356
1156900,5.193444743430549,5.612934068591228,362844.5019038101,7.172963616110856
1157000,5.193679610843961,5.613183284750614,362859.7790116601,7.1731984122797945
1157100,5.193928136966413,5.613414526477476,362874.83767883026,7.173556013488859
1157200,5.194146449376725,5.613725479757629,362890.8038179931,7.17390044849525
1157300,5.194382944355724,5.614011978630329,362905.1260347379,7.174236562248984
1157400,5.194578663647969,5.6141889475210425,362920.58890649944,7.17449312401185
1157500,5.194831633783436,5.6143723604267475,362935.0730304667,7.174716198263673
1157600,5.195078575257856,5.614538841959344,362951.2345114643,7.1749395264744695
1157700,5.195291061283527,5.614826258636215,362968.3226947742,7.175181541915079
1157800,5.195544425425626,5.615124504319615,362984.0888117943,7.175535049415704
1157900,5.195730920145933,5.615356543239144,363001.0730133204,7.175756669365731
1158000,5.19595232594778,5.6155706557934675,363015.6841025872,7.175947811512221
1158100,5.196151233165143,5.61575446013215,363031.72777402046,7.176219657721769
1158200,5.196375414806046,5.615980542820784,363046.25099032983,7.176533027308702
1158300,5.196604932410098,5.6162502562066745,363060.4351495597,7.176715862198073
1158400,5.196818405210066,5.616419335015818,363074.2317577108,7.177047135836133
1158500,5.197067922718279,5.616591758869014,363089.7383360369,7.177387598194336
1158600,5.197311551974816,5.616853630203776,363106.34790248686,7.177586141281668
1158700,5.1975651212253196,5.617049076458995,363121.3148169704,7.177831583630463
1158800,5.197758934218784,5.617226872294937,363135.6809008695,7.178165050845017
1158900,5.197972123441701,5.617414396487226,363151.7328788452,7.178329228848336
1159000,5.1981774033387795,5.617671195786825,363166.75666756096,7.178639189428323
1159100,5.198379552814553,5.617899399646064,363180.59490548825,7.178979710935147
1159200,5.198594863794716,5.618131985563645,363196.172119882,7.179261853832739
1159300,5.198814440508068,5.618405194350276,363210.6457920755,7.17955823435621
1159400,5.199002192281604,5.618595421553812,363227.18120814237,7.179814788345629
1159500,5.199250831238128,5.618785845393943,363242.640354885,7.179999784280203
1159600,5.199488891029226,5.619024564372345,363258.4076204286,7.1802143747094105
1159700,5.1996718162615565,5.619230013524887,363273.0657951792,7.180408229055858
1159800,5.199866915438994,5.619431351083534,363289.3353700532,7.180566397213527
1159900,5.200111521365669,5.619665188989617,363304.31488592265,7.180879763896858
1160000,5.200303038546729,5.619858874646377,363321.0052648542,7.181108616338118
1160100,5.200519711723622,5.620029357914094,363334.9130061393,7.181332376189196
1160200,5.2007134417723915,5.6203096383997915,363350.9933912636,7.18149840113571
1160300,5.200910341560624,5.6206122708681985,363366.0812551195,7.1816578874205375
1160400,5.2010982566259525,5.620909219335989,363382.2180072797,7.181935123276296
1160500,5.20130163253558,5.621093979139771,363398.7201568376,7.182132446060254
1160600,5.2014850328328315,5.621407485515566,363413.9803300131,7.182389927394742
1160700,5.201735335852645,5.621688215452467,363428.86101081705,7.182542713851389
1160800,5.201926233434384,5.621912878919454,363445.7846618094,7.182857020523679
1160900,5.202138633090273,5.6220743357777625,363460.33167521603,7.183165176381494
1161000,5.202325109363965,5.622271070962127,363475.4197349589,7.1833966451341595
1161100,5.202511986189871,5.622552107630554,363490.60617176455,7.183727382078473
1161200,5.202718030151101,5.6228155494421035,363504.5363200977,7.183990902090069
1161300,5.202935004595108,5.623067637247556,363520.6724997414,7.184310570178429
1161400,5.203157617069849,5.623235958950737,363536.2880078525,7.184607085280974
1161500,5.203357299527413,5.6235460519785105,363552.78164730966,7.184872390802982
1161600,5.203545630480848,5.623740338487907,363567.44129800104,7.1850981075900195
1161700,5.203775985171433,5.623908139972113,363583.12361887615,7.185288519749221
1161800,5.203977670492037,5.624127876713245,363597.53999922774,7.185477470883906
1161900,5.204227829028635,5.624360003163304,363611.6968676091,7.185677184375879
1162000,5.204463676091242,5.624544706671138,363625.37605126086,7.185864022934138
1162100,5.204695611676129,5.624813115574054,363639.39780047577,7.186103460710161
1162200,5.204896055280501,5.625094635679305,363653.73766599107,7.186322099286811
1162300,5.20509814546627,5.62536929153452,363667.80964787834,7.186520342226309
1162400,5.205294164314701,5.625562914284214,363682.655850865,7.186874483418895
1162500,5.205508128750632,5.62581923254302,363697.46067945566,7.187128397456729
1162600,5.205693638354536,5.626002152137602,363712.3875068219,7.187425074449051
1162700,5.205945994833405,5.626283712267313,363728.9474579707,7.187663315567843
1162800,5.206178197101826,5.6265313242701,363743.3963586736,7.187852720746713
1162900,5.206390203151928,5.626825755360924,363760.230870507,7.188038204447762
1163000,5.206601785313258,5.627007065399507,363776.6484187857,7.188221625451953
1163100,5.2068060310942865,5.6272760159034485,363792.2386555655,7.188432522634216
1163200,5.207013829075466,5.627535354695007,363807.20673075464,7.188699935273908
1163300,5.2072081639626715,5.627733363106673,363823.75096095545,7.189027524193815
1163400,5.207395751946978,5.627929190172914,363839.4961164799,7.1892483487056555
1163500,5.207644166118103,5.628111551942894,363855.8229883665,7.189501663116379
1163600,5.2078389782788035,5.628381621742586,363871.910614309,7.189719439652887
1163700,5.208053626819541,5.628546012543901,363888.20809745206,7.189868881597851
1163800,5.20826949497664,5.6287139898399685,363903.5476503681,7.190100170618589
1163900,5.208494539592852,5.6289902334444015,363919.8520660912,7.190281892412163
1164000,5.20875018696824,5.629270728660601,363933.72717644565,7.190539014810038
1164100,5.2089744065846695,5.629507474463406,363947.65503575094,7.1907854796790245
1164200,5.209180096002801,5.629783351058393,363963.1571493167,7.191104895029612
1164300,5.20936356221572,5.629983733223006,363977.9167287192,7.19133653526946
1164400,5.209558977944607,5.630278925668699,363993.77046852023,7.1915290072996205
1164500,5.209790360460638,5.630532588019229,364010.55892121687,7.191705449221796
1164600,5.210034256455516,5.630734754589819,364025.4412339726,7.191916529063654
1164700,5.210261929720853,5.630940303621627,364042.26685617934,7.192252919146008
1164800,5.210493145911615,5.631202048156094,364056.1777993063,7.192476971008264
1164900,5.210693415763586,5.631366967443655,364070.17289075215,7.192657352407239
1165000,5.21092376968461,5.631552852740421,364083.87472955044,7.192857459006588
1165100,5.211153318017234,5.631863907878115,364098.5819097437,7.193196726421356
1165200,5.2113413454568205,5.632057362677422,364114.0077721056,7.193426740357269
1165300,5.211528847762588,5.632311669422365,364129.6378383174,7.193674840468497
1165400,5.21173428266953,5.6325719744404195,364144.67342020053,7.193835836115886
1165500,5.211982396732765,5.6327709953074345,364161.45978283667,7.19416672647768
1165600,5.212192221341421,5.632966619486717,364176.16527510516,7.19433805557697
1165700,5.212395025614904,5.63322331118386,364190.22209776257,7.194675048347845
1165800,5.212619650154762,5.633431929402192,364205.4809292438,7.19498899364772
1165900,5.212852158394495,5.633591241661096,364219.9969450331,7.195330906904085
1166000,5.213033116400485,5.633846224181872,364235.4102556153,7.195610719632408
1166100,5.213217792209863,5.634063457562668,364250.0151291505,7.195812372766361
1166200,5.213404507844101,5.634360729945574,364266.2079046338,7.196159174729333
1166300,5.213612881321942,5.63460421479819,364282.7262554696,7.196330939355765
1166400,5.213838641679613,5.634832105678323,364299.4749089537,7.196635314751735
1166500,5.214032890657717,5.635087752953063,364316.11108787725,7.196861437821088
1166600,5.214216743121761,5.63527168196666,364330.9336442064,7.197011319316866
1166700,5.214450087602321,5.635512134100231,364346.68714423355,7.1972326487116645
1166800,5.2146610834248435,5.635764245665814,364361.5179879709,7.197479520258425
1166900,5.214910071489863,5.636039169790577,364378.18086678657,7.197766326494465
1167000,5.215118095046318,5.636306404199443,364393.47779237985,7.197965995400464
1167100,5.2153182573678825,5.636487116740587,364407.2599731461,7.1981174712892395
1167200,5.215563205967187,5.636772991567114,364420.83215999615,7.198267261433867
1167300,5.2158062617210215,5.637066001193462,364437.1757293205,7.198595483532487
1167400,5.216008257883672,5.637337829122721,364453.5042159535,7.198903706733277
1167500,5.216254908302682,5.637580789603462,364468.9937517494,7.199090805538868
1167600,5.216481756435361,5.63783586633849,364483.8355511425,7.1993111267406675
1167700,5.2167335563089505,5.638132579847644,364499.3900047704,7.199647603276185
1167800,5.216939660656599,5.63837382593064,364516.0411167699,7.199987779148901
1167900,5.217174056247226,5.638659660660163,364531.3620646533,7.200259012714191
1168000,5.217361250279594,5.638948456254548,364547.7704400108,7.200526797101283
1168100,5.217542960284372,5.6392078861345185,364561.85571408673,7.200759374259715
1168200,5.217729882637721,5.639384577199653,364576.5480904088,7.201098708083762
1168300,5.217943247562619,5.639684189517708,364591.4173004035,7.201451431044585
1168400,5.218149074675312,5.639968685072691,364606.23779421113,7.201746050941557
1168500,5.218352295331557,5.640238983900684,364619.7819930943,7.202042009103635
1168600,5.218533540688245,5.640477549638249,364633.5759350439,7.202351835191436
1168700,5.218785429350981,5.640777560499203,364648.6346991904,7.202605293249496
1168800,5.2189622421637925,5.6410025039672576,364664.9101715035,7.202752773852609
1168900,5.219175786499267,5.641266079817316,364681.3573478783,7.20302632191797
1169000,5.219369468103024,5.641489894459989,364695.6279865435,7.203324208796529
1169100,5.219551372563537,5.641780748115169,364711.02042485966,7.2036446811154935
1169200,5.219800525666255,5.6419435408526395,364726.0166231511,7.203851331744957
1169300,5.220006004127739,5.642144355571995,364740.7294887438,7.204124234407187
1169400,5.22023733720014,5.642389592651061,364755.73226138274,7.204402721650227
1169500,5.2204220097197185,5.642699781635283,364770.52329379943,7.204656619541278
1169600,5.220671748637188,5.642884998125943,364785.5777226102,7.204832090134269
1169700,5.220914332566811,5.6431929361590365,364799.7999275706,7.205187768812426
1169800,5.221165759549987,5.6434810112020335,364814.46114417294,7.205349111495338
1169900,5.22141726285877,5.643650018939957,364831.01857291337,7.205590742311976
1170000,5.221606692860391,5.6438165694097115,364846.0890758215,7.205755901248808
1170100,5.221790156023976,5.644087467552229,364861.4582198836,7.206016617995309
1170200,5.2220168459107335,5.644317592903131,364876.3732801181,7.2061943219603695
1170300,5.222212826458725,5.64449337000649,364889.971509019,7.206545891611729
1170400,5.2224305564511315,5.644705153963104,364905.0523632312,7.206730780387554
1170500,5.222664184174756,5.644866979268243,364920.1454894738,7.206888298314376
1170600,5.222867632981334,5.645090163534628,364936.12812273804,7.207189297957439
1170700,5.223054366266954,5.645356247613638,364949.8252817981,7.207426994786107
1170800,5.223247072145317,5.645522611494379,364966.2273559678,7.207711549697427
1170900,5.223478792833437,5.645732233541161,364982.10038261575,7.207956373362931
1171000,5.223660868239015,5.64596277835896,364996.88902956253,7.208272755896016
1171100,5.223889747230715,5.646201145798256,365011.9581676621,7.208439459275759
1171200,5.224090170496733,5.646451816095991,365025.57076222764,7.208669017511224
1171300,5.224302286617861,5.6466446052603585,365040.26689666836,7.208820158435373
1171400,5.224542846483693,5.646930875280744,365055.6551448857,7.209081288189367
1171500,5.224741798696215,5.647145475654414,365070.02141576423,7.209425018992442
1171600,5.2249410310175906,5.64742237452563,365084.03173881106,7.20964449802685
1171700,5.225188624468263,5.647619478791663,365099.0686255906,7.209801246967134
1171800,5.225438227629375,5.647851331835175,365115.15052576375,7.210037098558241
1171900,5.225616514942766,5.648067374867202,365129.528914254,7.210272689263989
1172000,5.225808158931144,5.648350541252606,365144.9621976559,7.210463253678202
1172100,5.225997618689669,5.648511626733008,365160.96960148023,7.210711328138516
1172200,5.22617507280848,5.648718733985256,365177.41514076205,7.210923417415172
1172300,5.226367081302148,5.648895898260222,365192.8837282668,7.211148865041579
1172400,5.226571889690509,5.649167087851536,365208.414338693,7.211421443611396
1172500,5.226797825992231,5.649330852006958,365221.81911066803,7.211756436095339
1172600,5.227043826686537,5.649571896166343,365235.56274565315,7.211995287991071
1172700,5.227244963339383,5.64977948156525,365248.98365917295,7.212159732923427
1172800,5.227462161685882,5.650014106682778,365265.27889605326,7.2123610202066635
1172900,5.227685764106312,5.650302056527681,365279.8267966606,7.212685050856297
1173000,5.227872942353556,5.650470323291726,365294.6001262742,7.2129060022077685
1173100,5.228055440089771,5.650750814292394,365308.88428118615,7.213209871860594
1173200,5.2282643867755905,5.651037358408214,365324.4764084011,7.213530814681603
1173300,5.228447460133414,5.651267649685155,365340.59973441006,7.213692793331464
1173400,5.2286954956689105,5.65148622585666,365353.994422566,7.213937395724452
1173500,5.228898219365145,5.651758437957451,365369.65475716745,7.214289233293329
1173600,5.229116114483576,5.651933952750852,365384.10213913274,7.214596624864256
1173700,5.229328165389786,5.652204224532044,365399.72049281036,7.2148241099783625
1173800,5.229538962293706,5.652489115190037,365414.81280276866,7.215090968118063
1173900,5.229720016567858,5.652699520578056,365430.9826521283,7.215337538305188
1174000,5.229937263815347,5.652926856499924,365447.0996551571,7.215553579292818
1174100,5.2301485970036286,5.653191804565126,365463.1329255016,7.215850127931364
1174200,5.230374091899803,5.653395044487859,365478.90920123726,7.216100055580242
1174300,5.230609036460082,5.653595416693448,365494.977807693,7.2162762774040665
1174400,5.230830951621366,5.653770193804911,365508.9441732856,7.216468001739285
1174500,5.231040836869831,5.653954742622156,365523.88610281504,7.216709647803216
1174600,5.231271033057048,5.654132402260114,365539.88281395,7.2170312399288425
1174700,5.231499111141129,5.654426246025066,365555.33049218263,7.217322757945266
1174800,5.231726480445791,5.654703485267809,365571.3901907064,7.217608827711274
1174900,5.231962813556831,5.654988346395596,365585.3589153145,7.217780325267629
1175000,5.232139299319663,5.655252224444117,365600.53453723976,7.217926156409313
1175100,5.232384777016189,5.655454590719118,365615.2111267243,7.2181050313264405
1175200,5.232581216509081,5.655758906714834,365631.3320122732,7.218384352915848
1175300,5.23279964353426,5.6560604919006785,365647.13455938845,7.218724920100063
1175400,5.233043947027836,5.656318837055431,365661.9925950729,7.219079043343413
1175500,5.233238161931795,5.656548698331617,365677.9790138137,7.219242768835486
1175600,5.233470917984575,5.656733853192668,365692.9108691155,7.2195589151865045
1175700,5.233650183158385,5.65690226120717,365706.3167125839,7.219758336035736
1175800,5.233856891787783,5.657180426773867,365720.7145084342,7.220086661828708
1175900,5.234098951577446,5.657432970763937,365734.4149340867,7.22026629332057
1176000,5.23434039856019,5.6576559166576095,365750.60451407725,7.220462520764443
1176100,5.23453639138957,5.657935250928787,365763.9527185206,7.220765698069845
1176200,5.234741671685009,5.658156576323821,365780.2983342127,7.220952620547908
1176300,5.234961061258708,5.658312976026272,365794.92332881567,7.22121590669353
1176400,5.235209191723135,5.658505638024263,365809.43659846624,7.221457580776698
1176500,5.235385483267162,5.658811683392568,365825.1518133512,7.2216362546790185
1176600,5.235593389762165,5.659108457692423,365840.1551871752,7.2217927907368304
1176700,5.235773213995114,5.659331112160299,365853.9981853982,7.221965451839616
1176800,5.236004669622177,5.659505068124753,365870.391105,7.222264311573812
1176900,5.236207176633597,5.659699344280852,365884.9258906494,7.222571341447765
1177000,5.236452489460048,5.659949195632906,365899.3480843735,7.222885376578197
1177100,5.236682406961944,5.660250134811653,365914.4366840936,7.223081748997742
1177200,5.236923292553125,5.66054408087566,365928.74717718095,7.223249300616245
1177300,5.237118267191307,5.660711244131917,365944.2122386028,7.223557908591186
1177400,5.237358200283718,5.660890438193954,365960.2997537124,7.223835275581709
1177500,5.237532697991881,5.661190962208086,365975.3649283258,7.223986365687181
1177600,5.237780827796906,5.661492134042299,365989.2687960488,7.224177372147138
1177700,5.2379645667815335,5.661780443152012,366003.9691514531,7.224493354530605
1177800,5.238203498390423,5.662045237079704,366018.8401173867,7.224670725916779
1177900,5.238402816387204,5.662321372000463,366033.9789595414,7.224876063153586
1178000,5.238651052419855,5.662497594649495,366048.6175480366,7.225165122929971
1178100,5.2388935622456625,5.6627072004983185,366062.79221720353,7.225499224449683
1178200,5.239080532784186,5.6629347420616165,366078.43886540044,7.22579935172675
1178300,5.239261075741228,5.663195056820704,366091.9194052513,7.22613771437426
1178400,5.239436696087553,5.6634700220652086,366107.40623165976,7.22648541769025
1178500,5.239637805907424,5.663634264504724,366121.163647602,7.226687382409912
1178600,5.239856774616773,5.663879176900744,366137.62320572586,7.226950451626702
1178700,5.240088512828818,5.664090154138242,366151.2373966803,7.2272164672806305
1178800,5.2402737159858415,5.664346412205067,366167.4453429424,7.2275209812820345
1178900,5.2405157763938846,5.664583724020492,366182.3185596638,7.227743699567016
1179000,5.240749312828271,5.664875114239531,366197.8469975005,7.2278887883073235
1179100,5.24099396406821,5.665074062499181,366211.39377972845,7.228178756555942
1179200,5.241192124603609,5.665297696441221,366227.32874300407,7.228480154287281
1179300,5.241373963072851,5.665551820244884,366243.5012638063,7.228675045915873
1179400,5.241621518931758,5.665811077857817,366259.4744520434,7.228994338838395
1179500,5.241819088634672,5.6660567031455855,366274.9846956136,7.229227644616132
1179600,5.2419998012391575,5.666287479982483,366291.27979649446,7.229524227874637
1179700,5.242219711058423,5.666455460283493,366306.2926836712,7.229838053413458
1179800,5.242434194900625,5.666693488773698,366320.51634951495,7.2299952590654595
1179900,5.242607441789099,5.66691349204038,366333.9033973773,7.230316378146333
1180000,5.242785203229909,5.667131015377594,366349.9509781991,7.2306341472353415
1180100,5.242969717366557,5.6673957415789955,366363.77817260136,7.230910423909139
1180200,5.24316031443013,5.667589349561574,366378.8827221325,7.231190873529262
1180300,5.243373508860587,5.6677964467390956,366393.5434427938,7.231424310737316
1180400,5.243606063876399,5.667957769149083,366409.6755430199,7.23161410877759
1180500,5.24381003423207,5.668229871694751,366425.64559156296,7.231853301386656
1180600,5.24401615257612,5.668478807641269,366441.5053109203,7.232007534536886
1180700,5.244236264187082,5.6687699567754315,366455.2066006087,7.232339851084609
1180800,5.244475661854414,5.668979433086131,366468.5410272356,7.232557260779794
1180900,5.244666357853887,5.669241099026464,366484.4062890481,7.232825033846087
1181000,5.244911346574341,5.669504605131475,366499.37866422103,7.233119525697123
1181100,5.24513265862724,5.669734181729791,366514.77295794914,7.233273639037035
1181200,5.2453587963395165,5.669906022320591,366528.0445599003,7.233522282962909
1181300,5.245545468155768,5.670149658056139,366543.53061272105,7.233723405469291
1181400,5.245781808526588,5.670348375187171,366559.8967776755,7.233901112846252
1181500,5.245990860402825,5.6706081094941405,366576.1776671066,7.234088635845142
1181600,5.246207830725568,5.6709045784336745,366589.4643245036,7.234423866719466
1181700,5.246441104984125,5.671071548473284,366603.91558783926,7.234621756406611
1181800,5.246635339858103,5.671364360661307,366618.4825302118,7.234851042262847
1181900,5.246872993199857,5.6715185594444515,366633.24651024136,7.235195462629692
1182000,5.247051897970277,5.671717246444318,366647.09696439607,7.235345465872209
1182100,5.247242052441154,5.671906292454368,366662.53497738205,7.235654332072677
1182200,5.247421308362981,5.672143562522567,366678.2688129368,7.235954359864568
1182300,5.247614057309211,5.672323511302018,366691.84698570793,7.236143483144653
1182400,5.247798122460853,5.672479940923249,366707.9553705514,7.236421705803747
1182500,5.248004326495073,5.672713080238928,366724.31465804996,7.2367478264245655
1182600,5.248202870105143,5.672927285009494,366737.4954972012,7.236897972677521
1182700,5.248394292255818,5.673214573888558,366751.9126000272,7.237200908390656
1182800,5.248632905414015,5.673404810585613,366767.7312364537,7.237519561916214
1182900,5.248826533291415,5.673683448998603,366781.52712412423,7.237774554415662
1183000,5.249059834120463,5.673934277452,366794.7011103297,7.237953841786479
1183100,5.249288388017202,5.6740978091388765,366808.7614677455,7.23823427392774
1183200,5.249469958408034,5.674251975930489,366823.5958212856,7.238429262954878
1183300,5.249697375093714,5.674518520551917,366837.9522774144,7.238613205588698
1183400,5.249905028561263,5.67475315505701,366853.7877992516,7.238757748977528
1183500,5.250138063046352,5.675027453084145,366867.0328265218,7.238970369261978
1183600,5.250347004419614,5.675269770564127,366880.18523102155,7.2392867511637355
1183700,5.250564079808222,5.675443280506697,366895.20768258534,7.239482007264531
1183800,5.250798167698656,5.675718044140631,366911.26319232705,7.239755839870574
1183900,5.251031809309706,5.675919621138152,366926.15942853247,7.2399261036464555
1184000,5.251205572177878,5.6761013178151005,366940.1760778563,7.24023889626558
1184100,5.25141283112644,5.676255890684852,366956.4799210361,7.240474575829124
1184200,5.25159038311381,5.67655169544463,366970.14883209334,7.240763866328669
1184300,5.251785933473558,5.676739921085695,366986.4747342504,7.240924841854506
1184400,5.252016003640023,5.6770344092563905,367002.0762617359,7.241142765786107
1184500,5.252220816155375,5.677280672137616,367017.5692511858,7.24138066805753
1184600,5.252406118280756,5.6775811426690455,367031.0881674739,7.24156945601868
1184700,5.252642089476202,5.677804207370677,367044.8285162871,7.241821839064581
1184800,5.25285524551191,5.677974534826576,367060.3660408404,7.24212793928806
1184900,5.253069066738769,5.678128710031642,367074.1727071782,7.242441197598242
1185000,5.253247247081252,5.67841259735709,367087.4608597308,7.242744080888854
1185100,5.253486100059946,5.678568509149758,367102.91962271545,7.242940859995224
1185200,5.253667405043044,5.67886888108335,367117.38565484225,7.243262049375697
1185300,5.253889975274725,5.679087966700743,367131.44565297826,7.243436237271112
1185400,5.254067016214382,5.679362123884631,367146.88143427664,7.243608914143329
1185500,5.254243771595347,5.679515140194148,367160.9125637333,7.2438807714160705
1185600,5.254436581858459,5.6797615795610605,367174.5638705805,7.244216570469052
1185700,5.254616779358156,5.6799479733198766,367188.6176785025,7.2444259427090465
1185800,5.25485067220206,5.680109308917051,367203.505555963,7.244736818851756
1185900,5.2550427508578075,5.6803238426372555,367217.7388103428,7.244976970727715
1186000,5.255221581976171,5.680553063056043,367233.1253770736,7.245215364664883
1186100,5.2554311853573035,5.680782383218888,367247.7700397957,7.245536160569524
1186200,5.255620717944882,5.681043114553833,367262.3471313433,7.245832143898388
1186300,5.255845353056026,5.681275846550178,367278.295069016,7.246110198455192
1186400,5.2560181837017454,5.681486772759799,367292.4120882266,7.246296488182499
1186500,5.256258938385209,5.68167145252039,367306.3709569824,7.246543882711405
1186600,5.2564801434837385,5.6818606890746155,367319.7316451232,7.246771061824212
1186700,5.256654537978706,5.682038634822634,367333.55751589587,7.24707068082038
1186800,5.2568671403601295,5.682237988880218,367348.51796717447,7.247291442895283
1186900,5.257108799733281,5.68252259689742,367363.3235495193,7.247612622543467
1187000,5.257350428653875,5.682704233495372,367378.8352152711,7.247890355799132
1187100,5.257534733301443,5.682923807182934,367393.28411891195,7.248213475449882
1187200,5.2577435263614865,5.683091380829849,367409.04570666625,7.248361762360649
1187300,5.257941912203196,5.6832916675677225,367424.7723240901,7.248524268408537
1187400,5.25811973225735,5.6835602059872254,367438.99979878,7.2486846427843314
1187500,5.258304791807048,5.683801447049076,367452.1852931233,7.248829845912825
1187600,5.258546844574988,5.6839970472335155,367466.4141429236,7.249104030252015
1187700,5.258768485402261,5.684172703368757,367480.4881591964,7.249309069874561
1187800,5.258965437894079,5.68437662803266,367496.13567071076,7.249599164573619
1187900,5.259161161559208,5.68459941546549,367510.88784677687,7.249803094410503
1188000,5.25934969297917,5.684774557746593,367524.1680747762,7.249991649570307
1188100,5.259533879809213,5.6850665382916326,367539.33693281916,7.250312412819555
1188200,5.2597382526271685,5.685248569318214,367552.6206503419,7.250552508261948
1188300,5.259957123967116,5.685506135579071,367567.8762689335,7.25085801325853
1188400,5.260187075628817,5.685743236600921,367581.20293113013,7.251095548356663
1188500,5.260359868453621,5.685979998854259,367595.4667430114,7.251250024763869
1188600,5.260570769815253,5.686276573753082,367610.2572320146,7.251562466558459
1188700,5.260805836888487,5.686509953374933,367624.5806035772,7.25181649981823
1188800,5.261012419350417,5.686701766594851,367638.7214889894,7.252077447391642
1188900,5.2612064033425705,5.686940195697145,367652.27735446906,7.252362634413629
1189000,5.261417635850303,5.687155749757749,367666.3599658558,7.252592476210168
1189100,5.261647671951983,5.68732365560923,367680.2520156129,7.252790297886995
1189200,5.261858011268641,5.687522842342078,367695.1611423295,7.253085961092554
1189300,5.262078367342401,5.687715249057846,367709.1768444726,7.253264286718129
1189400,5.262291538545578,5.687941067848528,367724.3572080972,7.25343614647882
1189500,5.2625028154389994,5.688153052492651,367738.1838941066,7.253717892476838
1189600,5.262696668426588,5.688421931537085,367751.5537980887,7.25388408586248
1189700,5.262905776684788,5.68869165556758,367765.81543165795,7.254211594707751
1189800,5.263087097943149,5.68897733053045,367779.84110232943,7.254522179588753
1189900,5.263279474968023,5.689261790899644,367794.0383445835,7.254718731399248
1190000,5.263461900987629,5.689557863324018,367807.93283820926,7.255036623919959
1190100,5.263681854669487,5.6897583265646805,367822.8269157125,7.2552469207582435
1190200,5.263890241415328,5.6899597820858325,367837.9986338953,7.255528073790771
1190300,5.2641121338390136,5.69014897773858,367852.3164010392,7.255759295207313
1190400,5.264295061454354,5.690401802473376,367868.33251407766,7.256009885429465
1190500,5.264508046941621,5.690568729725324,367882.8344866145,7.256189937400167
1190600,5.264746739817591,5.690841562291737,367897.3960082508,7.256393160941766
1190700,5.264952123704795,5.691052081068138,367911.86231533776,7.256724069391761
1190800,5.265191300216528,5.691293350458421,367927.12799877085,7.2570566842963515
1190900,5.265407444876854,5.691526290897475,367940.642813976,7.257264696272844
1191000,5.265591632354793,5.6917111263246545,367954.8067892636,7.257571246585003
1191100,5.2658209412995,5.691975917136195,367969.32784447476,7.257731054291777
1191200,5.266000521751074,5.692248816427728,367982.7840606774,7.2580521606870585
1191300,5.26617852271401,5.692478203785744,367996.75664230285,7.2583627806395405
1191400,5.266364839250962,5.692695885850589,368012.6726832237,7.258605884433579
1191500,5.266558078317424,5.692900151530224,368028.16176107357,7.258851776870638
1191600,5.266770680951299,5.693174325000355,368043.99395247496,7.259032542619932
1191700,5.266980835586735,5.693375555515859,368059.4975151079,7.259286893109251
1191800,5.267218839020721,5.693650782439156,368074.34268424363,7.259544750055986
1191900,5.267423461872243,5.693874113766861,368088.98810301814,7.259831239678748
1192000,5.267659419131507,5.694133073613893,368102.221163428,7.26003180399879
1192100,5.267856438299888,5.694357988614605,368116.2908284189,7.260261840667669
1192200,5.268088946749152,5.694592536360042,368131.3813888157,7.260604244664367
1192300,5.268276628338749,5.694752765888274,368144.45901387476,7.260912176340847
1192400,5.268496984962667,5.694909681406542,368157.3806081308,7.261067034792195
1192500,5.268672174644286,5.695172228409999,368171.49341885734,7.261213002749585
1192600,5.268872809315346,5.695415250305358,368184.81800018705,7.261480566607723
1192700,5.26907346862227,5.695698695233368,368198.97785122896,7.261809497769625
1192800,5.269309047451566,5.695932765954608,368215.03325852787,7.2619777655597435
1192900,5.269488224731315,5.69621411937133,368229.8918448449,7.262230682657572
1193000,5.269670951963851,5.696433856484191,368243.8197378587,7.262373722174701
1193100,5.26989877395137,5.696636046848927,368258.9166826161,7.26260800599838
1193200,5.27012497919514,5.696820758273601,368272.36728952685,7.2629011798659295
1193300,5.270333961722849,5.6969810448870115,368287.33961200394,7.263210903115817
1193400,5.270561329264086,5.69722922609589,368301.18406241405,7.263499066780489
1193500,5.270776845050917,5.697424796895427,368316.3582771656,7.263673842131035
1193600,5.270972522069584,5.697598782227387,368331.94094853575,7.263834101647424
1193700,5.271180088774241,5.697769127311261,368347.2754497702,7.264067925696451
1193800,5.271390518870783,5.698006452935943,368360.9832394178,7.264308438751498
1193900,5.271585992835568,5.6982090063906705,368374.5957498327,7.264556713144699
1194000,5.271791254740959,5.6984737949180895,368388.7358974917,7.264768886295478
1194100,5.272009467419543,5.698662334847611,368404.5869520351,7.264927410448883
1194200,5.272250098536145,5.698935475913204,368418.38149143104,7.265107164180903
1194300,5.2724435848403415,5.699148214325478,368434.3602817418,7.26533189327647
1194400,5.272669158853691,5.699375643317761,368447.7040377173,7.265491459817218
1194500,5.2728801348827545,5.6996008325141405,368462.20526484516,7.265715562941942
1194600,5.2731151591174745,5.699756133155293,368477.23024218733,7.265992517107674
1194700,5.2733035376288555,5.699924833832229,368490.1579560361,7.266228814028163
1194800,5.273517067831711,5.700191604400093,368504.8005739378,7.266431817205216
1194900,5.273689674964347,5.700380309017644,368518.0651566681,7.266721686980194
1195000,5.273890909777908,5.700543909085823,368532.1109907356,7.266935376707497
1195100,5.274088493252081,5.700722586041966,368547.9430394802,7.2671248615781066
1195200,5.274320669488793,5.701004026979464,368563.6987776664,7.267339992632482
1195300,5.274513973895813,5.701242369856913,368578.2842736109,7.267516502457106
1195400,5.274735997745876,5.7015037788272815,368591.69312377076,7.267793636651556
1195500,5.27491155894869,5.701698493819863,368606.72404543357,7.26806891874614
1195600,5.275088374669744,5.701959736592317,368622.08618053247,7.268279905494672
1195700,5.275308387499414,5.702252755257293,368637.3128683953,7.268506770990635
1195800,5.27551176219072,5.702420269085697,368651.66481964116,7.268765864566729
1195900,5.275695604298823,5.702625097648622,368665.0598415718,7.269075940695246
1196000,5.275892500839577,5.702898528954681,368680.31728707533,7.26926423795505
1196100,5.276121803628273,5.703097249273744,368695.8597280588,7.269498924645087
1196200,5.276332357374028,5.703299928865059,368711.6678401663,7.2697185873119805
1196300,5.276563637648705,5.703559718361027,368725.72937287786,7.26996411015234
1196400,5.276771599405387,5.703802536951723,368739.4839817727,7.270255736407184
1196500,5.277011578092646,5.7040564127817905,368754.5941590875,7.270540919125677
1196600,5.277215673949619,5.7042520065902504,368770.5234935382,7.270829009561316
1196700,5.277383150753414,5.704503653443509,368786.27756010665,7.271061026470406
1196800,5.277616763816916,5.704690868150312,368801.4017540052,7.271385263153409
1196900,5.2777993376383385,5.704878899559739,368816.15160719235,7.271573690768866
1197000,5.278033851153477,5.705137615706887,368830.5643253836,7.271847916043655
1197100,5.278253005916419,5.705349692023905,368844.212628259,7.272141566717928
1197200,5.278446704209909,5.705637112613862,368857.35704716254,7.272339438488526
1197300,5.278643719917238,5.7059261327990285,368870.4007004445,7.27267450377072
1197400,5.278819696242014,5.706208439521827,368883.91230680543,7.272843740802609
1197500,5.2790012248327285,5.706416674877546,368897.7758145968,7.273129903113977
1197600,5.279206888806439,5.706583121345487,368912.34324100305,7.273332275410378
1197700,5.279416681819302,5.706751702468431,368925.77300099167,7.273487535877664
1197800,5.279612682544581,5.706957489291788,368939.81805344886,7.273730385045704
1197900,5.279790200111452,5.707155328778495,368955.3520658399,7.2738890711996165
1198000,5.27996304072749,5.7074354367008375,368970.78557932127,7.274060961223143
1198100,5.280189557126517,5.707678069408883,368985.33998726256,7.2743592021401255
1198200,5.280405155367392,5.707851239073186,368998.3849976971,7.274641816911225
1198300,5.280639889529217,5.708027306883142,369012.9515996933,7.274847420826456
1198400,5.280856056847253,5.708250066423385,369026.6265449527,7.275030908891842
1198500,5.28102979671525,5.7084111354626845,369040.7411647893,7.275304619587156
1198600,5.281215306476963,5.708612837725507,369056.2064045229,7.275544555965143
1198700,5.28142173848287,5.708766053118136,369070.39304013364,7.275722051877623
1198800,5.28165563181976,5.709037091585929,369084.5967154698,7.2759855538981935
1198900,5.281822454097036,5.709310730498093,369097.67615571775,7.276188975564778
1199000,5.282011551316261,5.7096016933773575,369111.37485923135,7.276470419797277
1199100,5.2821834558128185,5.709843877437765,369125.3576400375,7.276783257471751
1199200,5.28237540803472,5.710022913661788,369138.18046736845,7.276989137941301
1199300,5.282598935681082,5.710269324982209,369151.5706041121,7.277205294587662
1199400,5.282810608691546,5.7104770106125216,369166.59930314915,7.277459291834986
1199500,5.2830005435658975,5.7107238126724535,369180.87997983873,7.27760637328698
1199600,5.283221909980076,5.710945729738967,369195.5270417306,7.277777693462525
1199700,5.2834308250792965,5.711166806904239,369208.8669818256,7.27803871241166
1199800,5.283654888796741,5.711439582791824,369221.84526274924,7.278377120178137
1199900,5.283878246270043,5.711647108286838,369234.82077036647,7.278569819349522
1200000,5.284064632377604,5.711806628610674,369248.00854881253,7.278775432272717
1200100,5.2842826391489615,5.712086411418059,369262.8988594187,7.279058327891335
1200200,5.284490831361481,5.712330836629921,369276.9911271966,7.279353686427924
1200300,5.284702520814878,5.712605571890152,369289.9168589921,7.279615325759877
1200400,5.284923942232433,5.712825689089491,369304.84870230005,7.279852033189532
1200500,5.285137106097612,5.713105328281348,369319.52071414114,7.280025773995082
1200600,5.28531007573446,5.713301255660932,369335.0684008534,7.280326736608759
1200700,5.285545662215416,5.713580841382058,369350.6970109396,7.280567437772911
1200800,5.285722342122599,5.7137744762567735,369365.05253913,7.280859768737917
1200900,5.28595138955856,5.714011295449062,369378.9460537898,7.281045558563347
1201000,5.286178283077625,5.714244486957607,369393.8715125486,7.281228373669848
1201100,5.2863956679687405,5.714398855597601,369408.74804682645,7.281408786813975
1201200,5.286630324748026,5.714637876535851,369424.5635197224,7.281694457880804
1201300,5.286797312737158,5.714879636072003,369439.5156684605,7.281900874109076
1201400,5.286966945034818,5.715035991733567,369455.3462929561,7.282232926407878
1201500,5.287176775099392,5.71530505650751,369470.3291519623,7.282528303904863
1201600,5.287363339284896,5.715486351690615,369484.98195731244,7.282818045072694
1201700,5.28757774100968,5.715663318783923,369499.85274986795,7.283123167716747
1201800,5.2877517230890545,5.715880248335531,369513.77701762196,7.283423089244281
1201900,5.287923374789061,5.716035156510616,369527.8819651316,7.283693008099587
1202000,5.288155795767434,5.716301544620614,369541.9634351227,7.2838695930515875
1202100,5.288380154203747,5.716529215507363,369557.61684894667,7.284023793420428
1202200,5.288554893961818,5.7167536208941145,369570.55482657324,7.2843266583831285
1202300,5.2887780126517505,5.716956110658851,369584.27554309426,7.28455513167988
1202400,5.288950228250535,5.717148916861721,369599.7546221509,7.2847191136187135
1202500,5.2891537969176605,5.717380110511184,369613.1761903215,7.284919796043397
1202600,5.2893847910184535,5.7175797825523,369627.2653706367,7.285084032060961
1202700,5.289551489522838,5.717733274142165,369641.936259821,7.2853404984981625
1202800,5.28972421252915,5.717974007352931,369655.24243732786,7.285674020207327
1202900,5.289928646658759,5.7182031546273935,369668.9950062329,7.285954563162778
1203000,5.290099766053619,5.718396720225683,369681.8507235457,7.286160721733491
1203100,5.290275321854345,5.718662562249642,369697.3168955637,7.286358871681263
1203200,5.290505348251154,5.718912718619969,369711.9027906132,7.286546142144508
1203300,5.290726140976064,5.719063777047487,369726.4208300705,7.286761042158967
1203400,5.2909501209167,5.719261736096916,369741.8803775149,7.286932946906109
1203500,5.291140288855237,5.719506919593771,369755.2772754137,7.287169871951602
1203600,5.291330251023619,5.719763483730449,369769.64543852984,7.287499353220965
1203700,5.291555385522579,5.719970609434221,369783.35098325025,7.287705143904305
1203800,5.291777062805171,5.720187085106799,369798.8036812038,7.287988956908466
1203900,5.2919955203017315,5.720339529183632,369811.544843687,7.288138627754352
1204000,5.292188154408932,5.720618206039016,369825.89957095735,7.288315100473263
1204100,5.292389655482367,5.7208930666192215,369839.982140423,7.28849451155907
1204200,5.292569947327519,5.7211696362600195,369854.5682191882,7.28881838637672
1204300,5.292758207409649,5.721369293073862,369868.4219847161,7.289059526661783
1204400,5.292940554078063,5.721540598495455,369881.8189884914,7.289310241105501
1204500,5.293128838592742,5.72181125166547,369897.4166522349,7.289630912463387
1204600,5.293329991916272,5.721969330564723,369912.7199879621,7.289775458598989
1204700,5.293501714778686,5.722257657828271,369927.048404526,7.289931781472279
1204800,5.293738987863314,5.722535682173629,369939.8204373838,7.2902562065272205
1204900,5.293909452032403,5.7227438919476326,369954.8590838558,7.290455585654375
1205000,5.294081370680698,5.722980429884486,369970.52345214254,7.290734245466016
1205100,5.294279193228285,5.723176382952428,369983.60763071233,7.2909264171652755
1205200,5.294489895096473,5.723438395901678,369997.74983733735,7.291146677415672
1205300,5.294701083725061,5.7236169122571,370011.0697961695,7.29139303664779
1205400,5.294927126677134,5.723868772376404,370024.9879746722,7.2915316525902085
1205500,5.295142343593367,5.724083264234119,370037.6699308144,7.291778888072514
1205600,5.295377055937245,5.724368464659263,370053.12777607195,7.292096843031066
1205700,5.295593235985463,5.724566249263191,370068.6305519475,7.292422014358192
1205800,5.295783571190864,5.724784535540686,370082.67223089887,7.292729738801588
1205900,5.295995532368813,5.725000872998572,370097.5321975239,7.292988543779892
1206000,5.296225283044576,5.725182568116804,370112.79570799187,7.293174556285964
1206100,5.296453032018285,5.7253467562999605,370126.2171181719,7.29340570361584
1206200,5.296666634458855,5.725600728212603,370141.273395087,7.2936194206646565
1206300,5.296876814096325,5.725807293977183,370156.8348834517,7.2938368517170495
1206400,5.297113028865806,5.725981882357737,370172.48017117236,7.293978522652467
1206500,5.297330917129365,5.726183801131581,370186.7846896943,7.294296786165003
1206600,5.2975182568732615,5.726467071490834,370201.7041951395,7.294578776138233
1206700,5.297731238302189,5.726622543446017,370214.7590740975,7.294773772348444
1206800,5.297925118831258,5.726787161129458,370229.2421967217,7.295058784683051
1206900,5.298118283912329,5.726939806690279,370242.44856378186,7.295234704447787
1207000,5.298326254449719,5.72716250264483,370256.44513981126,7.295450328851566
1207100,5.298514048977578,5.727333019696171,370270.6277177537,7.295768605069756
1207200,5.298698387883334,5.727623459177054,370284.7266019774,7.296069963379953
1207300,5.298869921115397,5.727840793044712,370299.737477566,7.296319609377969
1207400,5.299054137624747,5.728066878851856,370314.19803816767,7.296642569540565
1207500,5.299221409772437,5.728311735068409,370327.80676565913,7.296788543323851
1207600,5.2994326132393015,5.728502632204532,370343.0559481296,7.2970670641752635
1207700,5.2996679435696485,5.728690741831513,370357.3545504191,7.29732343047066
1207800,5.299897072189123,5.728886443223113,370370.85012841085,7.297487701098138
1207900,5.3000778219385705,5.729086577230215,370383.7430046507,7.297684564767786
1208000,5.300253949598876,5.7292683169213365,370399.17444772134,7.297904616647209
1208100,5.300423236416876,5.729549421074485,370413.10401612497,7.298160560089153
1208200,5.3006411303362375,5.729715567003831,370428.04090946144,7.298367679863746
1208300,5.300837142137892,5.729894074623841,370441.7025823699,7.29855071045582
1208400,5.301014763168467,5.7301809215420585,370456.61385003687,7.29875313783192
1208500,5.301238884072054,5.730387343554261,370471.9076585203,7.29892289132987
1208600,5.301427224116273,5.730579362506108,370484.7895834749,7.2991067567603345
1208700,5.301660146209017,5.730757524781099,370498.5470560755,7.299408962414443
1208800,5.301853518422647,5.730992581538913,370514.073321639,7.299714747779289
1208900,5.302072785556696,5.731229295375421,370528.0135771681,7.299982038107538
1209000,5.302272673980747,5.731386366298885,370541.957730268,7.3001571442926885
1209100,5.30247541693673,5.731672150934957,370556.555317058,7.300384038146034
1209200,5.302677827069022,5.731934390880184,370570.0300938899,7.300579038569954
1209300,5.302868851573926,5.732185799190152,370584.6756346242,7.3008310336336715
1209400,5.303036608657091,5.732402262522539,370597.9668194744,7.301002370015936
1209500,5.303245767180712,5.732615800853969,370610.5987496156,7.3011501420698055
1209600,5.303463024356545,5.732865946230024,370624.08275741694,7.301363707638491
1209700,5.303634805460847,5.733012434446459,370637.4401727416,7.30159464055763
1209800,5.303826854415291,5.733276534624715,370649.9590690042,7.301829512252803
1209900,5.304035918386657,5.7334596748597395,370665.2064665447,7.302133161966595
1210000,5.304240984559859,5.733676021609837,370680.10088840243,7.302310714366455
1210100,5.304404352828331,5.733918392698736,370695.6512104895,7.302451659657462
1210200,5.304581253854744,5.734078900425645,370708.1949242585,7.302742016719557
1210300,5.304763047002999,5.734311750540496,370722.9620825354,7.3029031092831715
1210400,5.30493619463487,5.734457347616304,370737.3106495571,7.303213410882502
1210500,5.305130430926063,5.734706963209353,370751.7235884932,7.303506437423497
1210600,5.30534900909542,5.734855014449966,370766.965286776,7.303668579433941
1210700,5.305520818447956,5.735077731114988,370780.70277782704,7.303929856280049
1210800,5.305730745083582,5.735285758781318,370794.99074062024,7.304238208925874
1210900,5.305934462494328,5.735528463207172,370810.4004378172,7.304563679772484
1211000,5.306102954024233,5.735766666563598,370823.03122301085,7.304794243521404
1211100,5.3062678531062915,5.735929635269631,370836.0982402647,7.305096944497217
1211200,5.306479165347368,5.736201187667826,370850.0211136936,7.305301096589812
1211300,5.306645939679199,5.736381331414053,370863.1706625459,7.305593672316562
1211400,5.306876266511897,5.736647122297508,370876.27038607403,7.305887093131849
1211500,5.307053276273276,5.736882836123085,370890.5237665968,7.306114821386876
1211600,5.307246570610597,5.737104893314556,370905.2755750715,7.306376688889752
1211700,5.307467061431756,5.737349992669984,370918.5485584007,7.306632879161959
1211800,5.307653537437621,5.737518091479916,370933.4944249338,7.306945987906322
1211900,5.307834907542008,5.737741308081584,370946.4789182878,7.307168130400153
1212000,5.308059767846452,5.73800989339611,370961.6719934554,7.307398128244851
1212100,5.30823047711889,5.738272148859926,370975.7882114918,7.3076396030855415
1212200,5.308442059218286,5.738437773721963,370990.882515332,7.307949105900105
1212300,5.308619539764133,5.738693656601459,371005.3540980887,7.308225499018828
1212400,5.3088450989074785,5.738846943058409,371018.2559215107,7.3083967816808
1212500,5.309052585539783,5.739109020602868,371033.73875549034,7.308706261357541
1212600,5.309254295175397,5.739390014462175,371049.0838000072,7.308939612607261
1212700,5.309479418284353,5.739650764198103,371064.50362492015,7.309189805788902
1212800,5.309677416613069,5.73979835398631,371079.0685006396,7.309418701940926
1212900,5.309854403602085,5.740055962432865,371094.22512679786,7.309595112057563
1213000,5.310044442848317,5.740281656672044,371109.18957192765,7.309863847376735
1213100,5.310214359964743,5.740485773476719,371124.29204908235,7.310126706093944
1213200,5.31044600145601,5.7406952704008845,371138.9278895298,7.310343706196438
1213300,5.3106262368446675,5.740972036918361,371152.9648875789,7.310517677593552
1213400,5.310829877918893,5.741258813348155,371166.9105533572,7.310672963709723
1213500,5.3110001462633845,5.741493631892027,371180.6163662053,7.31086581595334
1213600,5.3111629566019865,5.741642760217859,371195.5925056215,7.311043883872431
1213700,5.311340031383115,5.741896022758099,371209.80745376274,7.311246143679747
1213800,5.311535509546524,5.742119754059312,371223.26708768005,7.311475614007886
1213900,5.311758734872808,5.742365646272005,371236.0548643328,7.3116120028086256
1214000,5.311940730363881,5.742537794337366,371250.07740608125,7.311771514559583
1214100,5.312131524189423,5.7427633076305735,371264.8408189602,7.312021410950963
1214200,5.31230328701068,5.743015974402548,371278.0583434854,7.312260121972032
1214300,5.31251244708365,5.743257713580088,371291.9616546278,7.312485786545728
1214400,5.312678205125617,5.743477214299941,371307.2688056297,7.312687313956817
1214500,5.312896132490505,5.743664433190983,371320.5459311777,7.312824334728406
1214600,5.313086727281954,5.743944664537323,371335.6954702573,7.313128808914485
1214700,5.313300632978813,5.74416612030064,371350.9173904166,7.313445992042681
1214800,5.313468859296799,5.744396277155043,371364.6761267374,7.313595466688316
1214900,5.313696179638894,5.744680111802897,371379.7299050848,7.313905805626761
1215000,5.31390004091615,5.744917682890873,371393.77878802945,7.3141037879260535
1215100,5.314101789479431,5.745145841805515,371406.498548606,7.314410510121859
1215200,5.314281640413489,5.745389335508403,371419.5832797446,7.3146119104953105
1215300,5.314454816116883,5.745542987732542,371433.898352207,7.314849995804914
1215400,5.3146288001871715,5.745801206541546,371449.1162106267,7.315163935967101
1215500,5.314791057901674,5.7460790513557125,371464.2102159865,7.315418353998799
1215600,5.314961099531796,5.7462557346660175,371478.4597662258,7.315730253836866
1215700,5.3151577535867505,5.7465233312409705,371493.63802758115,7.315995339484634
1215800,5.315326108780558,5.746773729647558,371506.9831306719,7.316284587029992
1215900,5.3155542743839295,5.747014891008884,371520.3894761562,7.316605085808976
1216000,5.315731108549317,5.747277586688374,371535.01798193454,7.316874307759653
1216100,5.315956341103492,5.747450304058995,371549.6526792906,7.317122050539565
1216200,5.316145719567841,5.747685933239323,371564.8780931385,7.317356710135964
1216300,5.316351029073449,5.747872622040971,371578.1408182582,7.317666934699968
1216400,5.316539535123045,5.748023963156422,371590.9225745211,7.317825316856131
1216500,5.316704247008873,5.748180497531722,371604.5942342616,7.318105106284633
1216600,5.316896084345823,5.748388437202011,371619.1034178732,7.318330111207009
1216700,5.317125561897671,5.74861415146484,371634.14255891595,7.3184884039332445
1216800,5.3173239819352665,5.748849781916622,371647.4920394841,7.318733186158767
1216900,5.317533853705844,5.749092871990303,371661.38440866524,7.319046820496092
1217000,5.317733903804715,5.749244320843795,371676.7280012055,7.319269908508335
1217100,5.317904158066492,5.749496002224591,371690.24586535105,7.319525658490185
1217200,5.3181124110561715,5.749699545859261,371704.750782799,7.319733653842559
1217300,5.318344096729668,5.749909754774794,371718.3208511652,7.32001996176016
1217400,5.318569865617774,5.750073550599668,371733.68315068015,7.3203164633054065
1217500,5.318761151885211,5.750273865551396,371748.4809808922,7.320558388267849
1217600,5.318986941936536,5.750508296115153,371762.6715627592,7.320729618818568
1217700,5.319167634000189,5.7506567148468335,371776.394440184,7.321011668067727
1217800,5.319357194631252,5.750810495440428,371791.4341789045,7.321213981504362
1217900,5.319539550208,5.751093028543089,371804.6312277206,7.321505961120701
1218000,5.319731803442759,5.751255408999987,371818.3146532867,7.321773951557131
1218100,5.319930173662035,5.751473219843961,371830.7975056676,7.32191891923773
1218200,5.320101913313447,5.75169516391822,371843.2232356542,7.322240428384108
1218300,5.320287208807825,5.75188306310466,371858.2366116312,7.322478258633033
1218400,5.32046973836662,5.752057408873606,371870.7844179343,7.32269850404847
1218500,5.320643853228995,5.7522779865933495,371883.722640432,7.323009667813764
1218600,5.32083275658682,5.752427067014941,371897.4895679334,7.323276859778556
1218700,5.32103598943328,5.752637222255919,371912.3581375599,7.323456321762838
1218800,5.321259211758266,5.752843180342862,371924.89984964783,7.3237559695522245
1218900,5.321448561384752,5.7530358472162195,371937.21356913476,7.32405526928511
1219000,5.321609946548764,5.75326263967369,371951.732383825,7.324226682717359
1219100,5.321825860580685,5.753503800081481,371965.14647558646,7.3245465916981365
1219200,5.322014543760957,5.75376585611441,371978.55015112687,7.3247573112817275
1219300,5.3222108975213,5.753972598063825,371993.5201421899,7.325078336109705
1219400,5.322376204927934,5.754207080431342,372007.91346853744,7.3252583745837665
1219500,5.32255935361744,5.754382150547523,372022.0663487615,7.325443180249872
1219600,5.322772304676682,5.754581623386443,372036.3537152819,7.32560358543026
1219700,5.323002593041747,5.754759011048395,372050.55776503414,7.325824552470261
1219800,5.323205660877704,5.7550145790274705,372063.4846976089,7.326030704301626
1219900,5.323401292401221,5.755176934553511,372077.459605113,7.326204481743853
1220000,5.323585953107139,5.755457630277514,372090.4680544546,7.326364002363048
1220100,5.323796456690794,5.755621636420564,372103.72595632623,7.326668738388842
1220200,5.323968188948377,5.755775182681544,372118.6470359136,7.32695756627737
1220300,5.324192076697397,5.755986823178305,372132.2530611439,7.327245797020821
1220400,5.324372880673023,5.756249861720929,372146.41299670964,7.3274918942071725
1220500,5.324590683362972,5.756446933230206,372160.5341465926,7.327655980125612
1220600,5.324820194815231,5.7566963236728075,372173.9884160216,7.327935647442467
1220700,5.325046840977344,5.756893235530692,372187.97484356037,7.328101589110288
1220800,5.325241114881803,5.757164019338854,372200.97408411326,7.328236701712264
1220900,5.325463530180784,5.757352867003278,372216.20427131595,7.328514489144696
1221000,5.32564303809382,5.757521561975309,372229.2589709955,7.328766173954494
1221100,5.325808099121202,5.757798464378246,372244.0655737967,7.328903525940183
1221200,5.3259835795907895,5.75799551764854,372257.13844233763,7.329161962038077
1221300,5.326204760564091,5.75814552577237,372270.1333946467,7.329306928814599
1221400,5.326386284448385,5.7583055979438535,372284.29243522487,7.32950299542416
1221500,5.3265607521962925,5.758582793610824,372297.41398815194,7.32971322525809
1221600,5.326728963642671,5.758770699556121,372311.14120650594,7.329901729279988
1221700,5.326952448046806,5.758994618357776,372325.61061760935,7.330185444593794
1221800,5.32716021938412,5.759181841380892,372340.788713924,7.330509002198094
1221900,5.327333141818888,5.759456391213474,372355.31650964526,7.330678796909656
1222000,5.327510510618424,5.759632115068739,372368.3006560757,7.330842258476786
1222100,5.3276979344686115,5.759807323080737,372382.0062334027,7.331108590994399
1222200,5.327871758793744,5.759988998819634,372395.8177624864,7.331266393173872
1222300,5.328031926850327,5.760206499039483,372409.9557858804,7.331581164004624
1222400,5.328234431061654,5.760401737774646,372424.79336732096,7.331846282892018
1222500,5.328409749244479,5.7606617650353,372438.46189978864,7.332040632429398
1222600,5.32860987733983,5.760929983074377,372453.21836762404,7.332279439188585
1222700,5.328838818457456,5.761100984296008,372467.29418401624,7.3324822735910145
1222800,5.329054806272664,5.7612670461196425,372479.6216818596,7.3328016348980825
1222900,5.329257109029461,5.761525645168924,372493.86268603994,7.333027789399994
1223000,5.329473610715101,5.761743395069187,372507.4844842306,7.333259203366318
1223100,5.329637143967197,5.761901929102842,372522.62542841706,7.333422567778787
1223200,5.329833733393214,5.762098187089882,372535.7772056244,7.333732166159081
1223300,5.330041875320452,5.762344807692644,372548.827739694,7.33402738749917
1223400,5.330245774023535,5.7625980241269295,372563.51988379087,7.3343529823294835
1223500,5.3304201694022835,5.762833594918589,372577.5460233027,7.334511192163731
1223600,5.330622559559103,5.76310945802581,372591.57543580537,7.334695550766023
1223700,5.330849633646717,5.763285717899015,372604.5186701248,7.334906492111538
1223800,5.331063031398866,5.76355375509558,372618.41416058614,7.335166682712839
1223900,5.331232199779494,5.763712842229817,372632.0193304785,7.335385490153094
1224000,5.331425692015082,5.7638710350584095,372646.0470978285,7.335546072522001
1224100,5.331621534312578,5.764063354034455,372658.2967078763,7.335723753294608
1224200,5.331797026951569,5.76420656479617,372673.39256303146,7.335917791315402
1224300,5.331982265055635,5.764488267838793,372687.8914404265,7.336092528735193
1224400,5.3321844109317755,5.76473657082662,372702.07909770234,7.3363016936599275
1224500,5.332388381246636,5.764938885367349,372714.608443015,7.336445473078184
1224600,5.332571920081117,5.76510533210047,372729.7635313012,7.336655925006835
1224700,5.332731293850736,5.765265605299486,372743.47975239326,7.336860503230454
1224800,5.332920887063951,5.7654391314620295,372757.7088097525,7.337146586354895
1224900,5.333081362179288,5.765628045845626,372772.1607878803,7.3374175379332005
1225000,5.333302608068398,5.765840146760211,372786.00500877074,7.3376287186511
1225100,5.333472514739749,5.765989720919183,372800.3746835528,7.337775283699724
1225200,5.333698061234122,5.766185569935719,372812.9588441489,7.3380197486012655
1225300,5.333875886756519,5.766448832123308,372826.50600859243,7.338196593673446
1225400,5.334069961191601,5.766599088166006,372839.85202714655,7.338368714783892
1225500,5.334291895725451,5.766759940968381,372853.0543622011,7.338692854439292
1225600,5.334513038009762,5.766917134617013,372867.69817174616,7.338938541694762
1225700,5.334732936028657,5.7671517892823285,372882.1138047188,7.339259866967885
1225800,5.334908104480802,5.767300204397769,372895.00302770967,7.3394433907033685
1225900,5.335122694689947,5.767465186183796,372909.08360210614,7.339577491882346
1226000,5.3353151596901744,5.767744586198143,372922.87615444633,7.339850622940577
1226100,5.335536655457542,5.767995120732516,372935.672225211,7.340000135408326
1226200,5.335764667967418,5.768229690513345,372949.75928514206,7.34022980824375
1226300,5.335948855023749,5.768382711431003,372963.6183022767,7.340528991624405
1226400,5.336145073977381,5.76859989305757,372976.8018607862,7.340776512006603
1226500,5.3363186366587,5.768791449294376,372990.2148947075,7.340937538014639
1226600,5.336537103692154,5.769053415603017,373005.12502516835,7.341177913434683
1226700,5.3367233492305735,5.769309053167129,373019.10788817937,7.3414384117971885
1226800,5.336892895582389,5.769533813136198,373033.0953141011,7.341663209047093
1226900,5.337061160726613,5.769722603903801,373047.4674349818,7.341965520510122
1227000,5.3372393631364945,5.769995117346373,373061.5698660809,7.34221617429977
1227100,5.337435578359432,5.77014891499368,373074.94921423815,7.342524396913856
1227200,5.337627208271159,5.770424498341396,373087.21381072013,7.3427828333147165
1227300,5.337839240888299,5.770595924103832,373099.93418700696,7.343007786944695
1227400,5.3380162922489856,5.7708545452923605,373114.5268832439,7.343185095884488
1227500,5.338221956291804,5.771097582907406,373126.82788624906,7.343457821679751
1227600,5.338383056698231,5.771270561616917,373140.122396428,7.343709794403223
1227700,5.338579566196064,5.771540501124542,373154.4158299331,7.343922865183334
1227800,5.338765780057988,5.771768986892466,373166.59668825025,7.3441329285115495
1227900,5.3389463711077605,5.772045624848456,373179.8757426814,7.344344968012918
1228000,5.339160036705743,5.772198900693058,373194.4913694876,7.34457692626034
1228100,5.339324059776782,5.772432203575452,373207.6274267996,7.3448899454768055
1228200,5.33952632371564,5.772652725206484,373220.7191981943,7.345123497042196
1228300,5.3396938407898356,5.772889529372717,373234.66898170306,7.345380531618422
1228400,5.339892501565711,5.773059897534142,373249.5617400782,7.345667816886318
1228500,5.340085070799694,5.77330406007627,373263.9662448975,7.34583433612216
1228600,5.340296346263531,5.773471280948477,373278.6627679207,7.34614321156646
1228700,5.340521767842197,5.7736907428687925,373290.8969314341,7.34633084451442
1228800,5.340747568374972,5.773911864302839,373305.0729878615,7.346630902244943
1228900,5.34095799902287,5.774126157216204,373319.99095611775,7.346913698485096
1229000,5.341168825643376,5.774349040839074,373334.5004187126,7.347141293689487
1229100,5.341339966942042,5.774576606205511,373348.8211439282,7.347311109838753
1229200,5.341529975488876,5.774818741755793,373362.38733582763,7.347601216440767
1229300,5.341746179781809,5.775023950691699,373375.4598739309,7.347812263148256
1229400,5.341962649288508,5.775197936389736,373389.2249639671,7.348032863474031
1229500,5.342128009608669,5.775391219363545,373402.7380536237,7.348166066034938
1229600,5.342298426004648,5.775536571159803,373417.07854866784,7.348416417437404
1229700,5.342517525551131,5.775709452753006,373430.1228755319,7.348660349765675
1229800,5.34270956062374,5.775946686655747,373442.9346628166,7.348938221993904
1229900,5.342889813409807,5.776217687789581,373457.1316177576,7.3492510189724864
1230000,5.3430908712168925,5.776481906121361,373472.08985721477,7.349472019413147
1230100,5.343268728695984,5.7766403656521055,373484.96786416444,7.3496084086290185
1230200,5.343438801697051,5.776791727424893,373499.94531886454,7.349896202827926
1230300,5.343633870022687,5.777068405510176,373514.26350328425,7.350086907625655
1230400,5.343815386069605,5.777313281080688,373529.1390541237,7.350282246366668
1230500,5.34401071574262,5.777581419554443,373542.2593553163,7.350548853587826
1230600,5.344236689007765,5.777747075018564,373556.7626399287,7.3507944359815784
1230700,5.344439315567678,5.777976796191022,373571.67726140306,7.351060907188657
1230800,5.344644516936922,5.778234201243796,373583.7530219053,7.351333501303089
1230900,5.344836343305569,5.77839420786966,373598.0983661854,7.351501689549674
1231000,5.345041188401017,5.778627775909634,373612.0242550806,7.351815522445027
1231100,5.345254203287359,5.778883630433255,373626.8898371944,7.352033592125689
1231200,5.345422774068545,5.7790516012570015,373640.3436986176,7.352314341313141
1231300,5.345590323770443,5.779207540901958,373653.4886017114,7.3525549215858135
1231400,5.345774704998044,5.779399201189771,373667.66302697646,7.352754544007972
1231500,5.345946127518917,5.779606713084093,373681.315103342,7.352973600778885
1231600,5.3461618067127255,5.779830038233231,373694.0304343298,7.353166170550614
1231700,5.346374525269022,5.779981376778907,373707.57964802865,7.353425238516824
1231800,5.346587325227982,5.780137021416349,373721.58639127226,7.3536684951052695
1231900,5.346781940046523,5.780388665727149,373736.3022321497,7.353849708462277
1232000,5.346949050054095,5.780530496519511,373748.46919287194,7.354029764301811
1232100,5.347124308740536,5.780710008627116,373763.32298088394,7.354230647245201
1232200,5.34729549892293,5.780968094585434,373776.2949738391,7.354390937908575
1232300,5.347510578758336,5.781179040711277,373790.7081350951,7.3546530632259195
1232400,5.34769099236657,5.781340512089991,373803.00678380794,7.35487027577482
1232500,5.347883961988309,5.781485064937382,373816.9660904596,7.355035108745164
1232600,5.348069838872069,5.781638574591277,373829.5389444978,7.355278056863493
1232700,5.348294778288801,5.781800540829772,373844.28532397194,7.355477465809689
1232800,5.348487806159064,5.782008196974559,373857.71792690683,7.355746337966117
1232900,5.3486775727442595,5.782159508176756,373869.9542705577,7.356046464130416
1233000,5.348859219014751,5.78232096817659,373882.1829645418,7.356331034957148
1233100,5.349038541806148,5.782591727348658,373894.6823492147,7.35646250667884
1233200,5.349249770284365,5.7827492474053495,373907.5743062878,7.356773052104405
1233300,5.3494089046053634,5.782942266968225,373920.7381718319,7.356939059128376
1233400,5.349565769428431,5.783111984833062,373934.50458215526,7.357198985747758
1233500,5.349759977004367,5.78333520849864,373947.9156027549,7.357376492360096
1233600,5.349934407191257,5.783481509438057,373960.38258823234,7.357518600667871
1233700,5.350140508301592,5.783718440436135,373974.88755042735,7.357795683120184
1233800,5.3503644121072576,5.783930005500766,373989.4089579518,7.358096718669029
1233900,5.350529288038352,5.7841168546575545,374002.7017878343,7.358353242338479
1234000,5.350689306054165,5.784274243678805,374016.35560272855,7.358544342685945
1234100,5.350866301114823,5.784541288146588,374028.95430430595,7.358746374770405
1234200,5.351061960847544,5.784781750245327,374043.26357503014,7.358886587006052
1234300,5.351283864992388,5.784953826438482,374057.2138805344,7.359034719183351
1234400,5.351469915170531,5.785201713025569,374069.83941491944,7.359292973528434
1234500,5.351645745631684,5.7854406309574,374082.7111211355,7.359600155464343
1234600,5.351847005163589,5.785609721313814,374095.6878603758,7.359901380829668
1234700,5.352063487882857,5.7858528525132416,374108.76455169154,7.360097352186946
1234800,5.352238862083263,5.786049586977209,374122.6743327755,7.360268058072673
1234900,5.352452699488613,5.786213973731011,374137.0314380373,7.360532629994073
1235000,5.352611484015757,5.786433437670424,374149.1170357816,7.3607480761595525
1235100,5.352826044369905,5.786584560813053,374161.98206166615,7.360898626800712
1235200,5.35301699109737,5.786735470358351,374176.5469928921,7.3611047090895285
1235300,5.353197473265026,5.7869008245619815,374189.91525426426,7.361354328411878
1235400,5.3534112683125405,5.787061051825336,374203.82329040207,7.36155850505968
1235500,5.353582140050683,5.787268399451506,374218.1948363815,7.361695928559208
1235600,5.353802425590464,5.787411800512111,374230.96430355904,7.361959933810396
1235700,5.353997149078422,5.787686633176478,374245.3710551495,7.362229992040025
1235800,5.354182080949561,5.787956994542932,374259.1007586343,7.362392570432816
1235900,5.354354167953377,5.788179898038927,374272.3060681298,7.362624969621009
1236000,5.354570665272914,5.788338419224246,374284.4960981413,7.3627558411980045
1236100,5.354739335060902,5.788577282203257,374297.8967687993,7.3629983577489995
1236200,5.354918398779752,5.788801008187237,374310.8668529796,7.363220164682203
1236300,5.355075767477983,5.789000636535314,374325.5375342498,7.363467374941948
1236400,5.355262987741509,5.78925264476086,374339.6352187615,7.363683547184915
1236500,5.355470032020545,5.789395766723375,374354.2321305931,7.363990525410729
1236600,5.3556559949483935,5.789548902357509,374367.70642120054,7.364208275211463
1236700,5.355876059608354,5.789810637979942,374379.7905189861,7.364490429487458
1236800,5.35608887395847,5.7900600322162195,374394.15745012026,7.364776466378609
1236900,5.356272065190642,5.790231515972034,374408.12327355583,7.365065735726028
1237000,5.356494136394125,5.790479352459703,374422.09779318015,7.365235342062804
1237100,5.356693352514899,5.790694546524492,374434.9933878965,7.36542986756804
1237200,5.356915666351305,5.7908343838343805,374447.2347550474,7.365721093957307
1237300,5.357097856451859,5.791037876945692,374461.67911838036,7.365959994071793
1237400,5.357257467320461,5.7911940623756575,374475.523672149,7.366142052965344
1237500,5.357450676327336,5.791463431758201,374487.83313422656,7.36631556471079
1237600,5.357636391823154,5.791640107939506,374502.044533026,7.366628377335417
1237700,5.357839589292645,5.7917977247666235,374515.4826251691,7.366852235839092
1237800,5.358041125362938,5.792001530175856,374527.5052713314,7.367040799692154
1237900,5.358202538331801,5.792189925428063,374539.46189687203,7.367295003210017
1238000,5.358358176944672,5.792409436727305,374553.381307154,7.367549527951517
1238100,5.358558825022137,5.792594714147623,374566.71486495406,7.367854104555974
1238200,5.358748418870262,5.792757116721553,374578.59266466997,7.367993199716786
1238300,5.358956498732859,5.792949029372323,374593.04880560073,7.3682485123809025
1238400,5.359165965458377,5.793169635164778,374606.4300689257,7.368478818961583
1238500,5.359369103777182,5.793377145085318,374619.02870999085,7.36874926273455
1238600,5.359544481670092,5.793618214724198,374632.88302348496,7.369030326938232
1238700,5.3597375821791085,5.793771491135502,374645.49251179316,7.369179014972392
1238800,5.359936028906619,5.794037589050603,374658.8101332424,7.369484029316433
1238900,5.360125296272505,5.794238966958794,374673.5358218988,7.369725398508458
1239000,5.360302555939594,5.794499731428555,374687.9109120814,7.3699985473204235
1239100,5.360501306959571,5.7947094933074315,374700.69867542747,7.370288031865448
1239200,5.3606994370612755,5.794925535552643,374713.93842683965,7.3704329677971945
1239300,5.360889213905493,5.795089637046823,374726.56889736315,7.370736982768567
1239400,5.361045646769003,5.795350527673214,374741.0505335231,7.3710506831413065
1239500,5.361257096287796,5.795513232963812,374755.35427464836,7.371249899336074
1239600,5.361447210296609,5.79567091206336,374768.1430579634,7.371381892613035
1239700,5.361625810999717,5.795922533351234,374781.5769615043,7.371596715815041
1239800,5.361841383450449,5.796169541032196,374795.21785377536,7.371753025730056
1239900,5.361998282724048,5.796336534420313,374807.54588551354,7.371966175315448
1240000,5.362175659404962,5.796531740727777,374821.29884949577,7.37211837384418
1240100,5.36238065320778,5.79676429805465,374834.94650798355,7.372318065661609
1240200,5.362551830562512,5.796918539945762,374849.13584996545,7.3725113527383686
1240300,5.362721945650037,5.7971355207345105,374861.40288256214,7.372770860146387
1240400,5.3628996094803085,5.797400905520287,374874.98397194984,7.373082302723216
1240500,5.363059046258929,5.79764686128509,374886.8071768203,7.373365661701356
1240600,5.363270312461321,5.797887516843315,374899.1496521819,7.3735012799054855
1240700,5.363490797033808,5.798064514954076,374913.8252786108,7.373778628218467
1240800,5.3636986197195755,5.79831139597201,374927.6790219725,7.3739771539066234
1240900,5.363909568834139,5.79849020032264,374941.406574148,7.374246170960505
1241000,5.364115720015479,5.798739612931657,374954.5704089838,7.374479717335712
1241100,5.3642980585903794,5.7989174890678665,374967.90435146174,7.374688582843957
1241200,5.364500780713477,5.799104534745899,374979.88492775033,7.374916527699433
1241300,5.364713865534796,5.799247323682203,374993.1357295233,7.375136520059155
1241400,5.364934391596019,5.799406991479016,375006.17459243874,7.375398777231796
1241500,5.3651128364344585,5.799625347083688,375018.6634010425,7.375549933024721
1241600,5.36528099001753,5.799847764293338,375032.1370080073,7.375711945945739
1241700,5.365467504245188,5.80001860609414,375046.32381460594,7.375840923758768
1241800,5.365630538105837,5.800258662080347,375059.0137046737,7.376123843663302
1241900,5.365826765656521,5.800500564661868,375073.4925438871,7.376253988104407
1242000,5.366016189004375,5.800771458141716,375087.7381839523,7.376482425409338
1242100,5.366211839552838,5.800918819871225,375101.61423759634,7.376765124960808
1242200,5.366400801588308,5.801130818373342,375115.9678496813,7.376993363396766
1242300,5.36656198925034,5.801392093788261,375130.5945379782,7.37720744107745
1242400,5.3667219379543,5.801655536304306,375143.27250823326,7.377345822322476
1242500,5.366886847745695,5.80186453850745,375157.6429465621,7.377508676801502
1242600,5.3670418131756215,5.802101717472231,375169.9341523186,7.377747437947358
1242700,5.367203238792469,5.802282558924087,375181.83311137644,7.378020690445338
1242800,5.367391877560584,5.802527829420316,375196.42396004737,7.378316689344481
1242900,5.367572549895509,5.802779271942525,375209.1341188085,7.3785583470777825
1243000,5.367790704028961,5.803037628587082,375220.9701881731,7.37875340989253
1243100,5.3679731914054045,5.803248764015908,375234.4707554775,7.378930115697427
1243200,5.368190135988965,5.803389309056734,375248.9650492004,7.379090679048658
1243300,5.368388103298398,5.803647748659641,375262.8652099823,7.37933181405837
1243400,5.368550565330056,5.803848518817553,375275.8569113456,7.37962853915036
1243500,5.368720351083623,5.804058732084977,375289.2515787314,7.3798426100431245
1243600,5.368880810232415,5.804309398717431,375301.61321485136,7.380116479748358
1243700,5.369038897041314,5.804502722933391,375315.565374034,7.380342944054278
1243800,5.369232870840259,5.804726420568937,375327.9872267434,7.380533893963229
1243900,5.36945141139523,5.804868490431967,375341.04159032216,7.380662674639908
1244000,5.3696547383449325,5.8050349097240375,375355.07341984403,7.3809025730993465
1244100,5.369859284703501,5.805225994171484,375367.5551088594,7.381139399516474
1244200,5.370048736060622,5.805389757624251,375380.6298941851,7.3813172900242945
1244300,5.3702477337538745,5.805643581013532,375394.0920584012,7.381565933399483
1244400,5.370465026582309,5.805861170493216,375407.47650144,7.381736355164944
1244500,5.370622864513661,5.8060376932629465,375420.78141107387,7.381959346870709
1244600,5.370820634861873,5.80626572978561,375434.4951065479,7.382225443659428
1244700,5.371005959392813,5.806422905876843,375447.67295828473,7.382513709142053
1244800,5.371216538007156,5.806594109527274,375461.23413864576,7.3827671620838515
1244900,5.371400374968564,5.806787423847597,375474.1847198855,7.38295614762159
1245000,5.371620242739116,5.806950015198317,375486.2730500685,7.383158532383828
1245100,5.371805160189754,5.807154504605862,375499.0335679612,7.383421344189327
1245200,5.372019752039698,5.8073860680937734,375512.6915865173,7.383672120216957
1245300,5.372180512270966,5.807628227489619,375525.50395081914,7.38384262644675
1245400,5.372389103278114,5.8078765544354995,375538.2731229911,7.384121655778255
1245500,5.372570930183003,5.80811232804546,375550.2647655507,7.384271896231951
1245600,5.372763610320785,5.8082586022309455,375563.6581344693,7.384427981185161
1245700,5.372943645413132,5.808525552954063,375578.1393600128,7.384690285995397
1245800,5.373150581097311,5.808714707749307,375592.5861555191,7.384993782639734
1245900,5.3733690536638745,5.8089499434397105,375606.52910429996,7.385221569819969
1246000,5.37352688363875,5.809097736089795,375618.8361893537,7.385421314458226
1246100,5.373738119982346,5.809257987972512,375632.80674539314,7.385709926189422
1246200,5.373902085008702,5.809479623891962,375646.33610400493,7.386019212721115
1246300,5.374084642713367,5.809725874724585,375660.44373780297,7.386220335647327
1246400,5.374294674096506,5.809955363189131,375672.49489922187,7.3863692054059
1246500,5.374456309186411,5.810120915248771,375685.56960390863,7.3865445802249985
1246600,5.374641810057201,5.810341657111836,375698.2477411303,7.3867054021142
1246700,5.374823000722862,5.810608782772566,375709.99311524234,7.3869495660699735
1246800,5.375027673411037,5.810772254993514,375723.23068322154,7.387110268400867
1246900,5.375217296728751,5.810975948570887,375737.51676609216,7.387386400057663
1247000,5.375406860116988,5.8111862356259225,375749.7008904593,7.387627099430598
1247100,5.375576996819601,5.81141509459115,375762.0222976401,7.387859340771607
1247200,5.3757355660761545,5.811675218686492,375776.39847947,7.388144902067948
1247300,5.37593345674123,5.811857395160391,375788.1581699301,7.388389981221362
1247400,5.376092070457742,5.812053125009296,375800.9541266035,7.388583589720281
1247500,5.376267758460792,5.812260131903177,375814.1733888834,7.3887851396001025
1247600,5.37645651403196,5.812489525270319,375827.3651645202,7.389088337802225
1247700,5.3766574347724605,5.812757020661357,375839.9884738787,7.389270685439555
1247800,5.376868954332254,5.812987377157102,375854.3061765416,7.389512858706518
1247900,5.377073693589556,5.813169092819428,375866.609130299,7.389778942150834
1248000,5.377232282726306,5.813385231597422,375880.29433697654,7.3900811436811615
1248100,5.377430204575057,5.813552988971088,375894.05647755833,7.39033183194358
1248200,5.37758326219443,5.813704118651716,375908.53860070807,7.390479791114302
1248300,5.377752530008062,5.813970743759675,375922.9625816789,7.390701828890383
1248400,5.377965251860273,5.814214995779595,375936.20620012423,7.390871184695976
1248500,5.3781238439144845,5.81447148363295,375949.5476572726,7.391010749427326
1248600,5.3783259185394705,5.8146958269891265,375962.1023347654,7.39122872821655
1248700,5.378526190917699,5.814840634897125,375974.54234355903,7.39142617153172
1248800,5.378704270184998,5.815081040432658,375987.5995963161,7.391732526354392
1248900,5.378894683347608,5.815315565421328,376001.11862345977,7.391992166088745
1249000,5.379109852206695,5.815557256160348,376013.44975503045,7.392217174731044
1249100,5.379272456722549,5.815796722711799,376027.306972358,7.392445758998299
1249200,5.379429506661803,5.816025188125798,376040.23724637413,7.392713257679335
1249300,5.379614154355798,5.816180551871325,376053.2728245215,7.392952605734555
1249400,5.379783580777181,5.81639564906219,376065.8269232886,7.393093724509814
1249500,5.379966082029144,5.816542808393602,376078.2788681611,7.393316832130726
1249600,5.380156716457528,5.8167404243595415,376091.4743230611,7.3935380703359765
1249700,5.380321464806108,5.8169593774388,376103.1990244505,7.393801391028831
1249800,5.380509410220083,5.81713751976276,376115.20048155036,7.393980612630658
1249900,5.380664976658343,5.817367824574186,376127.0317654927,7.3942138454331126
1250000,5.380859241976688,5.817619562191903,376138.82649533753,7.394447827184974
1250100,5.381019168085861,5.817868858062105,376151.46459090326,7.394579722307222
1250200,5.3811947121489645,5.818079697587889,376163.965101154,7.3948239666549025
1250300,5.381412215377754,5.818309201800128,376176.43508375966,7.394961560066573
1250400,5.381580820428204,5.818497463826466,376190.05593576725,7.395192392311503
1250500,5.381769205848101,5.818633488146522,376202.2734167062,7.395424717696153
1250600,5.381962625610544,5.818770827709636,376216.15146436513,7.395722598618602
1250700,5.382168945518245,5.818937397513715,376230.09201631235,7.395968346212304
1250800,5.382337937162394,5.81910728698757,376242.89745657414,7.396097049717149
1250900,5.3825468148535585,5.819340744007461,376255.1581975806,7.396268751737569
1251000,5.382735860874105,5.819597491954908,376266.9076293415,7.396417359267574
1251100,5.382929930484709,5.81981620058488,376280.2985331007,7.396660665876918
1251200,5.383112125867053,5.819981975922166,376292.7922334177,7.3969282578439035
1251300,5.3833153620207534,5.8201982719321945,376306.51470471616,7.397094889838974
1251400,5.3835091464804625,5.82037589688425,376320.3534861554,7.39727819543521
1251500,5.383718142162918,5.8206201987320165,376334.261892174,7.397425421070788
1251600,5.3838919887008245,5.8208430139216985,376347.77331740287,7.397627816109756
1251700,5.384063869494534,5.821011795946678,376361.74274691514,7.3977888339160005
1251800,5.384271583251811,5.821244169357035,376375.361999313,7.397946811945523
1251900,5.384481005250165,5.821379319771966,376389.45998576,7.39818120394554
1252000,5.384661187132303,5.821635175522788,376401.4114120759,7.3983705451167925
1252100,5.384875155931607,5.8218059779515166,376414.5040037201,7.398678817802252
1252200,5.385080720404631,5.82195245473585,376428.05895415886,7.398825419324002
1252300,5.385236676228553,5.822220030980353,376440.7180647059,7.399039100173167
1252400,5.3853917553087784,5.822448056617235,376453.06477062305,7.399262953270827
1252500,5.385543346772537,5.822616403357435,376467.012636686,7.399417881848853
1252600,5.385739579836767,5.822833044016563,376480.27978888724,7.399614318233991
1252700,5.385919265394527,5.823002370140889,376493.34828382434,7.399800713089291
1252800,5.38612209781894,5.823186644612394,376504.98300079716,7.399938317397922
1252900,5.386289413377908,5.823364826640835,376518.71744460746,7.400174947640873
1253000,5.386471167156218,5.823629289488063,376531.1874982324,7.400356333418709
1253100,5.386679222882087,5.823771185551618,376545.5372140284,7.400610730375059
1253200,5.386867046466805,5.823982186304198,376557.09400059807,7.4008801521724745
1253300,5.387081698975363,5.824217972724046,376569.4298591478,7.4010064761823555
1253400,5.387241842740235,5.82439906299144,376581.2342898195,7.4011808834140504
1253500,5.387428186480135,5.824649385473225,376593.1898224528,7.4014281946425395
1253600,5.3875841120236,5.824845665120213,376606.0116620948,7.401709025642704
1253700,5.38774382674453,5.82499795800281,376618.9638095859,7.401881985310305
1253800,5.387905142421719,5.8252439077416325,376633.0619600579,7.402156124657669
1253900,5.388110709390461,5.825480040358245,376646.3749588832,7.402318957301625
1254000,5.388296345396532,5.825709536578766,376659.6266055248,7.402459613777371
1254100,5.388491376755333,5.8259414083277745,376673.04707382555,7.402732785866164
1254200,5.388641803763203,5.826132796170181,376686.89185212733,7.402933711209353
1254300,5.388798313910294,5.826365149277248,376699.930664341,7.403096009330896
1254400,5.388992268173832,5.826508614823372,376711.9841824733,7.403360914566029
1254500,5.389188096906979,5.826711934308496,376725.06375914166,7.40355156517618
1254600,5.38938281257679,5.82685508281205,376738.31702335784,7.4038328319264
1254700,5.389553040597744,5.827075956842012,376751.3781377505,7.404126980744399
1254800,5.389729685696121,5.827240853145633,376765.29614169674,7.4043168956569865
1254900,5.389944691132163,5.8274678830364675,376778.18049127515,7.40451943548974
1255000,5.39011436282248,5.827705822101189,376790.6474995914,7.404704587935576
1255100,5.390328355190374,5.827942429942514,376804.2046904562,7.404895534251517
1255200,5.390525639705866,5.828088447294823,376816.3023861829,7.405131804824722
1255300,5.390694701139549,5.828354593954249,376829.10579874436,7.405348835913798
1255400,5.390896771729695,5.828569085851009,376842.51416370063,7.405548708193441
1255500,5.3910835249438405,5.828731353372756,376856.2591713779,7.405749043372243
1255600,5.391294656359365,5.828973902967483,376868.3995001158,7.406044096092745
1255700,5.3914851457150625,5.829177406884263,376882.348157203,7.406246660519188
1255800,5.3916964575269235,5.829345646344767,376895.7379967827,7.406416041050087
1255900,5.3918765325757,5.829515534269795,376908.35514980776,7.406576437269421
1256000,5.392082720194079,5.829669512927297,376922.47633173154,7.406708639523658
1256100,5.392253224521225,5.829932497834594,376935.5161560669,7.406993446851993
1256200,5.392447569326192,5.830168072445964,376948.1547810041,7.407147305213464
1256300,5.392619569018039,5.830363489727951,376962.0506906571,7.40739387272391
1256400,5.392800936451365,5.830500670839707,376974.3158390231,7.407583375062488
1256500,5.392986256291707,5.830682421005696,376988.15827387065,7.407864536139997
1256600,5.393195037797138,5.830946331406387,377001.439352398,7.408114066603541
1256700,5.393386696844421,5.831129585160229,377013.75327106187,7.408308630259225
1256800,5.393549310177602,5.8313296497120355,377026.37779470556,7.40853540763425
1256900,5.393706271800112,5.831511928646177,377040.3270938139,7.408836975359812
1257000,5.393907208368781,5.8317185011137616,377052.46367090236,7.409073777706569
1257100,5.394107582684824,5.83193276213347,377064.36631006945,7.409351040003162
1257200,5.394286028113909,5.8321783205988025,377078.1020551268,7.40957107175922
1257300,5.394443497860161,5.832328529010762,377091.1107897834,7.409833925015977
1257400,5.3946370160711945,5.832555197078788,377104.2017033111,7.410016021423002
1257500,5.394835200872191,5.832801242952949,377116.0174552232,7.410267255615722
1257600,5.395001714779018,5.832947305659766,377127.86338784697,7.4105154273165
1257700,5.395161443006757,5.833143949218371,377142.0616863601,7.410779408870817
1257800,5.395365185982191,5.833392567494699,377154.62347426964,7.410966706178175
1257900,5.395547858408549,5.833564108512532,377166.1667716887,7.411235141864227
1258000,5.395699271178977,5.833723360459384,377177.9157703925,7.41143903256603
1258100,5.395892671468727,5.833883959302474,377192.02264254546,7.411661420906748
1258200,5.39604368405252,5.834069786226726,377204.20324522315,7.411873061032858
1258300,5.3961995739481265,5.834317087033398,377216.5601000124,7.4121454024144064
1258400,5.396396355604495,5.834572656503901,377228.64853577217,7.41244549882733
1258500,5.396552199151632,5.834720108706587,377240.92065393965,7.4126713735127705
1258600,5.396750479777367,5.834981563688864,377252.81688351836,7.412942457600279
1258700,5.396929884564622,5.835240571481788,377264.2732110958,7.4132293524940955
1258800,5.397096971594488,5.835398397088925,377278.34276371903,7.41348480101546
1258900,5.397254697270885,5.835571335571831,377290.8439332226,7.413688596368346
1259000,5.397465389019968,5.835759825419066,377303.0340059763,7.413926870148211
1259100,5.397675029251248,5.835989070692385,377314.68070579576,7.414218664034181
1259200,5.397847453022353,5.836208588426905,377328.72032123135,7.414492691092981
1259300,5.398043763055577,5.83644301245087,377341.10257339844,7.414660825627978
1259400,5.398206320123662,5.836622054755685,377354.1909220297,7.414927914898173
1259500,5.398379525167082,5.836869644358147,377366.6806855106,7.415209321167632
1259600,5.398542387143792,5.837015971507072,377379.129987625,7.415426736844996
1259700,5.398746231485394,5.837188410572833,377391.00553471304,7.415622327587208
1259800,5.398901403419462,5.837380196438353,377402.684241644,7.41576250824193
1259900,5.39907856526319,5.837589687185752,377414.4320792819,7.4159894612798025
1260000,5.399269478379245,5.8377674637359425,377426.68733403675,7.4162812075226805
1260100,5.399465078600393,5.837919986500978,377438.5958198277,7.416486103649569
1260200,5.399646959842945,5.838133734095638,377450.3497275179,7.416746863739578
1260300,5.399842218142236,5.838315741249899,377464.0171566002,7.4169203264754815
1260400,5.400002778295667,5.838544615685829,377477.5913383628,7.417156325809433
1260500,5.400215849748398,5.8387934111571385,377490.4070052329,7.417357566787579
1260600,5.400377862842829,5.838930744403533,377502.73991947854,7.417541940490765
1260700,5.400532681645433,5.83907358219269,377515.5483706168,7.417699171203533
1260800,5.400741001893369,5.839312712596541,377529.57130931126,7.417898970082022
1260900,5.400945305844437,5.839554940025265,377542.07655686827,7.418127193761698
1261000,5.4011020780826975,5.839731065911062,377555.70352221123,7.418417669875065
1261100,5.4012550781807125,5.839904100931915,377567.1859689521,7.4186467475096896
1261200,5.40140952633734,5.840149568049607,377581.0607179288,7.418948328550992
1261300,5.4015581492888085,5.840363189741652,377593.2677751386,7.419189332913565
1261400,5.4017398220425346,5.840622446562729,377605.8906759182,7.419383084162896
1261500,5.401908210074046,5.840851362542902,377617.5413292403,7.419638617795037
1261600,5.402092610111547,5.841043184665245,377629.11418455135,7.4198320536249165
1261700,5.402262541546347,5.8412211649402614,377641.1283641687,7.420120418608563
1261800,5.402471265321658,5.841383211343909,377654.3075693099,7.420253160380974
1261900,5.402636141138082,5.841523938431141,377668.43799555826,7.420490201389037
1262000,5.402812270644099,5.841739706628501,377682.0110842446,7.4207210494465325
1262100,5.402976284605257,5.841902973193865,377695.48251985427,7.420934920374662
1262200,5.403129925834236,5.842143133348145,377707.86485085764,7.421160345817682
1262300,5.40333732503434,5.842348274585461,377720.7783337279,7.421460824821941
1262400,5.4034884227929005,5.8425742698849925,377732.9200519086,7.421699361310036
1262500,5.403685856718383,5.842830687248704,377744.8961444233,7.421966661490273
1262600,5.403839728103855,5.843057448528631,377757.57948674407,7.42225421344359
1262700,5.404009000923874,5.843296860131879,377770.1284217259,7.422556280913251
1262800,5.4042127174432055,5.843486753381455,377784.2505374767,7.422848673019352
1262900,5.404369010999142,5.843631250873738,377796.681991683,7.4231149942908
1263000,5.404520558870894,5.84380934439903,377809.01170352625,7.423247146643052
1263100,5.40470143679942,5.843992214291719,377822.23589404696,7.423513953406571
1263200,5.404882467169412,5.844246254649475,377833.9983793067,7.423706026692714
1263300,5.4050418552309365,5.8443920077941,377847.69511565386,7.423836228548579
1263400,5.405200987483975,5.844636486294784,377860.4980165334,7.424059149805246
1263500,5.40541207922283,5.8447824060727624,377874.28724992095,7.42425914557677
1263600,5.405565989712425,5.845025001163669,377887.69364883896,7.424491233431032
1263700,5.405747323722181,5.845224681898743,377899.0130340596,7.424749360312812
1263800,5.405956126276377,5.8453863500938095,377912.55998642184,7.424964265926203
1263900,5.406132957714295,5.845523086924248,377924.77675396146,7.425177821643402
1264000,5.4062808387326315,5.845737276887555,377938.6291181514,7.425372667005804
1264100,5.40643933065537,5.8459819857475805,377950.7959365439,7.425625267474947
1264200,5.406596494899806,5.846159145655732,377962.14490226685,7.425861816349834
1264300,5.406767326721275,5.846397773790727,377976.08568596793,7.426068496607909
1264400,5.40692354648111,5.846615095269124,377989.8163069082,7.4262280490561885
1264500,5.40707204875153,5.846851743354085,378003.8163683142,7.426493983600873
1264600,5.407243009744151,5.847029694075253,378017.17715372203,7.426734132831189
1264700,5.407442146407213,5.847226436611405,378030.12053010915,7.426989001708904
1264800,5.407592599325822,5.847399712158494,378041.8510591704,7.427290960317375
1264900,5.407766099000648,5.847532653864422,378054.48564908,7.427518900934999
1265000,5.407951002629267,5.847664656064671,378067.6987672356,7.4276969498181975
1265100,5.408145924110969,5.847905782109863,378080.8639957624,7.427829658585483
1265200,5.40835482631597,5.848158234016696,378094.51835130184,7.427954403016992
1265300,5.4085368175545465,5.848358884635727,378107.4308164763,7.428079173420186
1265400,5.408739101929887,5.848584347951606,378118.8490439658,7.428304018232075
1265500,5.408901807726691,5.848802698456083,378132.63050148834,7.4284969233486695
1265600,5.409069044306077,5.848987295584147,378146.2580357526,7.42879783054237
1265700,5.409253440941117,5.849196176218065,378159.286575981,7.429094029420085
1265800,5.409456807518146,5.849359142713107,378170.732671324,7.4292629786486755
1265900,5.409656307774312,5.849610093771891,378184.4822527489,7.429521110580785
1266000,5.409815481065596,5.849758058057356,378196.99394663295,7.429785201314889
1266100,5.409983444935665,5.849910386188105,378208.7741402722,7.429942911499468
1266200,5.410131284266439,5.850068155381163,378220.1631125716,7.4301804591478655
1266300,5.410337613572663,5.8503234420588885,378232.46365909645,7.4303551139677415
1266400,5.41053476164523,5.85055580789642,378245.67100049625,7.430654056277758
1266500,5.4107334943190635,5.850721890724741,378258.8116497056,7.4308482262762
1266600,5.410944693793336,5.85092717700428,378271.8531011134,7.431052354229355
1266700,5.411101528439626,5.851096773687496,378285.36876088806,7.431181806164549
1266800,5.411298926329655,5.851277518502877,378299.3469040083,7.431312660907262
1266900,5.411501109463144,5.851427775688329,378312.81197148387,7.431453959724442
1267000,5.411650647963091,5.851675627780996,378324.19694933697,7.431712663059143
1267100,5.411857889416956,5.85182425341368,378337.2724899501,7.432007037824956
1267200,5.412016135136729,5.851975932116964,378351.256358909,7.432130316617794
1267300,5.412179265945741,5.852218714393542,378362.5802777619,7.432331545826252
1267400,5.412352258119298,5.8524287918221045,378375.63940830436,7.432562795375843
1267500,5.412516678238012,5.852573873932399,378387.4314694788,7.432703440211659
1267600,5.412679795858023,5.852811345937878,378399.7333140895,7.432859229895633
1267700,5.412880849225712,5.853033507882696,378411.4288422746,7.432993701196141
1267800,5.413065529887529,5.853229338652533,378425.2656796598,7.433290521935981
1267900,5.413253805991715,5.853484181827632,378439.0432222406,7.433471088800013
1268000,5.413435285508301,5.853702905274593,378451.87490479794,7.4336762808604275
1268100,5.41360768237911,5.853899899765952,378465.5561040118,7.433914599426759
1268200,5.413792289009116,5.854110181256265,378478.8079611461,7.434160705451145
1268300,5.413977950443178,5.854282059758237,378492.5496274915,7.434284803433026
1268400,5.414142817224052,5.854441663603967,378504.32375212276,7.434416374105914
1268500,5.4143336170777,5.854652944655527,378517.80718079535,7.434699636324881
1268600,5.4145319585066325,5.8548352840988,378531.42881893704,7.434954323280868
1268700,5.414741608779903,5.855031523249208,378543.5735248858,7.435158745471023
1268800,5.414906301844637,5.8552871917723195,378556.1733368271,7.435348306771854
1268900,5.415111821283926,5.855509998273155,378567.77298586944,7.435630215653345
1269000,5.415264905933785,5.855690460701207,378580.70387654623,7.435779483043261
1269100,5.415462598139608,5.855937932833458,378593.5650664489,7.435932549386292
1269200,5.415613337639003,5.856086371826453,378606.91203721566,7.436132562175669
1269300,5.41578156732805,5.856340833579004,378618.3810650308,7.436349335841374
1269400,5.415974569293435,5.856558494941135,378631.6977346205,7.4366350770268745
1269500,5.416170443173791,5.856801525204188,378643.27911147685,7.436807236963684
1269600,5.416354165151113,5.856954116450484,378654.99318828626,7.43694524259099
1269700,5.416553050393079,5.857130098262303,378668.2966275678,7.437207791178306
1269800,5.41671149598807,5.857350255689333,378680.9154243306,7.4374856719920235
1269900,5.416886165080047,5.857601823412363,378694.2148514238,7.437780356738586
1270000,5.417075978887821,5.857787195187459,378705.9478013494,7.438002878682619
1270100,5.417228145614607,5.858039168881555,378718.1848408504,7.438217549637653
1270200,5.417413822842137,5.8582543679680565,378730.4883823515,7.438430835921023
1270300,5.417565079855567,5.858439009585636,378742.3295477865,7.4386562983278255
1270400,5.417746847494508,5.858696403424841,378753.5797308016,7.438878746579645
1270500,5.417927160583374,5.858934223392807,378767.13574054866,7.43902218354928
1270600,5.418084996704042,5.859190810273462,378779.1733647565,7.439313713534629
1270700,5.418283744234191,5.859357507311878,378790.4777780129,7.439543521864576
1270800,5.418458244994965,5.859579842759658,378801.73227350053,7.439735765630473
1270900,5.418633730263001,5.859803659649169,378815.19232443534,7.439888212647177
1271000,5.418783366375726,5.85996645682135,378826.45222458895,7.440160754939601
1271100,5.418945019313701,5.8601869301132865,378839.34231091815,7.440344350001047
1271200,5.41914094259652,5.860340256826814,378851.59458140255,7.440579097897283
1271300,5.4193145406628975,5.86056613013801,378862.8636895106,7.440790535814339
1271400,5.419499511364951,5.860799459740133,378874.9685978797,7.440985193939116
1271500,5.419651148255441,5.8610083009576455,378888.09054502833,7.441263319062152
1271600,5.41980564007974,5.861204171948899,378899.94572293543,7.441449009764037
1271700,5.419972117074616,5.861374524367442,378912.3104937895,7.441702322387791
1271800,5.420156331179807,5.861623590398137,378925.7497948162,7.441991782374724
1271900,5.4203317810273255,5.861773587816153,378937.60773229954,7.442248087990532
1272000,5.420498281942362,5.862000181639932,378949.97198711033,7.442458041273089
1272100,5.420698501316908,5.862215065594181,378962.95061846543,7.4427044790320345
1272200,5.420869427446175,5.862436058710715,378976.78644512576,7.44289917361787
1272300,5.421026757231597,5.86267591543878,378989.3765285784,7.4431500290871435
1272400,5.42122635173829,5.862835590901221,379002.7057462587,7.443388526347522
1272500,5.421412737926934,5.863060783048358,379014.0186051152,7.443679380847379
1272600,5.421615618011949,5.863238783249054,379026.1345969363,7.443952257444518
1272700,5.421774443603603,5.863436662115542,379037.34266334993,7.4441898815452765
1272800,5.421920993304056,5.863651617644183,379050.8653417494,7.444472867665172
1272900,5.422109591548492,5.8637982373722135,379064.22830921115,7.444616963283615
1273000,5.422315972326186,5.863981003051423,379077.6471012231,7.44484691847912
1273100,5.422484879364677,5.8641219749917655,379091.270165399,7.445007166386561
1273200,5.422678606236967,5.864372511793934,379105.0027779917,7.445241042378072
1273300,5.422826954651229,5.8646029044927515,379116.3032762053,7.445501868370511
1273400,5.423020398166766,5.864810128814232,379129.3358612831,7.445728335744036
1273500,5.4232135334337706,5.865006595322886,379142.0594080714,7.445924582091847
1273600,5.423407552840873,5.865137849648372,379155.2913434863,7.446059537823606
1273700,5.423593963867466,5.865343976897401,379168.7546494115,7.446356029726474
1273800,5.423754983668273,5.865577187501851,379181.48216747394,7.446561943585933
1273900,5.42393965057473,5.865798177807758,379193.6310095903,7.446820814498094
1274000,5.4241462034461945,5.86597520467101,379206.046302769,7.447006925474462
1274100,5.424298528342202,5.866175072374322,379219.0584109033,7.447206923371924
1274200,5.424503768808311,5.866351057215495,379232.732745124,7.447468192385242
1274300,5.424651329866703,5.866557531653244,379244.78333214286,7.447657755392551
1274400,5.424804809290184,5.866783945474717,379257.804107714,7.447909722582816
1274500,5.424951308260857,5.866992346258064,379269.55240001506,7.448033417538033
1274600,5.425144485861034,5.8671440455816315,379280.82212623366,7.448245054811824
1274700,5.4253441683650685,5.86739620964528,379294.08386648464,7.448489817291115
1274800,5.425515809517832,5.867650697559293,379305.8307747575,7.448685229617942
1274900,5.425669385572759,5.867810993609541,379319.50392735575,7.448859015668671
1275000,5.425858573342106,5.867989583945159,379332.7145546287,7.449078646207337
1275100,5.42601986940338,5.868180531027163,379344.0528132367,7.449293562366111
1275200,5.426206048675768,5.868418303056853,379356.56031685555,7.4495361024380164
1275300,5.426368232879187,5.868589707680087,379370.03303327993,7.449714655958686
1275400,5.426519273791728,5.868770965671472,379383.0587434781,7.449883943940752
1275500,5.426675097374493,5.869004630838765,379394.97268021706,7.450163851515168
1275600,5.42685028760366,5.86920350177258,379406.2531465316,7.450446997789859
1275700,5.427034308172133,5.869448360219545,379418.93671114155,7.450660771667069
1275800,5.427192663169058,5.869704818483548,379430.97024971584,7.450888558876347
1275900,5.427394419134012,5.86990397268364,379442.3690940099,7.451043310812608
1276000,5.427542815597494,5.870061948784865,379455.6519199418,7.451299550618014
1276100,5.4277376580222265,5.870218629585908,379467.25029713794,7.451460595096147
1276200,5.427916653555832,5.870448644853945,379478.47402364144,7.451584691156652
1276300,5.428079655741104,5.870597258270779,379491.60240643966,7.451726792787277
1276400,5.428279945793037,5.870822803766048,379503.20806325745,7.451981274435607
1276500,5.428481113935993,5.870984476416889,379514.91431766027,7.452170074993698
1276600,5.428669310255036,5.8711178629182115,379526.3049626482,7.452344779414433
1276700,5.428843911821284,5.871299224461188,379539.90723972843,7.45252759699754
1276800,5.428989971366926,5.8714846088100225,379552.54701410816,7.452659580254056
1276900,5.42915708759036,5.871693086859598,379565.2174231359,7.452907685073581
1277000,5.4293316822413376,5.8719455662142845,379578.12038452097,7.453186475880889
1277100,5.429533668012985,5.872110560295846,379589.2167436262,7.453468707168432
1277200,5.429730085788944,5.872296532590509,379601.8771108215,7.453596971893973
1277300,5.429936579746024,5.872427731228251,379613.35281422833,7.453841404093074
1277400,5.430120514042367,5.872645264036097,379626.19349024916,7.454062058345666
1277500,5.430273791691754,5.872824118513127,379638.5929782623,7.454305084102109
1277600,5.4304685914857975,5.872966700892427,379651.01009793615,7.454443696098819
1277700,5.430616179946126,5.873179529928462,379664.234551784,7.454655467745942
1277800,5.43081004172086,5.873356438057169,379675.33025677415,7.4547880553064
1277900,5.431008005784968,5.87357808078911,379687.40834119363,7.455064798542576
1278000,5.431196010421579,5.873786403070078,379699.81975208176,7.4552720376053525
1278100,5.431352173251635,5.873979577387273,379711.76815525396,7.455469701200072
1278200,5.431552395341203,5.87417947288386,379724.76091824425,7.455732269606848
1278300,5.431714988496973,5.874348901368414,379736.98840909346,7.4559780953474055
1278400,5.431874721885291,5.874536922888243,379750.6151036627,7.4561501799617504
1278500,5.432033800687045,5.874739679158849,379762.98628857057,7.456443899277989
1278600,5.432211905923133,5.874968734992352,379774.6655736744,7.456667560232925
1278700,5.432399283040739,5.8751327582312305,379787.24719228153,7.4567991747648845
1278800,5.432575736840885,5.875261527846349,379799.4226662565,7.457011929806274
1278900,5.432741656204309,5.875444579926404,379810.77419927553,7.457248782322394
1279000,5.432947761989321,5.8756870689521605,379822.0663316821,7.457416308612023
1279100,5.4330945874838275,5.875914728567296,379835.0180410458,7.457649028768678
1279200,5.433266521545198,5.876085458863476,379846.2350115696,7.457846665418243
1279300,5.433423525631274,5.8762794873017485,379859.61320552946,7.458092068853786
1279400,5.433576606749633,5.876524293417499,379871.50064948783,7.458257550319199
1279500,5.433778171697211,5.876702048140798,379884.40942169,7.458390250781011
1279600,5.433933839014863,5.8769427764745945,379895.5345684646,7.458628273249476
1279700,5.434096436782277,5.877195285244611,379907.1792651385,7.4588055204685775
1279800,5.434268761916604,5.877444118163749,379920.1011391134,7.458966655975668
1279900,5.434461573566365,5.877692703840231,379931.2831901924,7.459091285100375
1280000,5.434660305933917,5.877867639675507,379943.17219330114,7.459356170247744
1280100,5.434814623568828,5.87799712338034,379955.1587164353,7.459580169045363
1280200,5.434973794503252,5.878176516410897,379967.9069851847,7.459804410177357
1280300,5.435163824910404,5.8784253971671285,379980.3781119129,7.459942480675919
1280400,5.435351623257034,5.878568333043624,379991.63624021166,7.460180737829997
1280500,5.435536807929402,5.878732737566951,380003.26679963723,7.460449440906742
1280600,5.435736595880964,5.878887066714094,380015.2758488108,7.460607984305846
1280700,5.435898765845954,5.879046786240316,380027.96279612504,7.460787218622652
1280800,5.436099501487842,5.879201400670366,380040.49088098493,7.461041251880284
1280900,5.436283526478071,5.8793556424256135,380052.87245762185,7.461267040696856
1281000,5.436426732095871,5.8795762737618285,380065.9381808017,7.461447991187525
1281100,5.436581602777683,5.879726551071419,380078.0085336993,7.461651236431637
1281200,5.43675982467783,5.87995794044142,380089.4833914644,7.461927494698775
1281300,5.4369575949320295,5.880094284031155,380102.8927473239,7.46220638035127
1281400,5.437134017056658,5.880314824251485,380116.0970076699,7.462495605498051
1281500,5.437309184244402,5.880566411254174,380128.2467612973,7.462770839041042
1281600,5.437481076125867,5.88075950873325,380139.9986263517,7.463021796015874
1281700,5.437656726110742,5.88098636491071,380153.4568285141,7.463153167797828
1281800,5.437825902811421,5.881192961942035,380166.2352263019,7.463292221662258
1281900,5.437987876070235,5.881430318930492,380179.7628042876,7.463580491005892
1282000,5.438140890607575,5.881679365213737,380192.5323170019,7.463842647058584
1282100,5.438309364515993,5.881830631365424,380204.5431594526,7.4641123836637275
1282200,5.438499536958017,5.8820390767950315,380216.0302704464,7.464383724127545
1282300,5.43867909531835,5.882239981598822,380227.5320700376,7.464590782904954
1282400,5.438858718174504,5.882471981850008,380241.01111369405,7.464856785285766
1282500,5.439029577971362,5.8827138209655905,380253.5657552856,7.465088027052366
1282600,5.439211451046487,5.882925252778864,380266.0460712585,7.465314981394306
1282700,5.439362791952041,5.883134047970598,380279.6096797577,7.465490598907549
1282800,5.439563844268563,5.883377440899285,380290.70332492684,7.465778164598879
1282900,5.439728251793256,5.883569509658042,380303.87687931606,7.466057554553443
1283000,5.4398857931780835,5.883802408927904,380316.8750751116,7.466231822515274
1283100,5.4400676043989495,5.88404105743341,380328.2957649681,7.466407953349013
1283200,5.4402107903754855,5.884181378542683,380339.9805188477,7.466653157914651
1283300,5.4404094566200865,5.884335971637477,380352.85060152394,7.4668404057825155
1283400,5.440581689818811,5.8844657235612665,380365.1877769324,7.467091658574631
1283500,5.440747162098468,5.884630367507216,380376.83221566916,7.467217948118943
1283600,5.4409040675261835,5.8848365075893385,380390.2690562444,7.467409401175594
1283700,5.441102521994104,5.885021961247775,380403.02229657676,7.46767853852154
1283800,5.441283417819225,5.885261315647324,380416.3842640621,7.467923176485102
1283900,5.4414436847683705,5.885427320295846,380428.5559749869,7.468145935522104
1284000,5.441614238802798,5.885655810057076,380439.51980514167,7.468298485530781
1284100,5.441797643813211,5.88582554840077,380451.58918669657,7.468513612405833
1284200,5.4419797584470295,5.88606688106532,380464.4664211607,7.468804403943919
1284300,5.4421748602753555,5.886297892715907,380476.6516137923,7.4689877126827895
1284400,5.442353830808837,5.8864873022411945,380488.0555860766,7.469218284560449
1284500,5.442506859211618,5.886669431543753,380501.03436457744,7.469449557291006
1284600,5.442656990107678,5.886864266815557,380512.66989551915,7.469658507252426
1284700,5.442815082538673,5.886998923724707,380525.0764072816,7.469841481836951
1284800,5.443006948089489,5.887172021647605,380536.91004514345,7.4699772457753
1284900,5.443171080797295,5.887357851140891,380548.4740796316,7.470246224118602
1285000,5.443315537532922,5.887506829665602,380559.3329241541,7.470374185577154
1285100,5.443468012632877,5.887670580068693,380572.75394726684,7.470584463781753
1285200,5.443649711266595,5.88782899770557,380583.925372217,7.470736982184086
1285300,5.443852488359411,5.888050026135471,380595.0655637791,7.470918457262583
1285400,5.444022403935734,5.888190048202376,380608.1988676496,7.471073791455722
1285500,5.444170751342588,5.888387071329949,380620.4699729933,7.47120636169138
1285600,5.444349051892227,5.888551425850551,380633.498132679,7.471449518508001
1285700,5.444526076091368,5.888757399993038,380645.0832852068,7.471637563353933
1285800,5.444718281088069,5.888911714040805,380656.9587927951,7.471923193415319
1285900,5.444899821089571,5.889102699796278,380667.9873236002,7.47220840822011
1286000,5.445041297897799,5.889234896049915,380679.9657650857,7.47244709504407
1286100,5.445196897167085,5.889398626403975,380691.20236285805,7.472571755821804
1286200,5.445378565994682,5.8896017800839795,380702.3156207208,7.472705175197045
1286300,5.445537126613761,5.889825467881154,380714.40133013023,7.472949757212905
1286400,5.445728587024267,5.890040216136141,380725.22754395986,7.473206196649333
1286500,5.445931141660419,5.890273626184013,380736.544960016,7.473425331433535
1286600,5.446121277536966,5.890435375845468,380748.8396865033,7.473544047331757
1286700,5.446308288444754,5.890649880146592,380760.79144431226,7.473796896017964
1286800,5.446467255043682,5.89085826230477,380772.562294158,7.4740671803123115
1286900,5.446624575261506,5.891052242394921,380785.43571069936,7.4743097249165205
1287000,5.446800734034884,5.891185493877253,380797.28932892234,7.474537504334005
1287100,5.446996439929282,5.891405492885758,380810.53521644446,7.474699001658174
1287200,5.447188752271877,5.891540329818151,380821.34567181976,7.47487429218767
1287300,5.447337188553987,5.89172030005529,380832.35885717784,7.475042034444927
1287400,5.447533612988544,5.891873419276972,380844.8288740291,7.4751616286953055
1287500,5.447704851978071,5.8921238594988,380857.66902041074,7.475338573692439
1287600,5.447872560725144,5.892304238583658,380869.536790712,7.475551377094708
1287700,5.448043092421303,5.8924401492688725,380882.30312652927,7.475715249780024
1287800,5.448221742690033,5.892684598384285,380893.88643020584,7.475973382271599
1287900,5.448413374401766,5.892922226536071,380904.8085110507,7.476109678353034
1288000,5.448557620089995,5.893052599954284,380916.31558215036,7.476359879076007
1288100,5.448759429668859,5.893200052331312,380929.1660358168,7.476644113830739
1288200,5.448959855715755,5.893416603383666,380940.342414603,7.476774652750534
1288300,5.449116655446023,5.893653563917462,380952.6958680067,7.477000394438862
1288400,5.449304489891102,5.89379334006359,380964.8722455204,7.47721421850937
1288500,5.449506219734246,5.8939624094899585,380976.45935241965,7.477393391298449
1288600,5.44965061737207,5.894118169878624,380988.39129744546,7.477652139064219
1288700,5.449810335231688,5.894303545305364,381000.4052854456,7.477883923235574
1288800,5.450000818246674,5.894545343727057,381013.31102995615,7.478110586096273
1288900,5.4501715200506,5.894756660448982,381024.7078946599,7.47829009208414
1289000,5.450344304707261,5.894916081717615,381037.5087195092,7.478498913048965
1289100,5.450515445418983,5.89508948886448,381050.19501005096,7.478675245119916
1289200,5.450690903250277,5.895300250318731,381061.4241737488,7.478955873939481
1289300,5.4508701078734845,5.895434142469153,381074.5315956113,7.479193444627135
1289400,5.451028594576348,5.895670474823381,381086.70830922417,7.47944877647485
1289500,5.451230480962429,5.89581540496039,381098.51019403397,7.479668274915296
1289600,5.451379329954021,5.895947585299874,381109.3692441411,7.47987838953756
1289700,5.4515587107312475,5.896156697072723,381121.0461003261,7.48004445777577
1289800,5.451750083413398,5.896372040893216,381132.3057965323,7.480198820349422
1289900,5.451902364566997,5.896562400788577,381144.44355064066,7.480342013194121
1290000,5.4520465004424885,5.896795881513304,381157.82200972765,7.480526110713922
1290100,5.452190690060381,5.89698487454502,381170.2121892767,7.480728665379846
1290200,5.452360605421848,5.897221208151219,381181.40067349334,7.480965797890147
1290300,5.452531214965534,5.89746955710569,381193.0662191218,7.481141366204573
1290400,5.452726471830941,5.897641765731893,381205.3899623588,7.481369685091824
1290500,5.452922829575895,5.8977972929103535,381217.6182187395,7.481599277577231
1290600,5.453110569155011,5.897972020466795,381228.4436414981,7.481804951247882
1290700,5.45327976250352,5.898212835977689,381240.1719899038,7.481970295611103
1290800,5.453445261979317,5.898436442255453,381251.0522855591,7.482097054642921
1290900,5.4536145342857925,5.898588598340667,381262.8161501306,7.482345286848283
1291000,5.453765726753723,5.898775520063987,381274.2564165165,7.482619932702217
1291100,5.453911406686248,5.898995730607949,381287.1097225739,7.482886066020833
1291200,5.454079134387995,5.899151043387546,381298.932113948,7.48300527908021
1291300,5.454222098667866,5.8993248775566665,381310.1730886461,7.483180337138085
1291400,5.454417603978415,5.899524751416795,381322.5556293381,7.483411090183247
1291500,5.45456441159215,5.899758521613426,381334.2563376379,7.4836256284970375
1291600,5.454708829684765,5.899948093499721,381346.8747141898,7.4838959113053205
1291700,5.454862311515134,5.9000812229258885,381358.41030524677,7.484016199344646
1291800,5.455033889888878,5.9002307533467215,381370.60509457556,7.484239108782945
1291900,5.455191005641207,5.900361209705585,381382.3925417931,7.484389861884683
1292000,5.455346541573437,5.900573309149803,381395.03709526046,7.484625355492887
1292100,5.455503223003779,5.90069880824042,381407.25893557596,7.484824415018587
1292200,5.45568222741306,5.900892506516432,381419.59416334267,7.484967151917994
1292300,5.455823275964031,5.9010399798025155,381430.305211606,7.485104633703909
1292400,5.4560109870402265,5.901230046648903,381442.1342721516,7.485271648316216
1292500,5.456187935303633,5.901375893230224,381455.2709480848,7.4853924742925075
1292600,5.456377419464261,5.901616109838093,381468.03032053524,7.485629363055896
1292700,5.45656583737249,5.901749906979407,381481.00885548623,7.485845092483208
1292800,5.4567461264683645,5.901952101085636,381492.00552467606,7.485992532814055
1292900,5.456921841056697,5.90216056148624,381505.0804658041,7.486142296853974
1293000,5.4571197486266625,5.9023842931040775,381517.92997104273,7.486316384319879
1293100,5.457302933484931,5.902607354993128,381531.12259015295,7.486533841286321
1293200,5.457463272313391,5.9027857485643525,381543.0758716525,7.486663641486848
1293300,5.457607474365328,5.902943202205348,381554.38359952276,7.486869526723945
1293400,5.457793707706957,5.9031506498382535,381566.1582828271,7.487051022428722
1293500,5.45795179687558,5.903382512400437,381577.2367599626,7.487203162116446
1293600,5.458113173137705,5.903595155739514,381588.67965110805,7.487393408037193
1293700,5.4582792885202975,5.903745410339698,381601.7019973913,7.487627629108621
1293800,5.458426196791593,5.903890402629008,381613.8621507013,7.487809777681067
1293900,5.458580649180901,5.904129087020169,381625.31685256085,7.488008876258055
1294000,5.4587247461555455,5.90434909744867,381637.77945441805,7.488135228197015
1294100,5.458877843845349,5.90458644141108,381651.06106773665,7.488400080984413
1294200,5.459074330669673,5.904833155932192,381662.7320994831,7.488527128409716
1294300,5.459225990263847,5.905020060324791,381673.487056625,7.488682214289071
1294400,5.45940419302276,5.905241966348825,381686.2792836749,7.488909655040668
1294500,5.459544743516151,5.905399378573898,381697.95875805605,7.48909222730874
1294600,5.459703082420096,5.90553605556187,381709.94212304807,7.489304845898094
1294700,5.459887827052892,5.905722799340064,381722.7670181732,7.489448928962848
1294800,5.460060648224517,5.905944951143717,381735.52347103244,7.489650803206109
1294900,5.460256182995984,5.906088006874342,381746.5310277822,7.489808152875836
1295000,5.460436873720104,5.906324513965095,381758.9822546738,7.489970212248348
1295100,5.4605914183304085,5.906492567382817,381771.9445918435,7.490188211108161
1295200,5.460763307052884,5.9066537983416865,381782.63300666184,7.490325895444564
1295300,5.460922575334634,5.90680064432909,381793.4806120408,7.490578934100833
1295400,5.461088146120517,5.907004674998499,381806.27715855633,7.490786571138728
1295500,5.461261328359792,5.907229402133891,381818.97872281837,7.491068467264231
1295600,5.461439444682735,5.907455959772941,381831.8534496522,7.491245801710416
1295700,5.461625405623658,5.907607064282043,381844.26098947786,7.491445047668093
1295800,5.4617677852291475,5.907791153184625,381857.39809130423,7.491581143385885
1295900,5.461954674623361,5.907970649301308,381868.83920856786,7.491773954277951
1296000,5.462112408290085,5.908212179920156,381882.00874705956,7.492045095493236
1296100,5.462309347287798,5.908451355704218,381894.7729029149,7.492213634098153
1296200,5.4624546082878105,5.908591228397013,381906.0688578215,7.492493502206002
1296300,5.462649700383688,5.908758332235567,381919.24227184494,7.49272639631676
1296400,5.462788967047022,5.90891246122333,381932.2060287054,7.492906004079155
1296500,5.462936039329033,5.909069462311234,381945.1138425721,7.493092973379067
1296600,5.463108987072681,5.909195484048399,381957.5954069148,7.493328616122448
1296700,5.4633043718035434,5.9093501151292696,381970.7323923793,7.493560212029611
1296800,5.463468798579809,5.90950160899313,381981.48980737815,7.49377080748969
1296900,5.463649179020658,5.909633451147202,381992.2514762372,7.493978152881872
1297000,5.46383034082994,5.909852685708614,382005.32708051126,7.494261241357116
1297100,5.46399803483022,5.910085553675354,382017.4452512952,7.49448915369358
1297200,5.464176977058737,5.910237766281298,382030.30323368154,7.4947487374136825
1297300,5.464332399445475,5.910400007323363,382042.8032742132,7.495004552037926
1297400,5.464496515339599,5.910594742319614,382054.535388195,7.495124947214476
1297500,5.464650809899122,5.910760345439856,382067.1673897395,7.495404950689082
1297600,5.4648150292427955,5.910972516017418,382077.93489898724,7.495657964778683
1297700,5.464999644550853,5.911138553687965,382088.8823915041,7.495839639216437
1297800,5.465183947958259,5.911303236647684,382101.6515462833,7.496054188908079
1297900,5.4653705928298395,5.911477000989779,382112.3266137023,7.496318705603766
1298000,5.465526169128024,5.911651203086965,382125.2191986761,7.496491988076087
1298100,5.465722917952623,5.911845362562525,382136.97580339457,7.496740044833029
1298200,5.46588602276722,5.912049672174505,382149.17119999067,7.49699512106196
1298300,5.466036145085895,5.912234394831922,382161.4714174337,7.4971186754860275
1298400,5.466187763457273,5.912404956765415,382172.61884916807,7.497331983867166
1298500,5.466379904287992,5.9125625926404695,382184.62512485666,7.497459343540755
1298600,5.4665554574232536,5.912779073770086,382195.61144867877,7.497633052426144
1298700,5.4667243410472945,5.912994575754026,382207.3813835466,7.4978108217616
1298800,5.466872150455258,5.913118367412103,382219.14066091384,7.498091728532426
1298900,5.467062653305873,5.913270461494811,382230.1711155954,7.498280337520399
1299000,5.46721945004004,5.9134074936601255,382243.03525786125,7.49855114567173
1299100,5.467389602151963,5.913609919881716,382253.5998990167,7.498702416061383
1299200,5.46758181879464,5.9138484633869215,382266.0989087566,7.498945285036033
1299300,5.467736210909366,5.914046161207088,382279.1880192667,7.499152916460135
1299400,5.467904961928444,5.914183721477845,382290.56574046856,7.499393831260568
1299500,5.468060284163885,5.914377844766009,382301.4801096904,7.499612183222251
1299600,5.46820577415392,5.914603885702238,382312.51744373556,7.499827993157253
1299700,5.468358008310215,5.91482713309396,382325.35446851264,7.499988543456707
1299800,5.468532105450615,5.915036619996126,382336.3039431027,7.50015526969009
1299900,5.46869219151763,5.91523711091182,382349.3680572451,7.500280133608391
1300000,5.468889285672772,5.915435624528482,382360.4338243806,7.5005455713858415
1300100,5.46906905295411,5.915584538699769,382372.4080805236,7.500670968370828
1300200,5.469261909973278,5.91581311069519,382383.42864554323,7.500806156640589
1300300,5.469455768128012,5.916013429534548,382395.48363041563,7.500958231202329
1300400,5.469613431496192,5.916147666594281,382408.1199027081,7.5011876707219445
1300500,5.469809163017077,5.9163773648015345,382419.52101058763,7.501303934465716
1300600,5.470003513418484,5.916509062476016,382430.66408563685,7.501429823866548
1300700,5.470159061498397,5.916634904491664,382442.3413218789,7.501695646396163
1300800,5.470335429194679,5.916873343710126,382455.0105073484,7.501937355110584
1300900,5.470495799238553,5.917050191275397,382466.6497130658,7.502214829438922
1301000,5.470652885750078,5.917176023343415,382479.0633250363,7.5023948080501555
1301100,5.47083544374705,5.917361671118302,382490.791229966,7.502542207973381
1301200,5.471021898862509,5.917515158311775,382502.01532670093,7.502802138765292
1301300,5.471212294062454,5.917706708670259,382513.7264876505,7.502984481171609
1301400,5.471359732028414,5.9179197971174275,382524.77732010407,7.5032228574918935
1301500,5.471497992901309,5.918146730211724,382536.69719177677,7.50340006921792
1301600,5.471676819035209,5.918338632526555,382547.75700935046,7.50361175345994
1301700,5.471827752573649,5.918556890882479,382558.68346690614,7.50383427630919
1301800,5.471973646833683,5.918734557869256,382571.67350896046,7.504055510671761
1301900,5.472134877731728,5.918882885207719,382582.24386209145,7.504181967315247
1302000,5.47230184911527,5.919017961603263,382594.6194362108,7.504386829122741
1302100,5.47248190728734,5.91916634317436,382606.0897032193,7.5045416234901605
1302200,5.4726194778344075,5.919377315783251,382618.94293067104,7.504812751535607
1302300,5.472759172204706,5.9195078671912755,382629.43253796425,7.505090023482308
1302400,5.4729382344048,5.919744390252324,382641.06142885005,7.505233381865565
1302500,5.473081910098408,5.91996364898383,382653.5170931466,7.505500319639529
1302600,5.473242828358982,5.920165264534126,382664.0334866736,7.505778594230696
1302700,5.473428676613053,5.920313543486194,382675.03253114456,7.505911049934352
1302800,5.473579609753802,5.92047085693437,382685.69849479606,7.5061784131513365
1302900,5.473756593105337,5.920622850016819,382696.72549402417,7.5064189601381255
1303000,5.473947717005018,5.9207716393725995,382708.2382736371,7.506610249364507
1303100,5.4741415831192395,5.9209663010149125,382719.01628016215,7.506853722723192
1303200,5.47432570136283,5.9211038445373125,382730.06098003226,7.506987603802544
1303300,5.4744978615967135,5.921231099938606,382742.12488869525,7.50724578448307
1303400,5.474653604970165,5.92146526298763,382753.3479167687,7.507404753581514
1303500,5.474803721338995,5.921615107567621,382764.3310571507,7.507591044612818
1303600,5.474994913874205,5.921813303888579,382775.0549145227,7.507780123887268
1303700,5.4751905793838045,5.922045399235986,382787.6535266026,7.508056586490707
1303800,5.475379709704745,5.922220170336207,382800.24170673266,7.5083291510862855
1303900,5.475543985841474,5.922457921928951,382812.2547968237,7.508460544146546
1304000,5.475698678695315,5.922601188664873,382824.81645564997,7.5086706242664185
1304100,5.475840690718152,5.922755041430312,382836.82635914214,7.5088975754039895
1304200,5.476008359831924,5.922923583575219,382848.6092583994,7.5091476416426595
1304300,5.476179568243584,5.923123772878341,382859.6356784501,7.509286139332677
1304400,5.4763667559677,5.923316264820804,382871.0522345907,7.509550254011043
1304500,5.476548761408871,5.923441292944444,382882.44825065427,7.509778011103178
1304600,5.476739266250161,5.923675923247813,382894.8124711198,7.510028968695878
1304700,5.476933397262246,5.92388786682128,382907.2214989528,7.510307709637518
1304800,5.477088571564201,5.92409148553106,382917.983472221,7.510520231784448
1304900,5.477239125999504,5.924311486395545,382928.48367976496,7.510778758150793
1305000,5.4773925498855975,5.924435057124351,382941.0551163176,7.510987660792367
1305100,5.477581454988629,5.924634241900908,382951.66770849295,7.511111277748616
1305200,5.477765529052996,5.924857475838271,382962.5993905114,7.511261280517956
1305300,5.477939929319286,5.925056615505387,382973.2685872125,7.511377043782621
1305400,5.478089855554814,5.925237041069118,382986.13050869183,7.5115028232627505
1305500,5.478241917040495,5.925368365233441,382997.1054441306,7.51164568456674
1305600,5.478401721725759,5.925565548632466,383008.44000430364,7.51181734248024
1305700,5.478561054375405,5.9257601497675685,383019.86731368664,7.5119586579457005
1305800,5.478751783103424,5.925892894068802,383032.45992349065,7.512110019001136
1305900,5.47892287250142,5.9261104815625005,383044.06658241246,7.512327192865791
1306000,5.479106830385799,5.926275862790042,383055.80172319536,7.512451819803107
1306100,5.4792431506710715,5.926446417931453,383068.4823385535,7.5126833108171605
1306200,5.479407042878716,5.926617982132583,383080.7000239705,7.51289114769155
1306300,5.47959006427907,5.926838551380697,383093.21618148003,7.513123940816576
1306400,5.479772182239039,5.926972254612467,383105.08402896725,7.513264548650467
1306500,5.47991026821103,5.927204000289081,383116.1696133038,7.513414309875049
1306600,5.480083619196649,5.927404956690696,383128.3773449312,7.513545090434613
1306700,5.48025098284515,5.927601449816761,383141.2372703958,7.513764141740491
1306800,5.480444885774445,5.92779869648537,383153.1854611561,7.513912154490139
1306900,5.480635003331373,5.928029851457409,383164.55304826074,7.514164450246463
1307000,5.480774889129161,5.928163361752026,383176.0864860014,7.514380505692829
1307100,5.480954589745432,5.928286384443767,383188.2632993474,7.514614795339817
1307200,5.481098517117164,5.928520998700098,383200.8705904531,7.514741456937303
1307300,5.481263649911395,5.928737936409235,383213.03559717495,7.514911940831346
1307400,5.481419202523331,5.9289228917968995,383225.7424481847,7.515186941469704
1307500,5.481612108872888,5.929059104705136,383238.21878580586,7.515438754085116
1307600,5.481802870111177,5.9292094543022635,383250.25876743137,7.51565689454665
1307700,5.481950107301676,5.929430987372124,383261.066471191,7.51587534378438
1307800,5.482118574322689,5.929640781432079,383272.5495014037,7.516073001276985
1307900,5.48226761197664,5.929881031792903,383283.56377457245,7.516263035200918
1308000,5.482427289371101,5.930093095026483,383295.78954256594,7.516457195722007
1308100,5.482573465483333,5.9302691015010796,383307.42517835216,7.516636960340113
1308200,5.482740072136193,5.930451975218825,383320.08163468895,7.516783403611776
1308300,5.4829138111760285,5.930643258718166,383332.883592078,7.516930722273545
1308400,5.483097070839079,5.930797191467306,383344.9299304364,7.517073985153814
1308500,5.4832536706592645,5.930951422885141,383355.82574759156,7.51731312697676
1308600,5.483432251612003,5.931075891118985,383368.0575613808,7.517437318163015
1308700,5.483572099257194,5.931305570936883,383378.5469619625,7.517654514493578
1308800,5.483760355827089,5.93149317488773,383389.8507392741,7.517808755751119
1308900,5.483944891654732,5.93167833743577,383401.5604929943,7.517957225781381
1309000,5.484110125361882,5.931838041424589,383412.6597443358,7.518126529731649
1309100,5.484270601649087,5.93204153897924,383425.4158744225,7.518255415098842
1309200,5.4844060469747244,5.932217003581782,383436.32316430705,7.518524391549407
1309300,5.484564490848999,5.932451806477204,383447.75544963294,7.518781116376761
1309400,5.484720327611699,5.932613260898964,383459.8617172724,7.519013563563453
1309500,5.4848613502741275,5.932760844431473,383471.9554797921,7.519215670665691
1309600,5.485023193589244,5.9329104266219765,383483.80647829757,7.519415587362786
1309700,5.485181040057999,5.9330382747839145,383494.9231659156,7.519595932315844
1309800,5.4853658707911395,5.933204756718977,383505.3354034168,7.519833155305864
1309900,5.485546786634679,5.933346436039547,383517.80271001684,7.52008766063329
1310000,5.485738971591118,5.933468935864625,383530.1803348258,7.5202293910793605
1310100,5.4858803468825315,5.93367850299844,383542.86832389457,7.520376660938976
1310200,5.486039105406792,5.933876461573443,383554.63307575154,7.520626596363779
1310300,5.4861803233102435,5.934015463777301,383565.4899325237,7.520805053490991
1310400,5.486327419581574,5.934218941132588,383578.1724889171,7.520945647764229
1310500,5.48648033883185,5.934448106156933,383589.0938388749,7.521104225817512
1310600,5.486664704564701,5.934613783062406,383600.86207552784,7.5213657922790045
1310700,5.486809017052036,5.934807693387904,383611.187613757,7.5216017440252285
1310800,5.486956329414444,5.935046479335105,383622.3882957662,7.521782497143855
1310900,5.487129042485064,5.935279104258052,383634.9589164347,7.521993310445342
1311000,5.487271191232191,5.935510046401309,383647.56760745443,7.5221804322215995
1311100,5.487428960668274,5.935651088254456,383659.1397315574,7.522327549391401
1311200,5.487610450020908,5.935844419312468,383671.7218338221,7.522545961200062
1311300,5.487797704564105,5.935967497768479,383682.6388830541,7.522680129053359
1311400,5.487938596508433,5.936186126613652,383695.244682402,7.522821149658173
1311500,5.488105710837406,5.936320573729644,383707.93191128375,7.523046252976103
1311600,5.488244814604683,5.936559832625719,383719.8875452911,7.523260937268395
1311700,5.488419660805008,5.936703892771612,383730.4266289816,7.523400045337191
1311800,5.488594137685743,5.936868728755845,383741.49703079165,7.523671112981105
1311900,5.488767464598164,5.9371049301534695,383753.65925093053,7.523815187316827
1312000,5.488950093545117,5.937311276500498,383764.7627920544,7.523996097148242
1312100,5.489086103746401,5.937457954176465,383776.0238885431,7.524155188568351
1312200,5.489235686933869,5.937624143519296,383788.7720895928,7.5243088468129775
1312300,5.489386710286244,5.9378311339989045,383799.245044337,7.5244520088718145
1312400,5.489523154558386,5.93802440635343,383811.05974691384,7.524619046869729
1312500,5.489683985454774,5.938241747949229,383823.5823665053,7.524748481072835
1312600,5.489851702520807,5.938471937907358,383834.9986148637,7.524896113033552
1312700,5.490036679426976,5.938637000559701,383845.36257744906,7.52507236158521
1312800,5.490228713411537,5.938783356003042,383857.18571610516,7.5252832600827855
1312900,5.490377286913038,5.9390026119301575,383867.4707305301,7.5253997126045595
1313000,5.490525309350532,5.939217503946122,383878.6816069907,7.525599327169477
1313100,5.490717582708618,5.939423619058661,383889.38513029326,7.525725161281464
1313200,5.490882194676959,5.939619979290607,383901.7941036428,7.525937742470794
1313300,5.491069332931391,5.939828388494605,383912.604704177,7.526157715860977
1313400,5.491212984258606,5.9399862414219715,383923.85721337405,7.526416155062182
1313500,5.49137190084801,5.940214476443487,383934.7682948054,7.526575268691269
1313600,5.491523655463967,5.940396716219812,383946.30829119886,7.526849609212816
1313700,5.491682556964652,5.940626801178244,383956.928812329,7.527059513029424
1313800,5.4918587691574485,5.940858623264818,383968.1949840525,7.527321902135971
1313900,5.492010084972658,5.940983164599657,383980.6717181132,7.527479419618311
1314000,5.492146521641779,5.941149803816467,383992.33681751444,7.5277376837526075
1314100,5.492292224586343,5.941365335952485,384004.69209129224,7.528002225204043
1314200,5.4924362180004485,5.941601604730616,384015.90309500933,7.5282043055567796
1314300,5.4925882947229665,5.941725879889916,384026.7280521263,7.528411250183459
1314400,5.492737933156665,5.941903543340714,384039.3700463215,7.528614421615157
1314500,5.492877104218139,5.942052727001402,384050.74366568297,7.528822307605495
1314600,5.493033190838737,5.942203363346672,384063.4041636992,7.528977257121527
1314700,5.493170056659884,5.942411764512044,384075.3231488426,7.529100449513078
1314800,5.493326389607217,5.9426463927880775,384086.3502779566,7.529327742008328
1314900,5.493480171723946,5.9428365778347665,384098.0645155188,7.529579976390361
1315000,5.493619496032679,5.942997379712385,384110.0878032202,7.5297219615744915
1315100,5.493790981524794,5.943229676660268,384120.9158250838,7.529887776828386
1315200,5.493974234743524,5.943422495284298,384132.9670856694,7.53006530395774
1315300,5.4941260116006285,5.9435937216311086,384145.23506586667,7.530258869981808
1315400,5.494297074969904,5.943759743213942,384157.78152533463,7.530501264434599
1315500,5.4944434261490604,5.943942962106948,384168.6345386497,7.53064157536132
1315600,5.494601116124378,5.944076751104211,384180.0440313669,7.530799702080012
1315700,5.494763609170187,5.9442170419293605,384192.68143782346,7.530956636574329
1315800,5.494923904560659,5.94435323258803,384204.1670321922,7.531193622480707
1315900,5.495112699632104,5.94452983156123,384216.18502052827,7.531430522953952
1316000,5.495292333645638,5.944724659863504,384226.5685228828,7.531651727364022
1316100,5.49544678028652,5.9448919952399155,384238.84327357233,7.53180656284748
1316200,5.495625731504949,5.945112133270485,384249.26643830654,7.531952175277694
1316300,5.495809147057975,5.945284076788603,384260.61017600144,7.53208030965097
1316400,5.495995585411112,5.945451066440457,384272.7094124028,7.53226224782967
1316500,5.496181700470164,5.945660748607222,384284.4834151731,7.53238075831487
1316600,5.496372617857521,5.945862383611222,384296.18203787465,7.5326449547213015
1316700,5.496521188601357,5.945996351045985,384307.9481888726,7.532772336094653
1316800,5.4966614111194465,5.946229209736604,384320.5803194744,7.5330190905467
1316900,5.496815885876087,5.9464354199991245,384330.79614742234,7.533154579510085
1317000,5.49697606125075,5.946666100571,384343.15011478064,7.533324950038136
1317100,5.497152196471991,5.946901400702966,384353.4752071168,7.533502572516613
1317200,5.497331044780318,5.947071026715103,384363.8704555402,7.533657082231339
1317300,5.497476145200063,5.947251791206295,384374.7574096965,7.5338890584748075
1317400,5.497618006434221,5.947433899268539,384386.1389252006,7.534008761109767
1317500,5.49777767378017,5.947582557923982,384398.47269712744,7.53416610640019
1317600,5.497955232315754,5.9477996298096425,384409.31114482257,7.5344082418949085
1317700,5.498088396764622,5.947954764265769,384421.5686369689,7.534642680435512
1317800,5.498224358331926,5.948119445758542,384433.38463057927,7.534914969038528
1317900,5.498369278566644,5.948313790880129,384445.0481076338,7.535109772099623
1318000,5.498519703771252,5.948520850780414,384456.8722305231,7.535280559572155
1318100,5.498704902404712,5.948740759041089,384469.0820836225,7.535468050657954
1318200,5.498882059378488,5.948924003190521,384481.49956088775,7.535592202585887
1318300,5.499073048355305,5.949107385980071,384492.4524061025,7.535710944622667
1318400,5.499220039552995,5.949299921278974,384503.2677123143,7.535947656976225
1318500,5.499408030668173,5.9495122177296595,384515.4933494812,7.536185968227704
1318600,5.49955927314139,5.949715855132041,384528.04586506897,7.536450315939958
1318700,5.499704241939731,5.949849417434744,384538.3965844609,7.536693451490612
1318800,5.499838165920786,5.9499998107680705,384549.9915437272,7.53682107140853
1318900,5.499991026013518,5.950221789753601,384561.68592517165,7.536940465539315
1319000,5.500161983189549,5.950369429507107,384572.80198200804,7.53712273356859
1319100,5.500302104513043,5.950550227789419,384584.38706439594,7.537380954571593
1319200,5.500436259209785,5.950675499563735,384594.5895213897,7.537574541164022
1319300,5.500618652429935,5.950895896644412,384607.2305461277,7.537748850869733
1319400,5.5007811154776425,5.951129961825524,384618.0759771705,7.537884071114629
1319500,5.500959698489741,5.951288921613135,384630.3239309145,7.538078713227696
1319600,5.501134795289483,5.951470246326796,384642.6980581319,7.538233937462105
1319700,5.501318260078851,5.951606309056068,384653.44025951956,7.538445406253594
1319800,5.50145553204527,5.951841047639724,384664.5925357316,7.538695181724889
1319900,5.501600589556345,5.951998986382506,384676.8783947185,7.538819139551866
1320000,5.501737657411141,5.952118389500988,384687.4131798373,7.538960073914541
1320100,5.501894901290202,5.952326667091207,384697.89846652525,7.539143747455565
1320200,5.502035362106751,5.952522755949965,384708.5525402581,7.539350965478245
1320300,5.502220756366323,5.952663879293868,384720.54465972364,7.539589922052777
1320400,5.5024002345174345,5.95286011452156,384731.08785129205,7.539747707983807
1320500,5.502538249498668,5.952994657046477,384742.411286833,7.539943734656621
1320600,5.502672151428829,5.953199200016504,384754.5981140663,7.540212087024813
1320700,5.502829617807451,5.95337965346083,384766.8546617328,7.540474226797774
1320800,5.503016097045736,5.953567411960722,384777.309352278,7.540676726967766
1320900,5.5031516555215205,5.953775542161971,384789.60806776193,7.540809009387796
1321000,5.503321810905009,5.953941586623517,384800.5504255126,7.540932446881741
1321100,5.503472293818053,5.954103350086013,384812.73731440236,7.541167463732001
1321200,5.503638099299122,5.954235278613945,384824.24552181363,7.541381646511452
1321300,5.503806842330263,5.954377666524035,384835.2396667512,7.541574914324413
1321400,5.503960221472107,5.9545501839355515,384847.41548887437,7.541722698381966
1321500,5.504121589256343,5.954698246229743,384857.5588760218,7.541977352525379
1321600,5.50430338096376,5.9548209042128075,384869.98887501936,7.542096770738144
1321700,5.504476914449753,5.954992391183736,384880.1789910472,7.542359197946922
1321800,5.504658509455827,5.95511172294437,384891.60548204795,7.542527807028301
1321900,5.50483901011591,5.955233834398258,384904.14851760265,7.542661803886616
1322000,5.50502032149543,5.955406255577671,384914.5744224094,7.542792880738418
1322100,5.505197330381207,5.955555143395576,384926.1593875362,7.542923774022798
1322200,5.5053556012150615,5.9556929158243355,384937.3085816727,7.543060376424145
1322300,5.505527956400324,5.955882218688853,384947.6743435305,7.543253206860645
1322400,5.505701305518747,5.956088389209337,384959.599771183,7.543501173618161
1322500,5.505836384660972,5.956300557523286,384970.23636068706,7.543698463225781
1322600,5.506006770804702,5.956502719139147,384980.8215007297,7.543808966086886
1322700,5.5061835672731165,5.9567080781791235,384991.85159253026,7.543970424659655
1322800,5.506371847730765,5.9568974983130625,385002.9436938979,7.54419289725361
1322900,5.506548999355601,5.957102626188911,385013.9875127363,7.544461565158605
1323000,5.5067021314338165,5.957262352476375,385026.0787034992,7.544722738235947
1323100,5.506835481973862,5.957413532837462,385038.5320342629,7.544909118844078
1323200,5.507017833569254,5.957611672497795,385048.67506978556,7.545118283324578
1323300,5.5071745063275594,5.957799882583795,385059.12111423514,7.545297666806356
1323400,5.507354337620744,5.957988677989429,385069.9712280466,7.545544816433781
1323500,5.507519524656913,5.958166120084266,385080.63454329903,7.545741855491306
1323600,5.507653661636703,5.958332098899559,385091.3696353782,7.545892585137871
1323700,5.507819024735123,5.958486374014149,385102.72355825856,7.546073750028903
1323800,5.508007660725078,5.958676797814473,385114.6819390995,7.546251067268834
1323900,5.508144163060213,5.95887622361061,385125.85017978057,7.546450398548913
1324000,5.508316764648045,5.959060308135946,385136.60482789,7.546680944344467
1324100,5.508458413873186,5.959270462504187,385147.5004884818,7.546812344226987
1324200,5.508601857643605,5.959427782909656,385159.3227100194,7.546936817239274
1324300,5.508775914730563,5.95955519448173,385169.42801248125,7.547056919233518
1324400,5.508909894575129,5.959692432833398,385180.5292386434,7.547271578237554
1324500,5.509043122178765,5.959846842907572,385192.6999898925,7.547472596087203
1324600,5.5092095987217995,5.959985389181889,385204.0142947269,7.547724420540432
1324700,5.509343742018449,5.960174242448792,385214.8382754616,7.547978979233592
1324800,5.509511304972986,5.960346173690345,385226.8747663553,7.5481728743190555
1324900,5.509673820977183,5.9604652285829784,385238.04654842627,7.548284903454952
1325000,5.5098187261260705,5.960666726027726,385249.4107919558,7.548455488075039
1325100,5.50999855224904,5.960874148725087,385261.46367901936,7.548620734704208
1325200,5.510130991461839,5.961028656092156,385272.00553484197,7.548845303417312
1325300,5.5102620652189,5.961156031454072,385282.96604413196,7.549005669054864
1325400,5.510445543970359,5.961388284552581,385293.5180578976,7.549173360196005
1325500,5.510612349058724,5.96156213566715,385305.23742490966,7.549359924279781
1325600,5.510758091480627,5.961794682515347,385316.4613484211,7.549521884945327
1325700,5.510905362199552,5.962001710730186,385326.75439627515,7.5497437112421135
1325800,5.511077419511201,5.962194914500185,385337.284025321,7.5499928767689335
1325900,5.51125237183355,5.962353206895636,385347.95075920736,7.550210629204054
1326000,5.51139512769968,5.962505777473516,385359.5270513161,7.5503240053254
1326100,5.511534405749024,5.962731073222002,385370.67636473477,7.550471458448532
1326200,5.511694270626269,5.9628843966767064,385381.6943037474,7.550681212137688
1326300,5.511860465093541,5.963072094761332,385393.71265802084,7.550848233484213
1326400,5.511995494070921,5.963261752639849,385405.1143341515,7.551059987337054
1326500,5.512128876093585,5.9634893794734705,385415.13910840946,7.5512005069513135
1326600,5.512300209060955,5.963614996777225,385425.53573059634,7.551370863892622
1326700,5.512486564335561,5.9638458287842235,385437.0212905813,7.551533957290589
1326800,5.512652216440594,5.964035084883804,385448.7589554806,7.551767412209628
1326900,5.512825649664572,5.964206483696787,385460.73090728995,7.551933285700221
1327000,5.5129659758155025,5.964407851822175,385471.4974675197,7.552091953040545
1327100,5.5131015120573315,5.964573625587045,385481.7560882039,7.552344786786561
1327200,5.51328766424653,5.964742733470341,385493.9241477694,7.55258907083737
1327300,5.513455339334025,5.964940231564824,385504.3924807185,7.552823102539814
1327400,5.513640637999851,5.9651512490137915,385516.4348550365,7.55304390938429
1327500,5.513776664796914,5.965355517206666,385527.2634787505,7.553219951424356
1327600,5.5139538243446085,5.965483157421682,385538.4546918909,7.553487588510362
1327700,5.514085499867587,5.965643073351787,385549.47921015107,7.5537456710065385
1327800,5.514231783198393,5.965767972017501,385559.5725251421,7.553916708144968
1327900,5.514405895653192,5.96589087993201,385571.0885055935,7.554163022655863
1328000,5.514542688581864,5.966100061030334,385582.9384970234,7.554306770437752
1328100,5.514685099507738,5.96632864717098,385595.2874213363,7.554488608553139
1328200,5.514847213317399,5.966529100307304,385607.4065945157,7.554659407169477
1328300,5.51498934774001,5.9667484783608264,385619.02137091034,7.55482103459758
1328400,5.5151718303015045,5.966974410882971,385631.4416909464,7.55503517742723
1328500,5.515353365115891,5.967163959938488,385643.0946887574,7.555202737865784
1328600,5.515527070214136,5.967308043445789,385654.9463854552,7.555431119984506
1328700,5.515702997116125,5.9674645686628045,385666.217861519,7.555666151990888
1328800,5.515872688018354,5.96764805699679,385676.8857263451,7.555888274402753
1328900,5.516034932849246,5.967860708241204,385687.26804015605,7.556018427703038
1329000,5.51617066405288,5.968069624780145,385697.8683042127,7.556136412187322
1329100,5.516345891593258,5.96826238499208,385709.8803985225,7.556265211846702
1329200,5.5165156866379315,5.968488128128593,385720.5399495998,7.55646753594192
1329300,5.5166551900296135,5.968650569044349,385731.2982392858,7.556650834128403
1329400,5.516810073966697,5.968830225448395,385743.3684370701,7.556896187316986
1329500,5.516973074925638,5.969057373047531,385755.3812987966,7.5570896939236425
1329600,5.517144498603036,5.969244871036731,385766.4398503424,7.557254286816604
1329700,5.517279675949979,5.969460783620998,385777.2458520682,7.557381935066853
1329800,5.517445713699699,5.969682575268127,385788.3737258892,7.557621774165107
1329900,5.517623983560722,5.969856172974265,385799.00766454864,7.557795406072609
1330000,5.517779199480576,5.9700488649279295,385810.62439492956,7.557973497748355
1330100,5.517954779537889,5.970172502483829,385821.10161959304,7.558091227852973
1330200,5.518114596731445,5.9703339148179,385833.409729419,7.558294575673112
1330300,5.518255252864072,5.9704985536882536,385845.0156978806,7.558424018687929
1330400,5.518418787511229,5.970680734754335,385856.8081806551,7.5586211691744944
1330500,5.518605295803493,5.970818323387699,385869.08767534915,7.558883108948389
1330600,5.518780244277239,5.9709546569329355,385879.26281567867,7.55911626604853
1330700,5.518926268408374,5.971175376168361,385891.1337503106,7.5593227522535615
1330800,5.519104414550442,5.971371016088881,385902.47271453,7.559528627621444
1330900,5.519287074293565,5.971497490019936,385913.44665746996,7.55979015303824
1331000,5.519430897417348,5.97172294161298,385924.6548452526,7.560009268145972
1331100,5.519574252889402,5.971947536341877,385935.1180269204,7.560168745805685
1331200,5.519725248455078,5.97214954783408,385946.34612464014,7.5603340034985145
1331300,5.5198811524425695,5.972298525549201,385958.6164687822,7.560575406147601
1331400,5.520027104671967,5.972417933938958,385969.7630531689,7.560743193966578
1331500,5.520196480735126,5.9726031867352445,385979.9520494973,7.560943945435871
1331600,5.520356968602337,5.9728189771274085,385991.91892493557,7.561195437006162
1331700,5.520508239237632,5.9730332431086435,386003.7953758963,7.561440015190465
1331800,5.520673971011221,5.973174785248229,386015.1325722952,7.561620910823855
1331900,5.520819278920868,5.973360951439059,386025.6495023988,7.5618674132776995
1332000,5.520964603035356,5.97349088608236,386037.5775925586,7.562029698338511
1332100,5.521101770787585,5.973681581759785,386049.4513092902,7.56215530436402
1332200,5.521273681273131,5.97386149131529,386061.17279179615,7.562335338948176
1332300,5.521418218127617,5.974066757772356,386072.54631767503,7.562555409756739
1332400,5.521563824365968,5.974186422557517,386083.1816666135,7.562697697821038
1332500,5.521747644308821,5.974348018411792,386094.5299145669,7.562857644492778
1332600,5.521919560736739,5.9745743974431145,386105.2140989328,7.562978633743411
1332700,5.522071559345342,5.97478919370549,386117.50686924957,7.563210171360699
1332800,5.522241129814331,5.974926548705519,386128.00746908074,7.563441062346025
1332900,5.522422892963844,5.975125523084034,386138.2030604828,7.563680938030238
1333000,5.522553336613233,5.975271586203082,386149.9124339413,7.563942675684227
1333100,5.522706676748082,5.975413073274229,386160.43695597217,7.564194962489289
1333200,5.522870573210714,5.9755502003263,386171.2737204873,7.56439424443385
1333300,5.5230447240037055,5.975778975267613,386183.0666922514,7.564644352514251
1333400,5.523181536218492,5.975959762332258,386194.1586941842,7.564785148211128
1333500,5.523346150997786,5.976144107050979,386206.25302721554,7.565026117330986
1333600,5.523479955344035,5.976279872040297,386216.93983597436,7.5651894589968185
1333700,5.5236294122119505,5.9764029645026,386228.9851065052,7.565444448322649
1333800,5.523770562316622,5.976575364923536,386239.7133483348,7.565665691118677
1333900,5.523900842268578,5.976763204468086,386250.95677924406,7.565818756027135
1334000,5.524029583460452,5.976911617935726,386261.33548970916,7.566024905041705
1334100,5.5241740812287805,5.9770562667680665,386272.81640564074,7.566215695957698
1334200,5.524307474281507,5.977215207821599,386284.04823816195,7.566420206804111
1334300,5.5244481450309495,5.977391272528776,386294.6260498965,7.5665812764316325
1334400,5.524580072251593,5.977564937505935,386305.936285301,7.566744025314454
1334500,5.52476483990257,5.977704165821042,386317.5827935838,7.5669632679979015
1334600,5.524903152866455,5.977906379257671,386329.3170425507,7.56713992840521
1334700,5.5250443342133915,5.978035392916178,386341.316997811,7.567374379666517
1334800,5.525203468770249,5.978203352263531,386351.67457001767,7.567502102740838
1334900,5.525377385172296,5.978350575656494,386362.9670160587,7.567636811141278
1335000,5.525552992591015,5.97848525838984,386374.19097317825,7.56783519401085
1335100,5.525736266398099,5.978711923316131,386386.39031879016,7.567993603648316
1335200,5.525920906835806,5.9788373351214785,386396.89243281505,7.568118837872505
1335300,5.526069478450373,5.9790203917196365,386408.60486634617,7.568347890145071
1335400,5.526199530795641,5.979152959209221,386418.81848781416,7.5684645476860855
1335500,5.5263575835080845,5.979328009812414,386429.89272901986,7.568573239057189
1335600,5.52650744978401,5.979476324608105,386440.38675071084,7.568778052793678
1335700,5.526678836678018,5.979616962639586,386451.5634213503,7.569040200376999
1335800,5.5268517183384995,5.979798146990463,386462.2683241606,7.569206118094461
1335900,5.526997364635074,5.979945160995948,386474.34661842947,7.5693683209953635
1336000,5.527138413580812,5.980076398471577,386485.6866096724,7.569622371245166
1336100,5.527305653009791,5.980215213649346,386497.33822331834,7.56973575431224
1336200,5.527444778013475,5.980355257938867,386508.70730950165,7.569922124154174
1336300,5.527616807702476,5.980486606847301,386518.57061043364,7.570158647373329
1336400,5.527755671702322,5.980652399403887,386528.88933833677,7.5702948418771685
1336500,5.527923507461218,5.9807781471956725,386539.55680456606,7.570460438859342
1336600,5.528080310604553,5.980948476159622,386551.23239197634,7.570599062705353
1336700,5.5282102998356395,5.981129924766404,386561.84590937773,7.570852172326956
1336800,5.528385719893267,5.981296835107589,386572.26289506484,7.571072528574457
1336900,5.528551531150263,5.9814927386464225,386582.50234111154,7.5712685208315005
1337000,5.528704721958545,5.981648684338794,386593.12108716276,7.571520556185485
1337100,5.528832855744233,5.981812389213204,386604.68868356297,7.571685512525639
1337200,5.52900808067781,5.9820282397883835,386616.4322684232,7.5719184852910475
1337300,5.529177386675414,5.982155455487978,386627.67833481904,7.572050288560132
1337400,5.529327767102192,5.98237719599359,386638.1748322143,7.5722375720155615
1337500,5.5294745902253135,5.982591518660744,386648.04342299333,7.572397296714145
1337600,5.5296571157101395,5.982792501439135,386657.9367031075,7.5725576709142555
1337700,5.5298033521830625,5.982956675985738,386667.98433305364,7.5727215096511
1337800,5.529974753315592,5.98317530591472,386679.2534170598,7.572927899252412
1337900,5.530155736360169,5.983383592197174,386689.5566783498,7.5731557833063095
1338000,5.530302263119146,5.983523269495968,386700.8194841525,7.573384161801647
1338100,5.5304645242242785,5.983722318903474,386711.0400638231,7.573589739284709
1338200,5.530619284166114,5.983917210938761,386721.835307014,7.573843928894944
1338300,5.530766691556965,5.984095313413719,386733.8961937587,7.57395818918266
1338400,5.530907042482505,5.984289309736605,386745.07982972264,7.574215853292669
1338500,5.5310857304626015,5.984507140097851,386755.9945462184,7.574325014986873
1338600,5.531225471543936,5.984690044605442,386767.6731227738,7.574557540162206
1338700,5.531388019263114,5.984845138220403,386779.5101941372,7.574731426642007
1338800,5.531516343586859,5.984987283685868,386791.1443253613,7.574970475586574
1338900,5.531671148522804,5.9851207585363415,386802.42177495855,7.575223578663929
1339000,5.531843912070641,5.985308566652192,386812.3559681809,7.5753908356052015
1339100,5.531986168994355,5.985451151378044,386822.40448664414,7.575542459624507
1339200,5.532152667251295,5.985635360963865,386833.2406047198,7.575695962627317
1339300,5.5323005220150945,5.985773897972454,386845.0883461169,7.575876408143104
1339400,5.53246651348068,5.9859887544974,386856.60134076385,7.576051232227312
1339500,5.532619594352111,5.9861475023988735,386868.42287510796,7.576233181831826
1339600,5.532797780031833,5.986327066068957,386879.2341905445,7.576371187059286
1339700,5.532968305507997,5.9864926713792626,386890.56250280864,7.576531469024761
1339800,5.533138237562048,5.986665022922524,386900.8716253969,7.57676596440981
1339900,5.533293977480884,5.986846071635075,386910.8553746939,7.576991848723235
1340000,5.53343924247894,5.986998669881456,386920.76966860594,7.577169859614425
1340100,5.533607071501773,5.987137360458361,386931.7284281718,7.577290125526434
1340200,5.533787570928805,5.9873417643811395,386941.8788173816,7.577533712689233
1340300,5.533960985438083,5.9874690046961065,386953.0545193339,7.577731275629704
1340400,5.534139030566097,5.987605861040561,386963.02565906657,7.577987515980599
1340500,5.534301005943221,5.987777724856208,386974.26650315954,7.57824130782176
1340600,5.534429380602658,5.987906761329938,386986.09844972705,7.578453537300394
1340700,5.53457631897165,5.988103042072888,386997.4612710818,7.578574031861508
1340800,5.534738082242415,5.988273348758887,387007.2021203707,7.578833786750498
1340900,5.5349093118505115,5.9884130081466855,387018.37998115615,7.579017812553326
1341000,5.535055180310171,5.988639083338512,387028.15386785846,7.579200173225503
1341100,5.535222043716455,5.988831266049536,387039.8337353311,7.57942909478694
1341200,5.535356081986361,5.988947342728348,387050.93361839897,7.579623244227634
1341300,5.53552162799705,5.989079226569445,387061.1300490131,7.579810150304114
1341400,5.535664505253363,5.989193232356416,387072.26830883377,7.580050311399191
1341500,5.535794010751115,5.989361450324776,387083.8255705665,7.580309337864278
1341600,5.535926721708016,5.9895478383372565,387095.5532118555,7.580416655968818
1341700,5.536107003450011,5.989705690463667,387105.5009542678,7.580564264561633
1341800,5.536264326977745,5.989825371411012,387117.4209631312,7.580679882898561
1341900,5.5364263916741505,5.989961435271966,387129.3942685953,7.580861834634224
1342000,5.53659962843114,5.99012911625364,387139.6543536196,7.581089494500104
1342100,5.536744093905123,5.990327166494012,387150.9692924309,7.58130759085091
1342200,5.5368927243196895,5.990513636749539,387160.9981868325,7.581546613159151
1342300,5.537060408406387,5.990632734344544,387172.4209660143,7.581798750212649
1342400,5.537223047454335,5.99078144016605,387184.23533332703,7.582023985775948
1342500,5.537370118158447,5.990917306352425,387194.0339239057,7.5822024493946385
1342600,5.537547767993401,5.991087532418059,387206.01488012087,7.582312569702645
1342700,5.5376955627113515,5.991223443380372,387215.80239031644,7.58256185588925
1342800,5.53782792911524,5.991408024642538,387226.7843529811,7.582807272091357
1342900,5.5379815388122084,5.9916165217022055,387237.7154533584,7.582952409341092
1343000,5.538151625298816,5.991830376660762,387249.1749295005,7.583185656019917
1343100,5.538282939573356,5.992036300038781,387259.60644841864,7.583299886438501
1343200,5.538427219382774,5.992207728681354,387269.5519161247,7.583493389969747
1343300,5.5385763757408455,5.992343254594436,387281.13062554685,7.583737399348647
1343400,5.538721169016129,5.992533762787656,387291.2484324468,7.583977985066418
1343500,5.538871924913618,5.992681648106606,387302.5012985836,7.584175709701562
1343600,5.539012597439817,5.992816637121788,387314.2068660446,7.5843237727736845
1343700,5.539181134759244,5.993034852918311,387323.9732299667,7.584524874028451
1343800,5.539343782291813,5.993171228454339,387334.74945587106,7.584699738572483
1343900,5.539488444256598,5.993303008531143,387345.48645903077,7.584875085172846
1344000,5.539638373585095,5.9934857486473385,387355.4496659096,7.585017922750255
1344100,5.539802580116583,5.993658728614049,387366.94192518445,7.585177429370061
1344200,5.53995900309089,5.993837658754834,387377.86613166466,7.5854321417946835
1344300,5.540100829757696,5.994052924472761,387389.60705043003,7.585620266211246
1344400,5.540275171271735,5.99423608663759,387400.200796172,7.5857525603621925
1344500,5.540415323576347,5.994370022993325,387410.4785607417,7.586000917872505
1344600,5.54057847962187,5.994513107602295,387420.3998329783,7.586256974052069
1344700,5.540713934218504,5.994650664866683,387431.303456345,7.5863964358223095
1344800,5.540852867794204,5.994858182635846,387443.1679511863,7.586558077425078
1344900,5.541026230140979,5.9950634604308055,387452.9482255873,7.586676197102164
1345000,5.54118902873005,5.995223220318496,387463.6427630487,7.586841713555914
1345100,5.541355122988578,5.99538199858009,387475.2230429241,7.587036316041987
1345200,5.5415120992457245,5.995545866739862,387485.6804817104,7.587168387206383
1345300,5.541668666985916,5.995678239942347,387496.39292485785,7.587275699654643
1345400,5.541838895936329,5.995794216069123,387506.1103420374,7.587480643646875
1345500,5.5420152011037205,5.996014532746645,387517.08440875955,7.58771334659325
1345600,5.54216169172922,5.996198082823371,387528.90860697225,7.587882289970526
1345700,5.542314610858927,5.996378039143119,387540.59094457177,7.588048334595686
1345800,5.5424514687074815,5.996584030948978,387552.1768779159,7.58826793057332
1345900,5.542593155959413,5.996705132217229,387563.02956976107,7.58847939340671
1346000,5.542745375942135,5.996842899709387,387573.66184550134,7.588675890462587
1346100,5.542907754037925,5.996957832385343,387585.3666322218,7.588891170380269
1346200,5.543067637863951,5.997125886119676,387596.80084840837,7.589143956393787
1346300,5.543220525421137,5.997270341295989,387607.0986344958,7.5894005121501635
1346400,5.54339462071298,5.997422278761278,387618.5593815766,7.589629796197125
1346500,5.543532220036166,5.9975879402102645,387629.4677546798,7.589740166218809
1346600,5.5436776802417285,5.99773595767764,387640.0703045416,7.589942420116165
1346700,5.543846833208442,5.997925029530759,387651.079054482,7.590122734882737
1346800,5.544003130926117,5.998079881297049,387661.31167028286,7.590319094457827
1346900,5.544159091084198,5.998216148037536,387670.9909886524,7.590527427116765
1347000,5.544330215575202,5.998349545839579,387682.39853875205,7.590663004092399
1347100,5.544486831214729,5.9985299580663,387692.74741730466,7.5908106143427245
1347200,5.544658079321956,5.998674348486716,387703.8952589439,7.591011015593526
1347300,5.544820385516484,5.9988664043848035,387714.0267647076,7.591130396615112
1347400,5.544955571823079,5.999038941745101,387724.79529589077,7.591339773977378
1347500,5.545089167104521,5.9992487678786794,387735.0043877551,7.591562153113588
1347600,5.545266373804479,5.999459537156757,387745.1414173441,7.591781123340411
1347700,5.545432552422116,5.999634050145837,387755.56657660234,7.591993656386025
1347800,5.545609393612328,5.999825035243063,387765.23969920847,7.592141116155953
1347900,5.545773736215052,5.999967062212991,387776.7720455266,7.592377551125734
1348000,5.545914528529105,6.000129638913307,387786.53312978486,7.592589634813082
1348100,5.546078275898945,6.000328124059979,387798.32719075185,7.5927476089579375
1348200,5.546245894255385,6.000494579948648,387808.4440133008,7.592956266367775
1348300,5.546414818621838,6.000661677674222,387819.932842259,7.593094471886333
1348400,5.546592627675998,6.000855496007686,387831.6938780754,7.593309684674467
1348500,5.546729266533411,6.0010132498348066,387843.15722619236,7.593552906722581
1348600,5.546872963467453,6.001217892772724,387854.26807796705,7.593675920115964
1348700,5.547036949370962,6.001413901302525,387866.1510674898,7.593906193707996
1348800,5.547213515089317,6.001609576925954,387876.394320769,7.594083318011922
1348900,5.547369076851654,6.001760043870521,387888.08463578625,7.594203917264834
1349000,5.547533947804588,6.001930224126502,387899.1153288575,7.594375470405451
1349100,5.547711080237672,6.002080180449006,387909.92033189913,7.594499732324617
1349200,5.547859572468813,6.002294065171651,387919.65900286613,7.594656699981807
1349300,5.548003219524916,6.002452683834673,387931.3690725852,7.594795532855204
1349400,5.548170137663654,6.002640780303407,387942.14907708124,7.59504068474624
1349500,5.548344197270201,6.002755886172106,387952.7630237201,7.595205128505228
1349600,5.5484914550199065,6.002906249546337,387962.3454344593,7.5954088562314395
1349700,5.548659128639973,6.003109677407521,387973.99351533595,7.595541021645843
1349800,5.548803936347378,6.003250433913321,387985.2015132874,7.59570757150711
1349900,5.548958465384352,6.003435345227963,387994.7916584362,7.595862304847979
1350000,5.549096567742751,6.003601771653534,388006.4146597837,7.59600004330846
1350100,5.549265128630773,6.003793643060353,388017.49219982757,7.596197393641902
1350200,5.549396881471029,6.003914147542093,388027.91966856044,7.596381113417398
1350300,5.549530855825832,6.004084872775095,388038.12697815784,7.596493945277917
1350400,5.549702316669226,6.004270742690295,388049.37195804453,7.596671317062328
1350500,5.549833572881792,6.004388337458624,388061.0329232702,7.596848679591313
1350600,5.549987715582521,6.004577710935164,388070.5761598522,7.597092263055545
1350700,5.550135635877975,6.004751223572041,388082.00971346017,7.59733735363246
1350800,5.550307662811919,6.004945144530468,388093.41500220273,7.597533328230142
1350900,5.55043414116981,6.005109279702179,388103.310369117,7.597719351724238
1351000,5.550560822687261,6.005266025684957,388114.56943921844,7.597879791696824
1351100,5.550725415223776,6.005394990784103,388124.78620941984,7.598081920200139
1351200,5.550903077014907,6.005599511639836,388135.0678824784,7.598325201927604
1351300,5.551067205506976,6.005725486663372,388145.8904646412,7.598532375547838
1351400,5.551193943404775,6.005909616378897,388156.40246195585,7.59865854716452
1351500,5.551340801716903,6.0061252251103605,388166.9003221,7.59882383811296
1351600,5.551497539129722,6.006296573417375,388177.11946474767,7.598945969762808
1351700,5.551646930841097,6.006449376008358,388187.86628554156,7.599124385646982
1351800,5.5518019842942445,6.0066462349538154,388197.79858700506,7.599321955781957
1351900,5.551942395951833,6.006841280815405,388208.77042868285,7.599538478464783
1352000,5.552110872010431,6.006980679127602,388219.77082562284,7.599668597075648
1352100,5.552240347770494,6.007139507334487,388229.2945504803,7.599776474000211
1352200,5.552380001728688,6.0073536497974755,388240.3269663311,7.600009962792924
1352300,5.5525341092945375,6.007475574252021,388252.0686823217,7.600211979480343
1352400,5.552690134895503,6.007663755875173,388263.8658166449,7.600453440090063
1352500,5.552866246236022,6.007820762333499,388274.5201315894,7.60067887345048
1352600,5.553037180105504,6.0080132861066,388284.9887138194,7.6008877284744445
1352700,5.553200969830388,6.008200664197413,388295.63632672833,7.601117935022339
1352800,5.5533610647890645,6.008335524734981,388305.2262965757,7.601268451859287
1352900,5.553535004676881,6.008463508638279,388316.25847688614,7.601458936978325
1353000,5.553659783378,6.008597409628712,388326.7431230688,7.601573771567647
1353100,5.553796978003855,6.008814838969705,388336.5457123488,7.6017273694229175
1353200,5.553969211521551,6.008958168581527,388348.1056289801,7.601950677129413
1353300,5.554097084090179,6.009104829448586,388357.92193447804,7.602076101684392
1353400,5.554247952972783,6.009252990488383,388367.3806684799,7.602295208897658
1353500,5.554377753364156,6.00940686640264,388376.8480334069,7.60245166043641
1353600,5.5545268776277075,6.009568470643161,388387.850429668,7.602592715242773
1353700,5.55468289521958,6.0097575617274615,388398.0805463424,7.602777560293228
1353800,5.554840767771189,6.009900507459175,388408.0287313251,7.602940035674601
1353900,5.5550081352355685,6.010099847939568,388418.70243272424,7.603103822795962
1354000,5.555161321299085,6.01023070750835,388428.7031413627,7.603294798151601
1354100,5.555338147506684,6.0103953582379255,388439.6702753709,7.603534629574065
1354200,5.555514811228316,6.010594077728919,388449.9612025215,7.6037126653037985
1354300,5.555647386334514,6.010732343290647,388461.67173839174,7.603869535347394
1354400,5.555778417983219,6.010878264301017,388472.8942242125,7.6040452610126215
1354500,5.55592764318447,6.011047764182708,388482.82079203083,7.60424940922046
1354600,5.55605518405098,6.01116081299632,388494.49170273164,7.604489491976736
1354700,5.556184214480219,6.011360576954661,388505.83533142495,7.6046348142809475
1354800,5.556334768680273,6.011497572178514,388516.86671849375,7.604747396300062
1354900,5.556511602737302,6.011608874805852,388528.5151911903,7.604853700261709
1355000,5.556653847466087,6.011725400690248,388539.3777329804,7.605059224725476
1355100,5.5567825339445855,6.011925435449133,388550.66083950363,7.605295054608694
1355200,5.556925701948101,6.012112135270325,388561.22768703115,7.605460034623993
1355300,5.557076902536929,6.012252461274053,388571.43603575556,7.605699401400635
1355400,5.557203507249848,6.012463679889984,388581.7479287195,7.605810577100025
1355500,5.557358759403922,6.0125751078082095,388593.1975653735,7.605916820517159
1355600,5.557523822578957,6.012774874593464,388604.1442231097,7.606038803445546
1355700,5.557666801981939,6.012897362509049,388615.60031340225,7.606155375036689
1355800,5.5578220509622405,6.013092434501043,388626.29268247896,7.606261204497762
1355900,5.557975655806485,6.013211056442312,388636.3298043698,7.606464245723003
1356000,5.558115972253989,6.013357813203115,388646.6137040546,7.6066830901123295
1356100,5.558268557775556,6.013566857063821,388658.1793175316,7.606815838532054
1356200,5.558436852576103,6.013771353046179,388668.3857329188,7.606929896867897
1356300,5.55861115428044,6.013963948331603,388678.6055936293,7.607080373432115
1356400,5.558738868961342,6.014130970825186,388688.65207570017,7.607302136769007
1356500,5.5588623730000295,6.014297569847886,388699.9521474844,7.607424480218066
1356600,5.5589939458181,6.014424911492647,388710.7157771188,7.607580784944198
1356700,5.559153265193361,6.014607439499898,388720.8893059973,7.607830797195669
1356800,5.559319810538715,6.014727012403272,388731.3968539365,7.607944524513229
1356900,5.559485665660246,6.0148402738337765,388740.89874322107,7.608150382131687
1357000,5.559624568785641,6.014965569119229,388752.44493681006,7.608314158919655
1357100,5.559798576126711,6.015080543185411,388763.3703822204,7.608475784479871
1357200,5.559945187894037,6.0152798050678715,388773.5958945958,7.608657537180874
1357300,5.560102313408388,6.015452409642214,388784.95833803865,7.608770554299035
1357400,5.560246478651983,6.01563787227304,388795.9826638124,7.6089790581426575
1357500,5.560409590915289,6.015816815236809,388807.6632694111,7.609150368808794
1357600,5.560582755424249,6.015929579135842,388817.64052284486,7.609317697612867
1357700,5.560727332393482,6.016073441599262,388829.1428431451,7.609505993072454
1357800,5.560856300677658,6.016187334668192,388840.65659708274,7.609715875163756
1357900,5.560982974899053,6.0163139839591535,388852.1830108474,7.609867880507715
1358000,5.561144152898966,6.016505146546342,388862.7746216397,7.610094397874406
1358100,5.561298846503121,6.016640141296192,388872.5259010441,7.6102718592138
1358200,5.561435759014133,6.016799587995763,388882.2808294405,7.610385111952212
1358300,5.561598268573659,6.016963024733739,388892.0160182111,7.610580870064288
1358400,5.561747058588706,6.0171376156641845,388901.64901719533,7.610728367214126
1358500,5.561922046920164,6.01730296542835,388912.12958619127,7.610901748670068
1358600,5.562094615879351,6.0174391964334895,388922.3880509369,7.611036934066772
1358700,5.5622699866763545,6.0175693974931885,388932.4267664052,7.611149389269481
1358800,5.562438960873196,6.017689261128284,388941.8389518517,7.611277006410127
1358900,5.562597825717848,6.017830201252001,388951.4617594371,7.611389489715964
1359000,5.5627599041731814,6.018045815121221,388961.61808582343,7.611613299870757
1359100,5.56289645628801,6.018183389878612,388971.3562607427,7.611735847864592
1359200,5.563050347967847,6.018362271489218,388981.54647604376,7.611879194541083
1359300,5.563215613880507,6.018478042437068,388991.0463430627,7.612106434019433
1359400,5.56335588056776,6.018595561849871,389002.45501578593,7.6122306219191636
1359500,5.563484060912985,6.018745060994016,389013.00598633115,7.6124295412104095
1359600,5.563610685657405,6.018907395532868,389023.3092000039,7.612588421894663
1359700,5.5637823788071445,6.019073265531114,389032.8471319682,7.612693201978809
1359800,5.563938672027518,6.019194609582563,389043.43559445237,7.612829959556088
1359900,5.56407664489178,6.01937098125926,389054.71160196717,7.613013776485043
1360000,5.564213349434857,6.019505064266812,389064.6456073817,7.6131954247516935
1360100,5.564383942254128,6.0197056071334165,389075.88724754204,7.613310434547206
1360200,5.564518720516929,6.019825510339942,389086.22246880975,7.613418924248838
1360300,5.564682570008006,6.019948245978985,389096.1157256013,7.613558695397794
1360400,5.564854085438877,6.020163860253536,389107.502594408,7.613752802450796
1360500,5.565023582567854,6.020276644126833,389117.8670588279,7.613956306616509
1360600,5.5651563940185165,6.020443128362639,389127.73364141677,7.6141627330722566
1360700,5.565299521385187,6.020633995132201,389137.0792044739,7.614336329409883
1360800,5.565424752492857,6.020836579629336,389146.83034033864,7.614574431798322
1360900,5.565573823632366,6.020988842231703,389157.80553090875,7.6146849380711155
1361000,5.5657045304764745,6.021156771826501,389167.35050028656,7.614801244789973
1361100,5.565829770316706,6.021324969939359,389178.28020678356,7.614927117672838
1361200,5.565989216899561,6.021503887113404,389189.29590997315,7.615105111091791
1361300,5.566156197309425,6.021618964786012,389199.14426419465,7.61529582064537
1361400,5.566315892539204,6.0218142216562764,389209.80377862393,7.615465866661239
1361500,5.566443494905474,6.021997197225287,389221.1616323756,7.615654000681765
1361600,5.566607066966563,6.022187788083242,389231.26404053456,7.6158673042529665
1361700,5.566748205447306,6.022297062628128,389240.8240340759,7.616089328122799
1361800,5.56691202661864,6.02246582019614,389251.91973507684,7.616192981194973
1361900,5.567045127030415,6.022618945155459,389261.7204147283,7.616393916096096
1362000,5.567170975799646,6.022733962000061,389273.26915537025,7.616580486262367
1362100,5.567337673509989,6.022877940691376,389284.346156234,7.616789332450799
1362200,5.567501745298055,6.023077455369715,389295.91900462384,7.617011987929232
1362300,5.5676260110892555,6.023277869361078,389305.96607180376,7.617259511203474
1362400,5.567753274017038,6.0234145899472225,389316.68254097033,7.6174884486001035
1362500,5.567913522344368,6.023620454092883,389327.9805218898,7.617669767724824
1362600,5.568070241456437,6.0238229764743485,389338.78112841625,7.61788592046153
1362700,5.568228247575786,6.023982640805497,389350.0134630113,7.618121020900835
1362800,5.568360963527701,6.024139953135765,389360.3477135074,7.61831040651611
1362900,5.568504176078404,6.02426538305343,389371.86558331747,7.6184307672410405
1363000,5.568659940922936,6.0244248110457495,389382.3400950674,7.618673062489258
1363100,5.568828300096192,6.024562943808671,389391.6378018018,7.618799550650469
1363200,5.56895972577845,6.024722679904535,389401.5433378258,7.619043402018254
1363300,5.569120531629526,6.024840980738256,389411.98219960526,7.619231060679247
1363400,5.569252881699257,6.025015900844571,389423.15260106715,7.619368528298586
1363500,5.569385294522502,6.025203169583128,389434.45341002656,7.619590593120214
1363600,5.569536653436865,6.025383951527601,389445.14556145616,7.619829499660022
1363700,5.569666464956589,6.025516200813827,389454.72913656617,7.620068333643896
1363800,5.569805326591265,6.025721712318605,389464.50671254715,7.62030785370389
1363900,5.569933891670714,6.025896490179823,389474.0213774746,7.620452611972195
1364000,5.570076722893303,6.026047709888226,389484.1448997489,7.620640475476297
1364100,5.570249589146821,6.026156667715444,389494.8558119405,7.620859628596533
1364200,5.570384493569068,6.026325240044347,389504.60940262844,7.621048815854267
1364300,5.570543888125969,6.0264524263517725,389515.46064282797,7.621253700054835
1364400,5.570678500352047,6.026570448013171,389526.7984855461,7.621486537542764
1364500,5.570846790355838,6.026749230449508,389536.6567797619,7.621618406934656
1364600,5.571005927473925,6.026867859302838,389548.0219414527,7.621787390671112
1364700,5.571158277257798,6.027030922864036,389557.9270131703,7.622022420145936
1364800,5.57129526498435,6.02721004562074,389569.3161741888,7.622228762697872
1364900,5.571450707540084,6.027396847494428,389580.5759912911,7.622437750062321
1365000,5.571600243809061,6.02758498905002,389591.3549109334,7.6226534607939005
1365100,5.571755666817411,6.027781484299302,389601.6730993817,7.622818930451159
1365200,5.5718983374318904,6.027966095890595,389611.7049824915,7.622972464041914
1365300,5.5720385323675865,6.028154505648835,389622.61133371305,7.623167936901999
1365400,5.572162046517004,6.028355015968469,389634.0434960533,7.6232745229579155
1365500,5.572296454434582,6.028525467186033,389645.18760453415,7.623504207088472
1365600,5.57244179404994,6.028670237581054,389656.66565645026,7.623647068075773
1365700,5.572600484946554,6.028788014394719,389667.60236594046,7.623840615606431
1365800,5.572763987197244,6.028973743103082,389677.6303112176,7.6239637360786014
1365900,5.572896887520638,6.029130614949435,389688.0804635803,7.6241698735745524
1366000,5.57304463780463,6.029329763585463,389698.5252764395,7.6243275499194345
1366100,5.573204593100827,6.029455450103764,389709.5821122799,7.624462507715055
1366200,5.573353566564938,6.029574758483848,389720.9659224797,7.624610237547901
1366300,5.573508598662161,6.029701265698078,389730.54519823106,7.624759214472979
1366400,5.573652253793,6.029864498190809,389740.62206152757,7.6248676842587635
1366500,5.573809173710723,6.0299822689916045,389751.2535558847,7.625082685894043
1366600,5.573982147323019,6.030132033789713,389761.50108929357,7.625212671642808
1366700,5.574119191940995,6.030260989851228,389771.6314895883,7.625397729169527
1366800,5.5742913471262145,6.0304669036610985,389780.95242377114,7.625625471744338
1366900,5.574428403854422,6.030589347421567,389790.44264935557,7.6257532272466975
1367000,5.5745655550992534,6.03078711093213,389800.9197687512,7.625987307598823
1367100,5.574720210639886,6.030906139446658,389811.4027919463,7.626185318328155
1367200,5.574892856885941,6.031065448829263,389821.23071717913,7.626419840261721
1367300,5.575027267722634,6.031191338064806,389831.8750527615,7.626605956683475
1367400,5.575161508163201,6.031302050695784,389841.67333143257,7.62678816375899
1367500,5.5753222391386785,6.031423284583583,389852.7677235015,7.627006756023838
1367600,5.575446416672098,6.031625953451035,389862.3016049771,7.6271076175310375
1367700,5.575573111257598,6.031768268450334,389872.8372519078,7.627294591407015
1367800,5.575706912226309,6.031891583361161,389882.34889584064,7.627416138166922
1367900,5.575847185206003,6.032068217072638,389893.1222558636,7.62757666231908
1368000,5.575971089219107,6.0322665898566,389904.382309709,7.6277059381378445
1368100,5.576115539910929,6.032390924121156,389913.7844159037,7.627898867434835
1368200,5.576242971355084,6.032588064233045,389923.5890021707,7.627999985103036
1368300,5.576373044853303,6.0327518686364305,389933.7616446629,7.628234641962514
1368400,5.576523968611673,6.032874378723959,389944.23538474535,7.62845911904912
1368500,5.5766518477628555,6.033016025985976,389953.9018252095,7.628678461542976
1368600,5.576813504851909,6.033135241096165,389963.38421187084,7.628901443372927
1368700,5.576983479067341,6.0333312051465935,389974.2484204069,7.629039301716769
1368800,5.577146625074242,6.033518817860545,389984.85576189356,7.629152398322137
1368900,5.577288301980882,6.033654755448031,389994.6560348947,7.629334651903325
1369000,5.5774105688523345,6.033812505683684,390004.4665047647,7.629525018102097
1369100,5.577559796857328,6.034019589586041,390014.9935262406,7.629639298018978
1369200,5.577701653805592,6.0341766791544345,390024.9973469544,7.629825435258661
1369300,5.577831323213249,6.034350522518565,390035.48709463445,7.6299553607151065
1369400,5.577996911568391,6.034511854256074,390046.8285959803,7.630079966037869
1369500,5.578139853423781,6.034663051213365,390056.63191965554,7.6302993029193065
1369600,5.578294803150456,6.03482498798869,390066.6761577758,7.630508631889453
1369700,5.578426844330911,6.0350179885358735,390077.47914161615,7.63070920381239
1369800,5.578555951189239,6.035137460784352,390087.8765511576,7.630846076625104
1369900,5.578714180709796,6.035335449936371,390097.91679945466,7.631067468627314
1370000,5.578847309167706,6.0354586818347675,390108.5197630369,7.6312183769088335
1370100,5.5789992255988645,6.035617110185514,390119.08632663736,7.631341433905946
1370200,5.579170657096858,6.0358298225888065,390129.10096383607,7.631545132232951
1370300,5.579327269265292,6.036023271819859,390138.5480500751,7.631783684641901
1370400,5.579495297005937,6.036164065199713,390149.57912810944,7.631899256171588
1370500,5.579644236114907,6.036338719823502,390159.24306852865,7.632070208565989
1370600,5.579775203802144,6.036449540271183,390169.83472635696,7.632270687736342
1370700,5.5799438756344415,6.036648508003204,390181.1867868273,7.632458040377109
1370800,5.580078834295134,6.036763482590692,390191.90208291577,7.632615874383818
1370900,5.580235037504994,6.036918494590201,390202.48798085755,7.63281272142737
1371000,5.580385493292425,6.0370360455805345,390212.54950685136,7.6330416522063755
1371100,5.58050595612079,6.037231800868109,390221.68622529716,7.633275680106035
1371200,5.580631583522944,6.037383482219539,390233.00824604195,7.633431103551089
1371300,5.580759700536376,6.037586080403946,390242.7736315486,7.633649714572597
1371400,5.580929458656136,6.037780622796946,390253.54174115893,7.63376518221926
1371500,5.581056270149245,6.037907326718438,390262.9439632371,7.633973993347084
1371600,5.581196657304546,6.038108187093857,390273.03884376114,7.634076100603498
1371700,5.581328383437974,6.038291996836034,390284.3433958265,7.634204567559568
1371800,5.5814654480375765,6.038449688528014,390294.09712893615,7.634430426299028
1371900,5.581618648141304,6.038658263721551,390304.4110290234,7.634622994193502
1372000,5.581774397424524,6.038853997065093,390314.8747036937,7.634742761218653
1372100,5.581931315140635,6.038978423640919,390325.94842729747,7.634964364479237
1372200,5.582055106707378,6.039143868917072,390336.44853004115,7.6351493642757156
1372300,5.5822089032714395,6.039353746498914,390346.49244744115,7.635353443655643
1372400,5.582349456035594,6.0394793607355,390357.37868416624,7.635574304510136
1372500,5.5824874020717665,6.0396616151660805,390368.0129262594,7.635710148212286
1372600,5.582638666665018,6.0398467653321575,390379.1982239974,7.635815785702439
1372700,5.582793738562233,6.040004166524208,390390.05415893,7.635925975430165
1372800,5.582916435890718,6.040126353717131,390399.73915277503,7.636071631045516
1372900,5.583042286471733,6.040244781443673,390410.26973101066,7.6363059716388735
1373000,5.583199107212045,6.040366944349973,390420.4063246425,7.6365300085859165
1373100,5.583365435806435,6.040537592604162,390429.85686745605,7.636755308971496
1373200,5.5834911540379135,6.040700608008688,390440.57854926196,7.636951036586144
1373300,5.5836550303011325,6.040892619671201,390451.5796211129,7.6371943710191585
1373400,5.58379067157951,6.041098051534372,390461.5336626199,7.63735789543494
1373500,5.58392181865546,6.041224814636034,390471.359022563,7.637508123525468
1373600,5.584084962528361,6.041413284785142,390482.4969640384,7.637650567946724
1373700,5.584205454812041,6.041589625140562,390492.01017500623,7.637885674969156
1373800,5.584365817069903,6.041717826565676,390502.6935058688,7.638043242263238
1373900,5.584512226087259,6.041907566448104,390513.5468436633,7.638154647333272
1374000,5.584658394801872,6.04207479217598,390523.0448218621,7.638303359239539
1374100,5.584820500642061,6.042282451879843,390533.73538493144,7.63840358064709
1374200,5.584960734768474,6.0424054365569155,390544.58771401085,7.638519591191771
1374300,5.5850801479884495,6.042548065659611,390553.6791677576,7.638709972343927
1374400,5.5852396304573055,6.042746511376305,390564.95225871645,7.63888476679898
1374500,5.585409517392115,6.0429249985887505,390575.11088156997,7.639117727648119
1374600,5.5855541289848105,6.043093724880063,390584.8021698754,7.6392985709734065
1374700,5.585723145375953,6.043278596983469,390593.944286935,7.639494269159957
1374800,5.585893078435799,6.04345182829288,390603.37733543746,7.6396577958392085
1374900,5.586025629364645,6.0435797838670595,390612.85081520746,7.639888353028661
1375000,5.586162510730405,6.043761642764646,390623.5008889886,7.640045222027538
1375100,5.586314476420698,6.043895465103555,390634.5621361502,7.640259818744335
1375200,5.586459371599652,6.044091481445154,390645.82306941267,7.6404401389378265
1375300,5.586603779289744,6.044257083815505,390655.17182647064,7.640666320111649
1375400,5.586769646397865,6.044446209313263,390665.94972886017,7.640792034081962
1375500,5.586914005514596,6.044554789262801,390675.5816589361,7.6409314712740946
1375600,5.58703818368593,6.044690057163892,390686.7321133031,7.641037571145408
1375700,5.587197773388952,6.0448651678847805,390697.13619927305,7.641276263593065
1375800,5.587331020488386,6.045046794324317,390708.14911216364,7.641400801445643
1375900,5.587475204814126,6.045201584324253,390718.6941650956,7.641536054852864
1376000,5.58761469770532,6.0453263801019546,390728.53146468865,7.6416625489862575
1376100,5.587772665851764,6.045509099681272,390738.0985183863,7.641885804423027
1376200,5.587895096631657,6.04564507456333,390748.0565916513,7.64201384668835
1376300,5.588036930189844,6.045845751989627,390757.578628887,7.642127244386538
1376400,5.5881607300013085,6.046037536957704,390767.0388534174,7.642249922528929
1376500,5.588300033030077,6.046171153559149,390776.5182679433,7.642357477312417
1376600,5.588430219766873,6.046351961014693,390787.1362613003,7.64253340813606
1376700,5.588580711118592,6.046485101620443,390796.4899042194,7.642695046505398
1376800,5.588740372137455,6.046620431994966,390806.7214757732,7.642799442657016
1376900,5.588890398728762,6.046731498222387,390817.9224774592,7.642992332574512
1377000,5.5890407488693965,6.046900895229333,390827.0046481966,7.643157160119167
1377100,5.589171366277479,6.047044593049551,390836.22282600997,7.643348321995891
1377200,5.589325610847166,6.047154274361361,390845.931642407,7.643539006362348
1377300,5.589462404384047,6.047317870684283,390856.165193359,7.643743903209415
1377400,5.589586212086874,6.047525117552783,390865.26934030163,7.643871185765329
1377500,5.589714853238268,6.047712082155607,390876.33554962935,7.644092988585182
1377600,5.589873040548402,6.047885374921784,390886.4055188054,7.644280622895189
1377700,5.590032817905766,6.048010968722181,390896.1507044356,7.644494517618567
1377800,5.590199616803697,6.04821852429938,390907.2345832997,7.644665516142543
1377900,5.590332626071681,6.048365237954768,390918.31579013774,7.644874815884256
1378000,5.59046504531414,6.048540042967195,390928.4645508242,7.645058311734537
1378100,5.590628341254484,6.048679606521258,390937.99948713096,7.645171890677732
1378200,5.590757682968018,6.04888527018298,390947.0517458161,7.645287702824258
1378300,5.5909128958252525,6.049030907646843,390956.7774446977,7.645401433290091
1378400,5.591062080278706,6.0491516905245835,390967.7808510072,7.645604553171416
1378500,5.591215502604402,6.04933767803566,390978.4118703589,7.645830477252763
1378600,5.591341748157393,6.049486290959381,390989.0706073973,7.645968412960753
1378700,5.5915089560782425,6.049640124226523,390998.5458695983,7.646103628787687
1378800,5.5916381668417054,6.049842119527649,391007.84563469025,7.6463047641717345
1378900,5.591801262411341,6.049975660396326,391017.8014859694,7.646426533974545
1379000,5.591947352207735,6.050167867848934,391027.5260537146,7.646646649387945
1379100,5.592075249966184,6.050319328599912,391036.6279712374,7.646766411240738
1379200,5.592236487111349,6.050459032575902,391046.37325766374,7.646902697090107
1379300,5.592399108766024,6.050668185436569,391055.85592812544,7.64708041608592
1379400,5.592566337521178,6.050822138766853,391065.69806239294,7.647199687438932
1379500,5.592689343247637,6.051011203683918,391074.9457422631,7.647334954973671
1379600,5.592818736379435,6.05113298881014,391084.9173696112,7.647558513157643
1379700,5.59296798975047,6.051290389042431,391094.791975463,7.647681842643344
1379800,5.593116027218665,6.051496922120572,391103.9681908702,7.647898877514224
1379900,5.593259793129993,6.05168747529048,391115.09134178975,7.648041633199263
1380000,5.593401353313995,6.051815186994558,391126.1560357285,7.6482156481394545
1380100,5.593536663455498,6.0519221623244395,391137.1789770697,7.6484205811692
1380200,5.593704649566497,6.052126329824006,391146.8498451612,7.6486196794861545
1380300,5.593860430015454,6.052249724068184,391155.8425422319,7.648750631704042
1380400,5.593999099651812,6.052419875765771,391164.89857505646,7.648955318304379
1380500,5.594153246827981,6.052567040936519,391175.0939483043,7.649080707751703
1380600,5.594278600381228,6.052767107590608,391185.7657295899,7.649204494509579
1380700,5.5943999629800905,6.052967613784574,391195.44996684307,7.64941219358956
1380800,5.594550787562826,6.053166611397729,391206.363584828,7.649535564068718
1380900,5.594699275709167,6.053285986899793,391216.83701947395,7.649764623838185
1381000,5.594852844321181,6.053475802028849,391227.2523571058,7.64994096255205
1381100,5.594981415466924,6.053616161698009,391238.3415458372,7.65017063570776
1381200,5.59513046031024,6.05372696045416,391248.53111295024,7.65036103098331
1381300,5.595256697099523,6.053873112852934,391259.4249738616,7.65052926303417
1381400,5.595379472964047,6.0540692823355355,391269.0365317176,7.650630526943115
1381500,5.595532232784828,6.054204967325173,391278.87687941024,7.650803436775128
1381600,5.595650762053704,6.0543659660966895,391289.9231410425,7.650953427815969
1381700,5.595810405772552,6.054537306883782,391300.0121727073,7.651190450661433
1381800,5.595942793442192,6.0547448588960755,391309.5438700417,7.65136034890699
1381900,5.596087700381768,6.054894808665057,391319.73825760616,7.651481919241332
1382000,5.596229383507988,6.055050506082525,391328.97385238786,7.651664387813875
1382100,5.596373717482229,6.055170385728297,391338.5568260078,7.6517752761564655
1382200,5.59651756065553,6.055315719178039,391349.3773300113,7.651966265400426
1382300,5.596664834905898,6.055483234162345,391360.0123007321,7.65219295790446
1382400,5.596793920249282,6.055604216740799,391369.81303944887,7.652305273081445
1382500,5.59695972397954,6.0557630443913695,391380.3636255007,7.652432983381965
1382600,5.597110571067304,6.05595127931043,391391.0311597069,7.652597205935262
1382700,5.597259051268518,6.056064632030764,391400.5890786809,7.652748592692642
1382800,5.597411842307305,6.056180705592801,391410.0781995821,7.652953015405021
1382900,5.597547510919482,6.056307474308777,391419.3713404629,7.653175295102416
1383000,5.5976654590663735,6.056418233149205,391429.9312960733,7.653357015311262
1383100,5.597793569692646,6.056550756981353,391440.585085096,7.653510608302294
1383200,5.59794595654859,6.056693376183626,391451.2889930408,7.6536850310078
1383300,5.598111887676637,6.056882372583256,391460.2178110429,7.6538994742200055
1383400,5.598228643659828,6.057045759553575,391469.9044527576,7.654060567119794
1383500,5.598394828309323,6.057182638011445,391479.2235105863,7.654178373777978
1383600,5.598545960905302,6.057384816666756,391489.4533125432,7.65435749945621
1383700,5.598686057028334,6.057544211082382,391499.4305550391,7.654506711018379
1383800,5.598814607070111,6.05767834111549,391509.3167075929,7.65460583511443
1383900,5.598935573052877,6.057874174835832,391520.2945466878,7.654731026077881
1384000,5.599052376535675,6.057997738242195,391529.19135353935,7.654905445561239
1384100,5.5991716059485,6.058113029913765,391539.1782237882,7.655005453064025
1384200,5.5993275513411,6.058280457269001,391549.58925135294,7.655216423674422
1384300,5.599493258377631,6.058448853377009,391558.9047899878,7.655392951798074
1384400,5.599641765223335,6.058590229952076,391568.12661591655,7.655545387017035
1384500,5.599770499767245,6.0587142957956,391577.8531355899,7.65566466763769
1384600,5.599918526932299,6.05886014677036,391587.1823965487,7.655828243080964
1384700,5.6000772767000635,6.0589902754133815,391597.874322308,7.655974680259707
1384800,5.600199205667335,6.059160242580084,391606.96906994254,7.656189848114939
1384900,5.600344786382991,6.059265235567195,391617.0177296793,7.656389185442241
1385000,5.6004947343091604,6.059430487282629,391626.75467591715,7.6565181510643106
1385100,5.6006169728352235,6.059578543840423,391637.39800317615,7.656684506403078
1385200,5.600765657973293,6.059686066357036,391647.82270890457,7.6568899603251745
1385300,5.600887173165778,6.059807680000605,391657.137301195,7.657074181082138
1385400,5.601014279529762,6.060009175828774,391666.2929567359,7.6572432675242
1385500,5.601167495578143,6.060211919398942,391675.229876324,7.6573530109932415
1385600,5.601329008756154,6.06036295000218,391684.4120391769,7.6574866294572415
1385700,5.601486241603012,6.060515321678612,391694.9121082503,7.657652207732977
1385800,5.601609162344013,6.060666737710455,391703.9955156667,7.65780359903234
1385900,5.601769184233492,6.060868309371562,391714.31991859036,7.657936856594879
1386000,5.601928600922939,6.061053975994397,391724.22313376184,7.658057984647681
1386100,5.602054171428847,6.061213234124182,391734.227482263,7.658160149102896
1386200,5.602177622700882,6.061371466701225,391743.9439028355,7.658379134149156
1386300,5.602308274957771,6.061568794992588,391753.2839303078,7.658586594957583
1386400,5.602474508580646,6.061738538185255,391763.6058432835,7.65873382791229
1386500,5.602621454824465,6.061869186645861,391773.09936078714,7.658838700095753
1386600,5.602741188653533,6.061991962725572,391783.2719567854,7.6589363951316205
1386700,5.602901138555265,6.062193296927685,391792.97193956975,7.6591242010146585
1386800,5.603053718533123,6.062324209849402,391803.7368850669,7.659264034483431
1386900,5.6031736091488655,6.062482521827586,391813.14781274524,7.659500348241828
1387000,5.6033169461629555,6.062677240464166,391824.135273882,7.659619372104691
1387100,5.6034510034121014,6.062782520827407,391834.42515040305,7.659823482660957
1387200,5.603588980986466,6.0629116789714015,391844.66749223974,7.660005969330759
1387300,5.6037364358584325,6.063018369781933,391853.5492487544,7.6601362448038275
1387400,5.60388030749249,6.063192017461736,391863.31541919644,7.660346786151809
1387500,5.60403100755326,6.0633725431680325,391874.3106795694,7.660520936074112
1387600,5.604166368613121,6.063576367426549,391883.27884225844,7.660672909634052
1387700,5.604303777935312,6.063761128718647,391892.3993514764,7.6608288440851835
1387800,5.604453414461464,6.063937693111179,391902.716969226,7.661004464758632
1387900,5.604607473858537,6.064086840671194,391913.1461852397,7.661135992048628
1388000,5.604747842176988,6.064214389922866,391922.50945410633,7.661271684305196
1388100,5.604881456330054,6.06439036179734,391931.3758616498,7.6614342830100535
1388200,5.605044775374606,6.064552669705743,391940.72524104477,7.661533773156223
1388300,5.605195847283804,6.064747818965756,391950.8913470858,7.661633377289591
1388400,5.605349431875628,6.0648699670187876,391960.4523310908,7.661792720681698
1388500,5.605479468977286,6.0650373176412495,391971.14580680866,7.6620127607940995
1388600,5.605630303498583,6.06515260237845,391981.4577182383,7.662122842588676
1388700,5.605785345081757,6.065340316737058,391991.2679213622,7.662240796889701
1388800,5.605919778098957,6.065504962915965,392001.54051538475,7.662396901156917
1388900,5.606078770825388,6.065610317442329,392010.4426031371,7.662603653959725
1389000,5.606202344665237,6.065720906726798,392020.1003164609,7.662738355783598
1389100,5.606341073032476,6.06589843267734,392030.5615711089,7.6628685625013695
1389200,5.606479455092552,6.066041222956364,392041.00079383765,7.663005726684682
1389300,5.606631023892066,6.066199292680795,392051.2112181615,7.663236209729345
1389400,5.606780650072433,6.066377287895797,392060.0594385907,7.663332864869388
1389500,5.606928072268716,6.066545820444318,392069.6692744898,7.663463282313616
1389600,5.607066030001511,6.066736391924515,392079.5808642235,7.663576579500301
1389700,5.607220561028185,6.0668873109312305,392089.72947898536,7.663689565265573
1389800,5.607378371677871,6.067073790501393,392099.1752545086,7.663856839303104
1389900,5.607520786089923,6.067223811631653,392109.67047427787,7.663996254734889
1390000,5.607676403781313,6.067336928250527,392119.2234000535,7.664103535152585
1390100,5.607833047588654,6.067476982271033,392129.8440270491,7.664234513018292
1390200,5.607954146248836,6.0676455858511655,392138.6119602767,7.664455901524943
1390300,5.608075808368009,6.067808374813118,392147.6574251678,7.664660427312116
1390400,5.608240366208898,6.067961442362415,392158.1000959523,7.664828763463438
1390500,5.608369539516606,6.068142561341198,392167.93007049325,7.664995129986521
1390600,5.60848868288338,6.068252322536279,392178.52604016254,7.665107501783237
1390700,5.60860915149943,6.068452871611765,392188.360307272,7.665301760934397
1390800,5.608751091750961,6.068637865875675,392198.2783047395,7.665435254181555
1390900,5.608896450819706,6.068822338147519,392207.13414748735,7.665553193041323
1391000,5.609014356303972,6.068986592530614,392216.1260723787,7.665767223237225
1391100,5.609156875148092,6.069170368861248,392225.9063283152,7.665901314849578
1391200,5.6093065457636,6.069310360284747,392236.5015213208,7.666008452226481
1391300,5.60947062327019,6.069487654476288,392246.3970476533,7.666198769603103
1391400,5.6095985100603025,6.0696383325581,392256.2062392898,7.666401442198513
1391500,5.609734145917457,6.069789792946809,392265.29752919625,7.666561639894752
1391600,5.609889232030162,6.069904636509229,392274.317797801,7.666657907433438
1391700,5.610024644981989,6.070027516314288,392283.71945996,7.666835607564248
1391800,5.6101416913339355,6.070219630064697,392292.7655707375,7.667042929322823
1391900,5.610303303261133,6.070389049159497,392303.5474782161,7.667169303032043
1392000,5.610443879621115,6.070509805158405,392313.7264088067,7.667332888395712
1392100,5.610580721125041,6.070650225937731,392324.02432025794,7.66749513852059
1392200,5.610707876496682,6.070787397618306,392333.3628053072,7.667644038809551
1392300,5.6108670814480925,6.070961763821214,392343.58453145216,7.667813879215146
1392400,5.61099358850007,6.071118618820786,392352.82306947914,7.667936195713209
1392500,5.611112789008671,6.0712612516088535,392362.87851778313,7.668087810412859
1392600,5.6112310918404695,6.071421136825317,392372.9692333154,7.668274787712578
1392700,5.611350799555047,6.071612893146961,392381.9296612868,7.668484646776242
1392800,5.6115080891075735,6.071732809250453,392391.06641192135,7.66859298691802
1392900,5.611629310929295,6.071856617717172,392400.94114522845,7.6687899891525335
1393000,5.61176577129964,6.071970668900259,392410.88309502485,7.6689196194406515
1393100,5.611888860530403,6.072168554091335,392421.3222953981,7.669026244120532
1393200,5.612042332713325,6.072352815366946,392430.8410074425,7.669139804382401
1393300,5.6121746535374974,6.07254676963331,392440.1277550968,7.669338378080825
1393400,5.612337404433138,6.072723695356134,392450.1948929839,7.6695649068677145
1393500,5.612491871182042,6.072844638323061,392460.01522370026,7.669731808727675
1393600,5.61264559288114,6.072975369514775,392469.48351561243,7.669856316984122
1393700,5.612781117217188,6.07317222278688,392478.71753345634,7.670039017571754
1393800,5.612929932437696,6.0733180252024495,392487.7069289077,7.670242148389898
1393900,5.613082375833118,6.073435222022252,392497.7132802346,7.670347744431559
1394000,5.613217859565617,6.073576435884147,392507.6069230054,7.670545385211926
1394100,5.613339944951577,6.073718834218888,392517.81176505814,7.670733766245856
1394200,5.6134716682438155,6.073921303492207,392526.98957938794,7.670851237833407
1394300,5.613591850689592,6.074099261936618,392535.71988926,7.671018478611392
1394400,5.613722480907264,6.074284532392573,392545.6051867176,7.671236386053287
1394500,5.61385430496953,6.07443100410654,392555.7413587333,7.671385283766473
1394600,5.614000071069363,6.0746197158171125,392565.7601618675,7.671560519300399
1394700,5.6141283144427145,6.074801643709807,392576.25298312877,7.6717146026484615
1394800,5.614277991637394,6.07496067818028,392585.3025768219,7.6719392154357315
1394900,5.6144055204797185,6.075131859120541,392594.35179916624,7.672171962533312
1395000,5.614544365704152,6.075324251458679,392603.34566159104,7.672384228731532
1395100,5.614697897244129,6.075432697162926,392613.4660553103,7.672609113458662
1395200,5.614816909795885,6.075573269074851,392623.0676852017,7.672840599203954
1395300,5.614959147455189,6.075730281726091,392631.91274243704,7.673031658845736
1395400,5.61510248727125,6.075886058426227,392642.200222614,7.67324434107807
1395500,5.615239894324409,6.075990742377632,392651.29074046784,7.673350285691859
1395600,5.615394838377096,6.076119742215948,392662.07225401903,7.673548010557064
1395700,5.615551269736187,6.076283456284166,392672.32043019484,7.673666542163107
1395800,5.615673112678534,6.076416602468239,392682.06738477224,7.673811884324041
1395900,5.615798028987059,6.0765467420205646,392692.00210579514,7.67394013004246
1396000,5.615917937004627,6.0767443738704845,392701.58366963605,7.674146517492285
1396100,5.61603666661318,6.076854352782602,392711.70501619927,7.67425056962026
1396200,5.6161573514706085,6.077008413132963,392721.7701958819,7.674380558413699
1396300,5.616282151832212,6.0771521103603785,392730.9376769245,7.674508550867694
1396400,5.616399003565955,6.07732921553781,392740.6561651888,7.674738450359145
1396500,5.616524803376593,6.0775176078180655,392750.5837802169,7.674879526689323
1396600,5.6166411620443135,6.077644297429566,392759.43535322195,7.675073955596484
1396700,5.616776746183867,6.07782711824803,392769.0644172913,7.675239322491402
1396800,5.616892068766419,6.0780036964027,392779.45970291685,7.675444317813664
1396900,5.617013588497767,6.078146104427796,392788.8873821469,7.675573128804161
1397000,5.617133043734619,6.0783406140277885,392798.9378563697,7.6756754585035285
1397100,5.617261197161944,6.0784801424925625,392808.216900675,7.675792596096457
1397200,5.617385923768586,6.078657928856675,392818.42130467773,7.675909608221066
1397300,5.617505264410344,6.078853321053393,392827.9324856122,7.676138538378832
1397400,5.61764264038642,6.078985016990553,392836.90657074365,7.676253074861337
1397500,5.617773960603053,6.079165842237969,392846.4523907031,7.676466961063217
1397600,5.6178974304986005,6.079322429081886,392857.0586306871,7.676654889961367
1397700,5.6180468384640525,6.07949474734241,392866.75739880675,7.676763200198539
1397800,5.618179726842269,6.07966247604498,392875.55703500815,7.676972709731694
1397900,5.618342664811554,6.079839661758774,392886.00520779216,7.6770691150159385
1398000,5.618480794832548,6.0799745193145815,392896.2735008401,7.677264815734019
1398100,5.6186380572309265,6.080127809277232,392905.3485322516,7.677476459917064
1398200,5.618794807955124,6.080304553618966,392914.03747536166,7.677627212112932
1398300,5.618938625307631,6.080503539412905,392924.3505073146,7.677731851302293
1398400,5.619074904752707,6.080645907716537,392934.3484885087,7.677878895197935
1398500,5.619191051607535,6.080817533175279,392943.15425071615,7.677975901432333
1398600,5.619339868574112,6.080956623463846,392953.2532185138,7.678114212344713
1398700,5.619489506086658,6.081122457479006,392963.5785324328,7.678219454272237
1398800,5.619646367573494,6.081283977577149,392973.16199065367,7.678369042244505
1398900,5.619777625410904,6.081425118437687,392982.6901781538,7.678473437618968
1399000,5.619896270248362,6.081528849783384,392992.69437962165,7.678601573599009
1399100,5.620028598466655,6.081635932607063,393002.90084285894,7.678701777462869
1399200,5.6201854935433175,6.081796328914842,393012.7725954627,7.678904361057012
1399300,5.620302848637925,6.081929929059768,393022.9387580091,7.67912047602999
1399400,5.620434197717299,6.082089258226948,393032.0709166377,7.679324923443705
1399500,5.620561843097341,6.0822159741052735,393040.67165439605,7.679420206999664
1399600,5.620680885591171,6.082333962616843,393050.56586813915,7.679560621915675
1399700,5.620805519450167,6.082472113020181,393060.82180732215,7.679724102736171
1399800,5.620937916508493,6.08262763382879,393070.71483808046,7.67989897909734
1399900,5.6210888671842225,6.082767553083,393080.2575079746,7.680016220478778
1400000,5.621206087649253,6.082875270293026,393090.3078334876,7.680179824486282
1400100,5.6213234560447995,6.08302907215522,393099.6196383981,7.680344670469167
1400200,5.621460356102457,6.083226863514845,393108.80487982894,7.680473785583298
1400300,5.621612723789925,6.083394126481974,393118.1742449913,7.680667942196737
1400400,5.621767101344196,6.083517498644852,393127.6481637537,7.6808979446112735
1400500,5.621914486185928,6.083699013104756,393137.8086807923,7.681127686601298
1400600,5.622055042918524,6.083811684760517,393148.27683919267,7.681340513989591
1400700,5.622214747027076,6.083937739267701,393158.36038669775,7.681517750374428
1400800,5.622333776692333,6.084047693871432,393167.6923252667,7.681659823020594
1400900,5.622457592384729,6.084174975480602,393177.62589872244,7.681888959062584
1401000,5.622594738036405,6.084276318821837,393186.9817194097,7.682036113081991
1401100,5.622731091732411,6.084433900142429,393196.5706212708,7.682217417055206
1401200,5.622874588682464,6.084588880216072,393206.5075004435,7.682316836923763
1401300,5.623018984620751,6.084744914768641,393215.86635920504,7.682450726168133
1401400,5.623135161261199,6.084903083744947,393224.8458253607,7.682607803215336
1401500,5.623283497476989,6.085098887505833,393233.64705130894,7.682787305670126
1401600,5.6234293616858215,6.085256262956698,393243.75068908965,7.682999442751829
1401700,5.623544861755544,6.085369538351501,393252.9992499881,7.6831603338614745
1401800,5.623703916064188,6.0855625116336425,393261.67483971757,7.683341046428964
1401900,5.623841792438191,6.085707084754514,393271.95461582416,7.683558839367561
1402000,5.623995347922562,6.085818307192824,393282.4083627235,7.68375286600394
1402100,5.6241292068696875,6.0859920476673715,393292.45998790354,7.683954757285456
1402200,5.624284975602791,6.086103305559798,393301.3662040991,7.684055815572411
1402300,5.624430971895821,6.086297290335863,393309.89541578095,7.684235228907548
1402400,5.62455728165632,6.086418359415684,393320.31065883907,7.684418426996579
1402500,5.624687976678959,6.086542862092914,393329.43324642355,7.68460415262395
1402600,5.624839675040095,6.086731213272117,393338.0848853918,7.684819794480032
1402700,5.624959402239452,6.086885495059663,393346.9729873923,7.684968297634616
1402800,5.625120453892509,6.087077139549616,393355.65315517,7.685162484707757
1402900,5.6252652578696765,6.087275148547778,393365.4863035102,7.685328601079463
1403000,5.625424175246285,6.087435886870661,393374.18402478035,7.685462795828477
1403100,5.62558234220331,6.087621117479444,393383.1468107344,7.685583144193874
1403200,5.6257019690728765,6.087807033309673,393393.07324254763,7.685685280994487
1403300,5.62585192808519,6.087985247156125,393401.75678220426,7.685839807893642
1403400,5.62599717605564,6.088140617458164,393410.3952392255,7.685933991399618
1403500,5.626149826490035,6.088264775048299,393420.2336414925,7.68603023241938
1403600,5.6262801602921,6.088419526021235,393429.494283475,7.686226988326177
1403700,5.626424245948192,6.088545809602349,393439.349903905,7.686448377289636
1403800,5.626569362289633,6.08871149044554,393448.8262938444,7.686661885143132
1403900,5.626717355174814,6.088859819536918,393459.27449941327,7.686868830980206
1404000,5.626869267770189,6.0890183145521055,393469.7316583256,7.686993692105758
1404100,5.627011762403649,6.08919638206629,393478.29117951496,7.687160291271623
1404200,5.627132521960265,6.089394687921664,393487.2886162155,7.687386324886995
1404300,5.627281108432153,6.089572237403979,393496.5343597537,7.687538371423182
1404400,5.627395543150952,6.08968189069357,393506.05696253263,7.6876720075726634
1404500,5.6275155718471925,6.089846003699555,393516.01703829545,7.687840086408105
1404600,5.62762748613591,6.089946241743893,393524.63004080567,7.688035292461408
1404700,5.627744933741321,6.090107571097732,393534.4240238066,7.688185771394745
1404800,5.6278744062678525,6.090281193751608,393543.2741859127,7.688345974733214
1404900,5.62801732828737,6.090470900929771,393552.3333722175,7.688501373591694
1405000,5.628167575924681,6.090622601520192,393561.6271588993,7.688640198153073
1405100,5.628324516978715,6.090769047277716,393570.2312957534,7.688782429898252
1405200,5.628466843407583,6.090901974041405,393579.48986262793,7.688918844776835
1405300,5.628594949588775,6.091031894468152,393588.90342778177,7.689052064774957
1405400,5.6287201406118905,6.0911722689534615,393598.954746229,7.689179025775379
1405500,5.6288455267247715,6.091352526997905,393609.0524920944,7.689384850432425
1405600,5.629002083540387,6.09151159535182,393619.2374787994,7.689533081126828
1405700,5.6291237518944985,6.091659410209477,393628.76541530417,7.689685036295001
1405800,5.629243349463306,6.091793651547872,393639.19685260725,7.689880270840271
1405900,5.629387148850106,6.091920996276517,393648.88371456397,7.690008189231794
1406000,5.629523940689662,6.09208527786549,393658.8328074841,7.690144578293665
1406100,5.629636852528875,6.092204226767185,393669.08866376564,7.690280307607988
1406200,5.629752437564334,6.092336721974664,393678.42374599294,7.690473103143454
1406300,5.629877581963208,6.09248421761313,393688.17748508125,7.6906399957101295
1406400,5.62998948757282,6.0926148913875915,393697.29978507035,7.690771022142809
1406500,5.630112517449378,6.0927745247272895,393705.78758181405,7.690923634734628
1406600,5.630263737165887,6.092940192456354,393714.7933017488,7.691028080020064
1406700,5.630399902108725,6.093131350456079,393724.16791579995,7.691123745146001
1406800,5.630542400446411,6.093302863319833,393734.352287217,7.691237644044192
1406900,5.630660943435271,6.0934682871402375,393743.8095567422,7.691338074775787
1407000,5.630798593354872,6.093599742064734,393753.98439541965,7.69154396573634
1407100,5.6309537040110635,6.09375399607477,393764.3565529798,7.691741356163134
1407200,5.631099150857775,6.093911772760051,393773.6601790128,7.691960514526333
1407300,5.6312242345004755,6.094043155098426,393782.6674861667,7.6921258668954575
1407400,5.631364462881658,6.094174281260113,393792.6612065674,7.69228629018654
1407500,5.6314822908866935,6.094361142049004,393801.1198973011,7.692408226424798
1407600,5.631636095987882,6.094548501040225,393809.9172828881,7.692507746302185
1407700,5.631784461429306,6.0947194415278485,393819.70232344326,7.692654989907687
1407800,5.6318996876647915,6.094844262571073,393828.2763409665,7.69282887991058
1407900,5.632020383331162,6.095019748647827,393838.54079173086,7.692930025490176
1408000,5.632146651201651,6.095202345626294,393848.1775706129,7.693153127237138
1408100,5.632267248364918,6.095345046570272,393856.64299453574,7.693372489660565
1408200,5.632414526282775,6.095539115982009,393865.91396806855,7.693519296161127
1408300,5.632539169405182,6.095652110648367,393876.3619588353,7.693628077469447
1408400,5.6326751158254975,6.0957648113345675,393884.9074986466,7.693780794401594
1408500,5.6328026121863335,6.095893498977017,393893.72729215096,7.693988838889585
1408600,5.632950181262255,6.0960860178591965,393903.5520623236,7.694140729145023
1408700,5.633100705077011,6.096188310555377,393913.38248787355,7.6943052931260745
1408800,5.633240295434342,6.0963724369191326,393923.87781223934,7.694482525187865
1408900,5.633360718021373,6.096482767014153,393933.89436159993,7.694616706710788
1409000,5.633477733765904,6.096670807804597,393943.3213132024,7.6948328789818445
1409100,5.633611400813151,6.096854836292444,393953.35613350023,7.695046371033259
1409200,5.633736954848559,6.096967234587916,393961.8296757549,7.695260083290161
1409300,5.633869461331572,6.097159011603587,393972.0381739947,7.695419957197889
1409400,5.634020671579959,6.097337510247837,393982.30487290176,7.69559442746452
1409500,5.634134532828859,6.097451256619085,393992.2446289913,7.695704348531523
1409600,5.634278572573274,6.097585327280194,394000.8432274599,7.695837786301173
1409700,5.634390025760264,6.097688298944397,394010.4571556662,7.696024698789087
1409800,5.634511944363148,6.097843584829692,394020.3071290394,7.696168503425056
1409900,5.634622736257689,6.097977176456016,394030.51654134406,7.696332878234087
1410000,5.634769482502324,6.098148156814391,394039.14977404923,7.696488560411814
1410100,5.634911113162938,6.098251713288009,394048.12940554606,7.696605287744379
1410200,5.635069736548653,6.098378242373319,394058.1059952089,7.696797070714027
1410300,5.6352125898075895,6.098561379924716,394067.00554220047,7.6969227023870825
1410400,5.635354918825058,6.0987508598427995,394076.75607868383,7.697125880401904
1410500,5.635468796613881,6.098864163521109,394086.3488735256,7.697265294641911
1410600,5.635617865222364,6.099028136158302,394095.8074966683,7.697456779352362
1410700,5.635733023608986,6.099144564417249,394104.46911545505,7.697667404779947
1410800,5.635859869156771,6.099338999334254,394112.93891799723,7.697888178125653
1410900,5.635977798492685,6.099532590349131,394121.68171997694,7.698108174329006
1411000,5.6361351683413,6.099661699751644,394130.537513594,7.698265254393179
1411100,5.636279809584473,6.099839110205419,394139.25675799296,7.698462435604972
1411200,5.63642414940135,6.099975848911076,394149.61951193516,7.698657817373629
1411300,5.6365386644980235,6.100151171165185,394158.44901688833,7.698870005905922
1411400,5.63665989147128,6.100280072901926,394168.02081966377,7.698970095764149
1411500,5.6367801622596865,6.100395322016735,394177.02687198255,7.699164200767893
1411600,5.636900795045311,6.100589137872453,394187.27878287283,7.6993804734351015
1411700,5.637042074132127,6.100739587771818,394195.91741132183,7.699500845693774
1411800,5.637170575811777,6.100875793106167,394204.39342642826,7.699724677689698
1411900,5.6373030727019255,6.101013257495671,394213.04251798475,7.699879258583319
1412000,5.637447460742259,6.101184518494895,394223.0427709435,7.700084786182856
1412100,5.6375989941636355,6.101306030011222,394232.0461068598,7.700270541630028
1412200,5.637749419046897,6.101463932689704,394242.2083553834,7.700480568994325
1412300,5.637887254137958,6.1016391785065895,394251.00289762375,7.700634030046622
1412400,5.638022012806836,6.101830461520404,394259.4122042813,7.700821004805678
1412500,5.6381353074007645,6.101934142073366,394269.29054158943,7.700941850614998
1412600,5.638286676365144,6.102047778423254,394279.6572414443,7.701126535580205
1412700,5.6383991963070885,6.102228272338342,394289.0685744015,7.701230025562205
1412800,5.638524659232487,6.102422769254847,394299.2966209767,7.701420331313438
1412900,5.638672076310634,6.102529118871905,394309.4435104967,7.701539218781822
1413000,5.638829689941968,6.102651362143419,394319.8421924086,7.701746804998787
1413100,5.63897786573926,6.10283230791737,394329.06070640206,7.701912690157126
1413200,5.639127461122494,6.1030069233131465,394337.8793095855,7.702124394692593
1413300,5.639250051259815,6.103131581537658,394346.91440239927,7.702303159869376
1413400,5.639385648020598,6.103296496097764,394356.841296452,7.702420302946886
1413500,5.6395264925280415,6.103453781347548,394365.59344297874,7.702549168327499
1413600,5.639664455780844,6.103624749856257,394375.8873968442,7.702721133870742
1413700,5.6398151577075755,6.103760898181366,394384.3188321025,7.702903634734491
1413800,5.63995377893928,6.103861638312356,394393.87919054774,7.703094994376168
1413900,5.640099399521127,6.103987564201912,394403.97893167805,7.703307486836878
1414000,5.640234489862163,6.104098721339418,394412.86008486076,7.703454810776616
1414100,5.64034817047217,6.104292472827552,394422.5783565321,7.7036401121875775
1414200,5.640461676417077,6.104421517649681,394431.59486448136,7.703779046530117
1414300,5.640616225327793,6.1045212492092515,394440.718914716,7.703953609505111
1414400,5.640756070527842,6.104691601727358,394449.2099948265,7.704085422655492
1414500,5.64088137325394,6.104868048654177,394458.5071589302,7.7042583266258315
1414600,5.641030405976156,6.104970191278012,394468.11415999354,7.704438987936871
1414700,5.641165664889126,6.105146666648673,394478.01050329476,7.704654776780807
1414800,5.641280989567748,6.1052845954380635,394486.57703685854,7.704785743316183
1414900,5.6414369119636865,6.10540945528384,394496.59542644717,7.70494330174108
1415000,5.641585720309496,6.105518007896141,394505.55812509655,7.705111714177213
1415100,5.641715175174513,6.105619611033234,394515.8776324153,7.705260676980917
1415200,5.641856479589164,6.105788573971111,394525.51438034786,7.705466277977642
1415300,5.641971929962791,6.105934801356054,394535.10439384566,7.705595948932882
1415400,5.642128978352788,6.106096028685317,394543.9990125279,7.705805222048407
1415500,5.642238655079834,6.106201564947859,394553.05272858334,7.705969549565219
1415600,5.642358197694523,6.1063287142151,394562.06953220215,7.706100273944806
1415700,5.642483593106759,6.106440939494336,394571.0441891092,7.706318198676221
1415800,5.6426281186766385,6.106592892511251,394579.35931065783,7.706502722406437
1415900,5.642751113344718,6.106696495996577,394589.0314243876,7.7066871808787845
1416000,5.642899509119386,6.106866946343547,394598.75125410774,7.706802085964401
1416100,5.643042616236731,6.107020339641511,394607.1321553475,7.707018963654879
1416200,5.643182938177897,6.107135208561144,394617.20931118994,7.707150917060597
1416300,5.643312487557743,6.107252116516086,394626.7695362513,7.707256187953706
1416400,5.643441688348029,6.107390685364752,394636.6486286794,7.707380273594214
1416500,5.643594179144145,6.107519452243069,394646.83717961377,7.707478226684758
1416600,5.6437050661615995,6.107623010848443,394655.23055850837,7.7076264241478025
1416700,5.643839634651785,6.107811453868405,394664.5784388199,7.707798168567079
1416800,5.643962587953308,6.107950581833477,394673.0017544385,7.707927162897905
1416900,5.644106244433692,6.108102361959544,394683.04995935457,7.708125907319419
1417000,5.644242682562862,6.1082460447693645,394693.1381001294,7.708269405288242
1417100,5.644383385218316,6.108434748097581,394703.35677184456,7.708376284882043
1417200,5.644509972105218,6.108611214931501,394713.495904736,7.708533409185069
1417300,5.644663106368844,6.108711956306978,394723.6481349804,7.708642563613373
1417400,5.644817373549101,6.108877049844216,394733.74052573246,7.7087785568835345
1417500,5.644971300370506,6.108997215694636,394743.0988480638,7.708886176306385
1417600,5.645118650160687,6.109177283713044,394753.13313227304,7.7090442410047135
1417700,5.64526607822386,6.10935287377394,394761.61366915656,7.709219263533622
1417800,5.64539069782754,6.109477514928999,394771.7775150181,7.709362383426474
1417900,5.64553882158362,6.109649382621135,394781.9442994353,7.709522810629709
1418000,5.645689164458448,6.109780485047072,394791.5455704161,7.709677502874339
1418100,5.64582300555428,6.109938972033478,394801.4891583519,7.709779688185992
1418200,5.645973150911297,6.11011270880085,394811.0005954172,7.709904988392876
1418300,5.646085345554046,6.1102716069823035,394821.1030695296,7.7101000072211745
1418400,5.64620647982578,6.110452149700166,394830.33573081647,7.710263198049955
1418500,5.646342786525212,6.110606333690759,394839.38612202497,7.710394975032918
1418600,5.646453669417232,6.110735571897324,394847.92622528994,7.7105107470459355
1418700,5.646577932642395,6.110883128040205,394857.88240607793,7.710665921974359
1418800,5.646704715538575,6.1110187352913385,394867.7652404852,7.710882670193638
1418900,5.646818430779053,6.111117601261206,394877.7635888637,7.710997238582002
1419000,5.646953879363124,6.111305054671679,394887.53767763585,7.711196611504735
1419100,5.647098799268635,6.111495185857597,394897.333917458,7.711296029271405
1419200,5.6472483370530995,6.111660187807158,394907.5168847748,7.711428639980937
1419300,5.647370990708887,6.11177095739747,394917.677539751,7.711562736920587
1419400,5.647510756322391,6.1119015714952285,394926.5566136258,7.7117837522760455
1419500,5.647656153359786,6.112040696932357,394935.6820111391,7.711940406530419
1419600,5.6477767575110756,6.112198507067059,394944.40066425304,7.712122885484357
1419700,5.647905785550472,6.112372058406372,394953.9635103174,7.712262425866761
1419800,5.648047191977709,6.112545243534294,394962.21086189296,7.712450866729818
1419900,5.648186677406941,6.112696482282385,394972.1231650293,7.712611754601148
1420000,5.648315280680031,6.112831329362082,394981.14962417335,7.712810425928393
1420100,5.648440322455555,6.112939636165906,394990.92986285826,7.712947666131054
1420200,5.648575934502872,6.113110238526654,395001.00313653646,7.713150046767081
1420300,5.648712457477427,6.113263436639153,395009.7554392805,7.71326064595932
1420400,5.648837200165766,6.113362050849123,395019.58933608927,7.71342463063162
1420500,5.648987553267151,6.113506715018983,395027.94828897394,7.713637712156071
1420600,5.649097539949645,6.113633425223678,395037.9179422787,7.713805513059535
1420700,5.649238391252134,6.113736734716004,395046.73611109814,7.713904205770367
1420800,5.649361101049004,6.113868069716004,395055.5187097902,7.7140498669942765
1420900,5.649490730467678,6.114010076522269,395065.7015262252,7.714142328658814
1421000,5.649638284378603,6.114188258252906,395074.1885064039,7.714298906991652
1421100,5.6497896480448295,6.114372924073439,395084.1135008558,7.71446667863922
1421200,5.6499128192954595,6.114494599964824,395093.918583931,7.714616351202201
1421300,5.650045535400446,6.114650038656924,395102.2307753194,7.714789115198059
1421400,5.650154589732882,6.114791986839407,395110.82645224134,7.714953614876726
1421500,5.6502741000951575,6.114970743030741,395119.25571843586,7.715066983872569
1421600,5.650414159518207,6.115098896826091,395129.24112030736,7.715270847255978
1421700,5.650539409054209,6.115283180961935,395138.91691620724,7.715406919411718
1421800,5.650676925270704,6.115438407890438,395147.5128868779,7.715617530367743
1421900,5.650805528979461,6.115535357906363,395157.13611820707,7.71573347364046
1422000,5.650949179616625,6.115652913749422,395165.6390178244,7.715916901802922
1422100,5.651072357178712,6.115812212662735,395174.9803607917,7.716029526518155
1422200,5.651226437800185,6.11594115842234,395183.95669889235,7.716233806547964
1422300,5.651372298497563,6.1161084467263525,395193.3349057877,7.716342211430517
1422400,5.651511711773403,6.116246064736216,395201.8458675867,7.716504036843971
1422500,5.651626311464131,6.116373401319197,395210.67619604775,7.716611397241213
1422600,5.6517675555988225,6.1165639600384365,395220.01407924644,7.716730519696395
1422700,5.651900592240617,6.116731625399632,395229.06534255523,7.716945571489459
1422800,5.652039566401243,6.116900925664052,395238.23303000716,7.717088453453273
1422900,5.652192200582475,6.117037599912251,395247.7115957665,7.717240335114677
1423000,5.65234520499927,6.117182836187847,395256.2472691185,7.717330809940895
1423100,5.65247089902679,6.117308336343082,395266.25530809024,7.717548562327566
1423200,5.652594518711745,6.1174826367494415,395276.2162444692,7.717766705081387
1423300,5.652716980147871,6.117621310681838,395284.55385516427,7.717871100693688
1423400,5.652863846319445,6.117770969079741,395293.5662047341,7.7180822361914085
1423500,5.6529997089688715,6.117903230430344,395303.55042629596,7.718293647273781
1423600,5.653121197569827,6.118063020621599,395312.6743146506,7.71849321035693
1423700,5.653271880161078,6.1182049317062015,395320.97778145265,7.718683914754774
1423800,5.653386838748037,6.118392114623218,395330.7699996677,7.7188891995421365
1423900,5.653512098011855,6.118531711829366,395339.32933222415,7.7190531189834495
1424000,5.653632301135582,6.118708249578159,395348.23445917695,7.719174740700974
1424100,5.653747200985437,6.118888143678,395356.4279131716,7.719301736673665
1424200,5.653883834102475,6.119011726159887,395365.81573671405,7.719416564757269
1424300,5.654009538843071,6.119150721838462,395374.0036600646,7.719557112433688
1424400,5.654134173280757,6.119311066721769,395382.4394264598,7.719716736395676
1424500,5.6542422762464914,6.1194275431454415,395392.1573319691,7.719877237074206
1424600,5.654354022424358,6.119589383519481,395401.19560022664,7.720080746841408
1424700,5.654494591764557,6.119720528085366,395410.02778956253,7.72024030427062
1424800,5.654619183753455,6.119877324905543,395419.67068225204,7.720339274817875
1424900,5.654742217184117,6.120064069761956,395428.04279200785,7.720526578544115
1425000,5.654886417933342,6.120174249714187,395436.79841120774,7.720704709749079
1425100,5.655014692708295,6.120345075553068,395446.0029263264,7.720860947757928
1425200,5.655121909449033,6.120533269038742,395455.8913115351,7.72107189834298
1425300,5.655255287182178,6.12068996631005,395465.2780220877,7.721233610149676
1425400,5.655387669101818,6.120827449544074,395473.9627014363,7.721376610003064
1425500,5.655514936665414,6.120958300947249,395483.0309476988,7.721537477085953
1425600,5.655634661028874,6.121064302387953,395493.1075360019,7.721708370723344
1425700,5.655765188004137,6.121191896300758,395501.75370116153,7.721812776955518
1425800,5.6558731772475355,6.121371405006286,395511.72215347533,7.722013367649424
1425900,5.655993411757931,6.121513361453676,395520.5821859424,7.722131709519842
1426000,5.656102918285847,6.121676063861038,395529.1019028375,7.722276509175318
1426100,5.656225571157667,6.121778171138984,395538.41811990296,7.722436952480674
1426200,5.656361615240405,6.121942051311285,395546.94961075904,7.722604870618383
1426300,5.656500647920375,6.12210997317573,395556.7358224727,7.722791613329943
1426400,5.656610792119525,6.122263959138296,395566.6913806284,7.722953293035021
1426500,5.656745891835235,6.122406857086177,395576.4719178462,7.723087345496235
1426600,5.6568989114248405,6.122518354159615,395585.3896574215,7.72330003213221
1426700,5.657037023486629,6.122622497456112,395593.52471327997,7.7234690263924115
1426800,5.657171100226554,6.122762062536214,395602.4870773644,7.723572917627098
1426900,5.657284548624383,6.122864213270026,395610.81389941013,7.723662943619445
1427000,5.6574137996416605,6.123038140136658,395620.9015353126,7.723799217441118
1427100,5.657557128647788,6.123212451611093,395629.22122401674,7.724006513743305
1427200,5.65768958552365,6.123369538344219,395637.84439227515,7.724169288589002
1427300,5.65780237248247,6.123484675304374,395647.4866582904,7.724364631992126
1427400,5.657945504401129,6.123597808465441,395656.49793856073,7.724480827783801
1427500,5.658092440723389,6.123715005614921,395665.1492697471,7.724584847171476
1427600,5.658230393994873,6.123851264390733,395674.8220182489,7.724714244562056
1427700,5.658344643618664,6.123973326107358,395683.72473580245,7.724808189255474
1427800,5.658492287485129,6.124082200746965,395692.4418073364,7.724911303246094
1427900,5.658608006004285,6.1242341444221715,395701.00529694126,7.725081973107692
1428000,5.658754077260963,6.124388542602085,395709.4226014959,7.725234865461399
1428100,5.658896457671139,6.124571810035735,395718.6675659677,7.725371678622114
1428200,5.659006453194537,6.124671827368138,395726.95960822655,7.725522943434494
1428300,5.659148478074999,6.124824363304123,395735.85354916105,7.725617965730538
1428400,5.659259693639945,6.1249808317838434,395744.53570849943,7.725793666194093
1428500,5.659379119298787,6.125119584449361,395753.2344664326,7.725979354348641
1428600,5.659495299450093,6.12525670536732,395763.0041458769,7.726110401915465
1428700,5.659631987549007,6.125398265161282,395772.9155936898,7.726248428348055
1428800,5.659771123921778,6.125529366265313,395781.16058512765,7.72640913236789
1428900,5.659921742693271,6.125654831500762,395789.6412927372,7.726582659948474
1429000,5.660036992355931,6.125766591265746,395799.43283670495,7.7267686682040555
1429100,5.660172627307479,6.125877922595519,395808.1589952304,7.726956033991278
1429200,5.660321960274722,6.126033789726559,395817.3618785142,7.727047515290961
1429300,5.6604575125323935,6.126144073445422,395826.38766736654,7.727141589340998
1429400,5.660567413765294,6.126285057077495,395835.23423602944,7.727256842190448
1429500,5.660680553831337,6.126427792750439,395843.53399942484,7.727378201890535
1429600,5.660807077213239,6.126591484707888,395851.81775114936,7.7274872963417645
1429700,5.660915287842313,6.126709442974122,395860.84430431394,7.727696580670722
1429800,5.661046976436148,6.126876339138458,395870.34739304695,7.727816834396455
1429900,5.661154227210457,6.126985246602521,395878.67250118335,7.727953702448516
1430000,5.661273374521008,6.127133472741812,395887.0759765862,7.728159198713668
1430100,5.661388685682259,6.127313448046737,395895.3858939867,7.728302134236135
1430200,5.661521333759241,6.127420205017791,395904.43343022256,7.728391702327125
1430300,5.661637655173128,6.127559804770111,395913.2341072572,7.728513920791565
1430400,5.661776206642332,6.127717008641037,395922.6501672614,7.728635898847473
1430500,5.661910416524395,6.127850750854573,395931.0675600948,7.728828119180411
1430600,5.662042550575357,6.128017971517367,395940.5067218962,7.728956764715297
1430700,5.66219220602998,6.128204027441841,395949.412715318,7.729112991380811
1430800,5.66233955301667,6.128345361499611,395957.5715143373,7.72925626744464
1430900,5.6624657393123705,6.128524807590304,395967.2639522896,7.729366150096313
1431000,5.662587658302801,6.128669858273356,395975.54360899003,7.729515037041579
1431100,5.66271780469347,6.12879842566724,395984.13256372215,7.7296253159123385
1431200,5.662854097741474,6.128922106873847,395993.6373930857,7.729735338489331
1431300,5.662961915317954,6.129097213846073,396002.9125709129,7.729892062979566
1431400,5.6630736817819205,6.129269259456304,396012.50414681964,7.729995063738191
1431500,5.663186410257341,6.129372845965032,396022.3820522494,7.730136642673801
1431600,5.663322771692484,6.129501793528136,396030.96275456133,7.730302930050041
1431700,5.663444515533737,6.129618434137704,396040.67362364026,7.730439836414215
1431800,5.663560419940624,6.12973350577897,396050.6021831727,7.730608076699447
1431900,5.663710452974726,6.129915408855593,396059.10723950766,7.73081294593881
1432000,5.6638383782020325,6.1300872804195174,396067.6474173523,7.730947727411685
1432100,5.663947471416332,6.130216393443596,396076.0475168385,7.731082186386891
1432200,5.664091522430299,6.130394157507155,396084.16053968796,7.731224546682377
1432300,5.664220998069103,6.130553524533612,396092.49283902487,7.731439456087071
1432400,5.664362890333983,6.130735747098062,396101.1237899211,7.731650766039933
1432500,5.66451210491873,6.1309131588283865,396110.64626823086,7.731864468337913
1432600,5.664631616263659,6.131095951099762,396120.42307187105,7.732048512123355
1432700,5.664763254737816,6.131242808039897,396128.7493618937,7.732148483092184
1432800,5.664874984023941,6.131359934249973,396138.169588956,7.732305340960063
1432900,5.665001347755913,6.131482257926564,396147.49421389756,7.732482660617139
1433000,5.66510755790021,6.131618852133177,396157.20169750863,7.732603114488638
1433100,5.665254793101226,6.131731274342093,396166.4610043303,7.732700071280896
1433200,5.665370904327333,6.1318402629319415,396176.0880921494,7.732871673901404
1433300,5.66550529350621,6.131945495770832,396184.204963029,7.732965202759969
1433400,5.665637978486551,6.132083827160392,396193.84331897745,7.733078398612832
1433500,5.665755935581747,6.132268320576548,396202.6545536651,7.733183791459894
1433600,5.665895987603618,6.132406613072454,396210.9284373206,7.733394990517204
1433700,5.666035717726266,6.132540165667745,396219.88298192405,7.733543342960162
1433800,5.666181207510615,6.132683271977621,396227.91701977083,7.733746911960308
1433900,5.666302663143994,6.132843308203675,396237.2235602636,7.7339469816290825
1434000,5.666429860397955,6.1330240079368865,396246.78111052763,7.734056875243424
1434100,5.666569865921148,6.133169387228582,396256.13567467814,7.73417691095696
1434200,5.666703581331181,6.133298884002949,396265.3443581808,7.7343020014910095
1434300,5.66683418376512,6.133480263664326,396273.33377195237,7.734493691922904
1434400,5.666945872271133,6.133608133922129,396282.5072455876,7.7346713798260165
1434500,5.66707030813849,6.133778284888171,396291.511706983,7.7348590278676665
1434600,5.667200013042925,6.133920741068487,396300.26205701457,7.7349915682854995
1434700,5.667337806379226,6.134063573077056,396310.0761452698,7.735188110544385
1434800,5.667486412743159,6.134199639202947,396319.63073767873,7.735327214558706
1434900,5.667606723475915,6.134340362044597,396328.60007298185,7.735447113160726
1435000,5.6677510103906075,6.134451811061664,396337.50794082426,7.735656723836931
1435100,5.667863584359964,6.1345512082439,396346.77752913086,7.735766618907474
1435200,5.667997574515194,6.134674260141584,396356.14554466365,7.735946990474203
1435300,5.668103423078451,6.13483877657585,396364.75298906775,7.736141782851779
1435400,5.66824399755491,6.134986360898022,396373.45806918986,7.736268804941956
1435500,5.668369241959289,6.1351082639414365,396381.61175553757,7.7364043502124105
1435600,5.668505266811528,6.135278933497392,396391.3640437547,7.736560835655115
1435700,5.668635294232843,6.135456546926078,396401.0565509458,7.736746839810381
1435800,5.668769080489358,6.1355708942222,396410.210793914,7.736900954718249
1435900,5.668891996308209,6.135706607662193,396418.8553281194,7.737099880893587
1436000,5.669039885018569,6.135871617809636,396427.20600456436,7.737307199271003
1436100,5.669189369690964,6.1360455995617,396435.6442465265,7.737423068508047
1436200,5.6693245696336,6.136212264900938,396445.5158724708,7.7375156935902245
1436300,5.669446196554208,6.136358816978673,396454.1769563402,7.737678852069489
1436400,5.669567265645177,6.1364580465509,396463.993561124,7.7378877393891194
1436500,5.669674998180974,6.13661527175022,396473.24987628125,7.737997111508506
1436600,5.669805993573135,6.136781542952867,396483.07636058214,7.738116209537619
1436700,5.669925663251364,6.136906934589305,396491.59811493964,7.738249667815415
1436800,5.670062461271631,6.1370312846245065,396500.1960954405,7.738435165847479
1436900,5.670204618321427,6.1371408659481,396509.45712999115,7.73853438270949
1437000,5.670309744790962,6.137290381860381,396518.5380249439,7.738705990874509
1437100,5.670414589731224,6.137425965872461,396528.0923184249,7.738890325360508
1437200,5.670556832505918,6.137606659860301,396537.349829859,7.739025642128697
1437300,5.670672169034508,6.137759553175878,396546.39927805203,7.73922236675525
1437400,5.670809864609169,6.137883295530488,396555.9473828634,7.739378105095737
1437500,5.670928206243145,6.137994654857237,396564.70121839317,7.73958802790709
1437600,5.671053334599971,6.138162222018886,396574.56777405995,7.739780074109395
1437700,5.671169657906915,6.138263229056212,396583.87430426263,7.7398979318503365
1437800,5.6712936501793605,6.13840704546036,396592.15391558484,7.739992910272911
1437900,5.671412150240823,6.138587808374242,396600.32689046295,7.740175179373728
1438000,5.671545560895892,6.13872362787674,396610.1228058353,7.740285467495524
1438100,5.671667843527284,6.138896510719366,396619.65395580366,7.740418688043458
1438200,5.671804137612166,6.13908066651173,396627.9394036038,7.740602118819913
1438300,5.671913578934218,6.139193993256306,396637.65348599607,7.740720718887148
1438400,5.672026768901178,6.139372823221199,396646.369514746,7.740848566831887
1438500,5.672144197187286,6.139487560044969,396655.41193023615,7.741026814479298
1438600,5.672261112622857,6.139663449056547,396663.7519837302,7.741193247432761
1438700,5.672370043033846,6.1398164977480105,396673.587020864,7.741320550251975
1438800,5.672489761964839,6.1399407561952914,396681.9219221891,7.74146638222309
1438900,5.672610808046564,6.140081454427602,396690.2558494654,7.741653270215082
1439000,5.67273370709399,6.1402609665804615,396699.9456713671,7.7417995995171145
1439100,5.672872468242685,6.140368516691002,396709.03425715334,7.741982909072012
1439200,5.673008514260418,6.14049159581641,396718.1335702094,7.742170425165289
1439300,5.673141624796369,6.140667943016614,396727.4010846165,7.742346259312356
1439400,5.673279227205174,6.140850886776665,396736.31439592503,7.742490162626804
1439500,5.673413952706577,6.1409975062307325,396745.41214028554,7.742641763491256
1439600,5.6735591936844525,6.141106719131695,396753.81497505173,7.74282068716665
1439700,5.673699081399687,6.141249044314089,396761.7724306613,7.742930624071814
1439800,5.673825099168135,6.141378900693784,396770.63118068525,7.743059260485487
1439900,5.673932909104998,6.141502153599619,396780.33426356514,7.743185777179251
1440000,5.674039048508746,6.1416425394558045,396789.27215013816,7.743363777822726
1440100,5.674167065883228,6.141808725325814,396797.4322136715,7.743538006957414
1440200,5.674310151814379,6.141901492892397,396806.7425219154,7.743645671119368
1440300,5.674418044553119,6.142061553966956,396815.51890627184,7.743772337597918
1440400,5.674560758474835,6.142185580417063,396823.81307645893,7.74391694071234
1440500,5.674698505910083,6.142281740413927,396832.8657445381,7.744071797131208
1440600,5.6748314559935515,6.142437296986774,396841.64033271343,7.7442501771842664
1440700,5.674964862114175,6.142543165682286,396849.8318162212,7.744391529747228
1440800,5.675074003778075,6.142649965069874,396858.0456763479,7.744492882227597
1440900,5.67520256158207,6.142751921104869,396866.33642781526,7.744659328510076
1441000,5.675334442715465,6.142911408777215,396875.9404925284,7.7448358893147615
1441100,5.675454123846474,6.1430694715015965,396884.9612552693,7.744945629769643
1441200,5.675587470719186,6.143211563340239,396893.0881476873,7.745124884689401
1441300,5.675707184831601,6.143333748809604,396901.676356577,7.7452179089697495
1441400,5.67583416556974,6.143516487853998,396910.8308044925,7.74534947357904
1441500,5.675955540355102,6.143696693613627,396920.0840434429,7.745558429950509
1441600,5.676061577534159,6.143826823481019,396928.06832020753,7.745647627894661
1441700,5.6761688861195765,6.143929799517465,396937.26135146135,7.7458029842674945
1441800,5.676289056491944,6.144064369363973,396946.79337243753,7.745931548203735
1441900,5.676428049222924,6.144244270317161,396955.9147923658,7.746119970310017
1442000,5.676544848166692,6.144360621684174,396963.7891977623,7.746251400671478
1442100,5.676656727496295,6.144475166222899,396973.2456909589,7.746379167916927
1442200,5.676785412713482,6.144583721310829,396982.23454762134,7.746504143184458
1442300,5.676924282822098,6.1446922137884075,396991.1448648759,7.746594924040229
1442400,5.6770396885586445,6.14483768354278,397000.7942983362,7.746773969420369
1442500,5.6771810645181695,6.144962305981682,397010.01473289204,7.746916939928605
1442600,5.677288970909391,6.145098484722675,397019.1613727931,7.7470179798499235
1442700,5.677414484067235,6.145209983069621,397028.4016918706,7.747111924659535
1442800,5.677535043486219,6.145306978437206,397037.51995077403,7.747235780880761
1442900,5.677672073588272,6.145463306453076,397046.6881143779,7.74744334054296
1443000,5.677775797030527,6.145594437075608,397055.4627245145,7.74760709243737
1443100,5.677885076219731,6.145761758093666,397064.5709065881,7.7477102037163865
1443200,5.678001106301812,6.1459335631685255,397073.98759556987,7.7478866383508675
1443300,5.6781488906089255,6.146094832078521,397082.7179029298,7.748005107715076
1443400,5.67825207622602,6.146204364472375,397091.0195540875,7.7482127648815275
1443500,5.678372367850393,6.146373125232338,397099.0690532788,7.748354201115731
1443600,5.678505034128077,6.146507792406464,397108.44675415254,7.748534235152604
1443700,5.678621819384053,6.146614996114906,397117.2495214775,7.748647130116836
1443800,5.6787689007833855,6.146722143031996,397126.42211536894,7.7487722819199645
1443900,5.678879920849881,6.1468629871056955,397134.486977581,7.748946724325436
1444000,5.6789976393062265,6.147043698931403,397142.4230703021,7.749064077049995
1444100,5.679113443818883,6.1471436977405824,397151.4016190778,7.74924310799113
1444200,5.679222287800404,6.1472462962744725,397160.0487702,7.749418905023419
1444300,5.679337934653417,6.1473728881445275,397168.4646048128,7.749548487218598
1444400,5.679467513004555,6.147543208288167,397176.4620475497,7.749737945846135
1444500,5.679579711007579,6.147656361490259,397185.356402863,7.749934068637859
1444600,5.679694300752754,6.147760188898156,397194.8756496943,7.750105079715656
1444700,5.6798291693629235,6.147870235490205,397202.8514085553,7.750194674030779
1444800,5.6799372840955815,6.14802263256412,397210.73243192345,7.7503494309242
1444900,5.680045309324787,6.148171248300822,397218.8251586722,7.750554505713069
1445000,5.680185980828444,6.148273798058574,397227.40394442197,7.750678474776911
1445100,5.680291428369654,6.148453356429475,397235.6794328946,7.750825335213072
1445200,5.680421496143931,6.148588249467725,397244.36132613564,7.7509315402953005
1445300,5.680547815099617,6.148761553273634,397253.3506768415,7.751125254078647
1445400,5.680658235745169,6.148879621737466,397261.19465245825,7.751324596756538
1445500,5.680790456721162,6.149021555647433,397269.6674302819,7.751532517217937
1445600,5.680933596315782,6.149187162849141,397279.3599950721,7.751702690407862
1445700,5.681058457025615,6.1493390494211955,397287.59437101654,7.7518785546345725
1445800,5.681187964130901,6.149509768446008,397296.0463032299,7.752065154542785
1445900,5.6813138006790025,6.149605454180989,397304.1425507276,7.752201156852466
1446000,5.6814206993498155,6.149728520920566,397313.5236238328,7.752395359853634
1446100,5.681561439645743,6.149821645988414,397321.8951728762,7.752487168528233
1446200,5.681705717795767,6.149951903222389,397331.2027068391,7.752591010190618
1446300,5.68181052810103,6.150060161054369,397340.1651406204,7.752717560349838
1446400,5.681933474948969,6.150158013282187,397349.14547440666,7.752844562329456
1446500,5.682041522075596,6.150304153278529,397358.09056850575,7.752957579804607
1446600,5.682166539030017,6.1504852949803865,397367.4428730772,7.753088536681456
1446700,5.682272754492857,6.150663768185263,397376.04987673607,7.753204186959208
1446800,5.6823941836681255,6.150782986816004,397385.69169295917,7.753320314551385
1446900,5.68251248437302,6.150907882695642,397395.3197997457,7.753477157339962
1447000,5.682657527208657,6.151045982597569,397404.93340217596,7.7536421338658315
1447100,5.682782964242528,6.151180568535472,397412.7151546907,7.753847671388562
1447200,5.682894652834319,6.151354585737507,397421.6650036685,7.754038747331654
1447300,5.683016472747125,6.151464892279898,397430.23906936595,7.754178649744905
1447400,5.683138681262001,6.151610239985985,397438.2448989022,7.754275621169092
1447500,5.683270867004178,6.151727570335821,397446.8663141749,7.754474258340968
1447600,5.683394631427503,6.1518705566088405,397455.9330979062,7.754571196853022
1447700,5.683505159076382,6.152045965535909,397465.0949381858,7.754684735039373
1447800,5.683612286027338,6.152222947587525,397474.0470315365,7.75484565076518
1447900,5.683734458897681,6.152344905435527,397482.01991425094,7.754971678533579
1448000,5.683845017690966,6.15246710327672,397489.912925208,7.755172582246365
1448100,5.68398266227378,6.152635944214057,397499.2896689992,7.755345098846839
1448200,5.684085809883611,6.1527932563471435,397508.10822192306,7.755456355503042
1448300,5.684190807138567,6.1529313173947555,397516.6759607417,7.755660461904288
1448400,5.684301223299681,6.1530519706662075,397524.77819155215,7.755830123468141
1448500,5.6844132676392265,6.153180344561679,397532.7573634223,7.755996036704003
1448600,5.684517838842537,6.153305122151812,397540.6488293137,7.756103693646757
1448700,5.684657971460212,6.1534006312968135,397548.87992462574,7.75626533243116
1448800,5.684804286971211,6.153511061280994,397557.836952001,7.756400880261596
1448900,5.684913598941502,6.153604384970412,397567.4242582416,7.756571751411413
1449000,5.68503681290436,6.15372377378574,397577.04012947995,7.756756701346859
1449100,5.6851770618451996,6.153841594310949,397585.8170121265,7.756955607108824
1449200,5.685312085453631,6.153937701115471,397594.7724318069,7.757076073759634
1449300,5.685424055071837,6.154063627469719,397604.2034989449,7.757276630522372
1449400,5.68552629576845,6.154178278538366,397613.80290627526,7.757411653312205
1449500,5.685638809450863,6.154296477931373,397622.4828020588,7.7576007142822965
1449600,5.685746761701044,6.154418765527008,397631.40147857775,7.757793313245531
1449700,5.685891396363684,6.154596541172126,397640.27016702504,7.757993683076888
1449800,5.6860114749189,6.154742737243137,397649.83786102023,7.7580953111280175
1449900,5.686116404575049,6.154888997880834,397658.56859188067,7.758291399251899
1450000,5.6862323955660505,6.155026073185812,397667.1858198725,7.758483425816114
1450100,5.686366994062881,6.155199251646195,397675.83366276656,7.758603665452102
1450200,5.686501337221536,6.1553156277014125,397685.08328762266,7.75879309921546
1450300,5.686622816829211,6.1554782244427715,397694.51098833006,7.7589763753569745
1450400,5.68676533190655,6.1555901494047145,397703.14770579134,7.7591363523893495
1450500,5.686894068926297,6.155692281297969,397711.4491134537,7.759230340030577
1450600,5.687038333522592,6.155844919289605,397720.96949744975,7.75940216712942
1450700,5.687165408143212,6.156015137271516,397729.3142342541,7.759541070401428
1450800,5.687290515912941,6.1561330576194555,397738.034686067,7.759673091909571
1450900,5.687424003737034,6.156229296403467,397746.4341980407,7.759875905637368
1451000,5.687553822866397,6.156380620161739,397755.8928095277,7.7600362744893365
1451100,5.687666433530583,6.156556627170325,397764.5678168773,7.760131575818401
1451200,5.687774082702643,6.156720818041305,397772.34017570206,7.76026388740703
1451300,5.687909016828962,6.156825505736553,397781.6630921689,7.760400644999468
1451400,5.688021158577129,6.156925994626015,397789.5265757531,7.760503162143722
1451500,5.688142484541692,6.157022566570606,397798.61493709066,7.760617999708356
1451600,5.688259700206816,6.157190116563967,397807.4953452185,7.760798505785163
1451700,5.688388883446315,6.157335989498979,397816.9853053835,7.760947030904447
1451800,5.688508733518774,6.157457837091591,397826.22485182894,7.761147951655886
1451900,5.688633921648558,6.15761419850996,397835.1762532974,7.761302113785722
1452000,5.688735959373663,6.15777391486234,397843.49951891584,7.761483332106834
1452100,5.688868544971157,6.157943135056919,397851.8722110248,7.76163621551959
1452200,5.688998351561363,6.1581183188566255,397860.6419161933,7.761730262691769
1452300,5.6891051592248,6.1582940206968235,397868.5995533613,7.761896527746729
1452400,5.689232889108904,6.158449298742639,397877.2361825159,7.762035267241893
1452500,5.689354671894913,6.158558976762834,397886.03447440825,7.762190167510354
1452600,5.689476634543627,6.158677347373472,397895.32925552083,7.762374646726963
1452700,5.689616023583356,6.158774968520664,397904.44161715324,7.762488066266421
1452800,5.689742392430289,6.1588965687173,397912.5493963787,7.762645668616297
1452900,5.6898827705731225,6.159015374883147,397920.38402698195,7.762851653079405
1453000,5.689997345384368,6.159138641758017,397928.3242210199,7.762971472231517
1453100,5.690098074321091,6.159257719770578,397936.9048548629,7.763174925213801
1453200,5.6902251849626495,6.159373095022391,397944.56164058467,7.763306066897019
1453300,5.690367905614995,6.159526366056654,397952.6094690768,7.763426447061531
1453400,5.690489825825658,6.1596594292955125,397960.5015257671,7.763619181399227
1453500,5.690627056116451,6.159794433192005,397969.042443542,7.7637074866852
1453600,5.690756371999558,6.159919227395237,397976.7514592611,7.763861895127399
1453700,5.690873695734818,6.160078306584163,397985.1338064664,7.764029962057155
1453800,5.6909921359218805,6.16017711991239,397992.9290364946,7.764191931485823
1453900,5.691105571481524,6.160319889688661,398002.0303227747,7.764324021356529
1454000,5.691242514970799,6.1604599920197884,398010.1117426962,7.7645230576499324
1454100,5.6913565724260184,6.1605814338420535,398018.7069885666,7.764638701914931
1454200,5.691463593951621,6.160679867264592,398026.55633178167,7.764820028327687
1454300,5.691597476573815,6.1608481176642345,398035.0662332776,7.764922342880789
1454400,5.691703072469495,6.161011625677147,398043.001872936,7.7650155630987925
1454500,5.691839304181428,6.16113069762863,398052.4135777327,7.765186618867242
1454600,5.691946726767799,6.161221635483125,398061.79652769386,7.765323966081558
1454700,5.69205721186847,6.16133419548294,398070.26813498395,7.765477117479749
1454800,5.692196264775884,6.16149617316632,398078.84192485985,7.765570266739083
1454900,5.692336462308499,6.161625747178507,398087.1543914605,7.765670356425162
1455000,5.6924667372792115,6.16174150626438,398095.8863146087,7.7658207829112555
1455100,5.692574341772535,6.161914342317873,398103.9858887375,7.76595722009209
1455200,5.692680047252125,6.162005973108993,398113.23176609876,7.766110175185262
1455300,5.692817924047418,6.1621229036713725,398122.56434074225,7.766200363195376
1455400,5.692954689909218,6.162242949653991,398131.8182774344,7.766320526508856
1455500,5.693085924968278,6.162419575792536,398139.87200203206,7.766453584624491
1455600,5.693195735657631,6.162524903548552,398147.87478402845,7.766595132757072
1455700,5.693306288063197,6.1626504789178425,398155.67377731117,7.766752643887229
1455800,5.693412409050317,6.162749432033321,398163.3602824439,7.766866383925949
1455900,5.693551779365747,6.162869931889905,398170.97604469204,7.767028673492049
1456000,5.693680448165178,6.163021150051316,398178.6518348086,7.767177871435829
1456100,5.693796108619438,6.16311254376834,398186.7594123558,7.7672687333625
1456200,5.693896830978922,6.163235695558826,398195.33976464975,7.767456009286687
1456300,5.694036560593311,6.163327780574291,398203.8801862313,7.767555442981885
1456400,5.694179963672126,6.1634547714598975,398212.48966547655,7.767722450575899
1456500,5.694296883081593,6.163581780579006,398220.2343801134,7.767851850140247
1456600,5.694412007796455,6.16368760503632,398228.1056878639,7.767960866233141
1456700,5.694535459392798,6.163802661081536,398236.4104438778,7.768164484145476
1456800,5.694637137549249,6.163966743218364,398244.23314250656,7.768310985941755
1456900,5.6947541110732764,6.164093593277525,398253.51518980594,7.768477247212136
1457000,5.694861171076246,6.164210271601515,398262.9423108544,7.768599860413598
1457100,5.6949846417201595,6.164311041082647,398272.0910308666,7.768739211285351
1457200,5.695115035732422,6.164460794276133,398280.9226255473,7.768824480509044
1457300,5.695248092302598,6.164629972232346,398288.90821649716,7.768922746148695
1457400,5.695368574008978,6.16478783287791,398297.498749556,7.769070969575195
1457500,5.695503582335218,6.1648982722475,398305.72419728036,7.769235506418043
1457600,5.695625411976638,6.165044217049735,398313.65747199603,7.769351387243743
1457700,5.695725669105871,6.16521764322835,398322.74555501476,7.769469734443683
1457800,5.695836656336281,6.165369924890053,398331.1502894835,7.769670546367663
1457900,5.695965330366844,6.165516508699789,398339.05271517526,7.769859654256757
1458000,5.696074281932854,6.165658869020756,398346.6887449198,7.770023902856388
1458100,5.696201964746171,6.165805008108291,398355.6255953945,7.770190132355997
1458200,5.696330219694724,6.165937676537675,398365.0309913709,7.770380445314848
1458300,5.696466215509817,6.166026795207898,398372.7382876175,7.770533549896963
1458400,5.696580230200556,6.166123690793384,398381.98979389353,7.770650845504869
1458500,5.6966950434993535,6.166240315169357,398390.6303134097,7.770736230370819
1458600,5.696835405001676,6.16635080750825,398399.1514157061,7.770844193892437
1458700,5.69693907501579,6.166472799360419,398408.20874780597,7.770945837896179
1458800,5.697074735398113,6.166646392928871,398416.64076381124,7.7711199547075065
1458900,5.697213852911573,6.166752989947062,398424.7496464875,7.771284140456219
1459000,5.697331156970613,6.16689476837124,398432.97623108455,7.771434091702745
1459100,5.697445910945966,6.167007291610663,398441.74945194955,7.771553484375988
1459200,5.697556099699415,6.16718208089723,398449.41296808864,7.77166038058147
1459300,5.697676516485163,6.167274589553,398458.6528649307,7.771816160689585
1459400,5.697776327151164,6.167389133863934,398467.0910365153,7.7719109418617
1459500,5.69790167435052,6.167486315307818,398475.08123168274,7.77206668236734
1459600,5.698043721242945,6.167652780506388,398483.19522812037,7.772174453722733
1459700,5.698171213222938,6.167792489866929,398490.96304816124,7.772258703497547
1459800,5.698308857845662,6.167926503077144,398498.990491979,7.772433339775261
1459900,5.69843234418733,6.168076053348594,398508.0797726871,7.772546540095071
1460000,5.698562316851378,6.168223185116047,398517.3147746323,7.77274900907922
1460100,5.6986997108085875,6.168331066108757,398525.722857909,7.772908130309572
1460200,5.698829649096087,6.168442755401508,398533.5729349758,7.77304834024883
1460300,5.698971543428829,6.168596024304774,398542.7828769731,7.773155365495507
1460400,5.699080776435055,6.168754783114109,398551.96325337497,7.773247146736296
1460500,5.699202217030805,6.168907085085344,398560.23002516094,7.773434173464495
1460600,5.699323334015085,6.169047304739896,398568.16551120504,7.773519854879554
1460700,5.6994412713872284,6.169137916009718,398576.3885564413,7.773606850790019
1460800,5.699551923887773,6.1692580228085525,398584.2174915742,7.773705470639015
1460900,5.699661007903398,6.169353870377713,398593.0402388683,7.7738947120651645
1461000,5.699799982831934,6.169447737304002,398602.1068023353,7.7740163351559985
1461100,5.699909246967743,6.16953963484281,398610.163354922,7.774170889172214
1461200,5.700026899201526,6.16970531002886,398618.19817696675,7.77429272222976
1461300,5.700163252014069,6.169817936825654,398627.52899536974,7.7744711761289516
1461400,5.70029838672218,6.169990459662613,398635.7666717973,7.774575406617199
1461500,5.700427693394027,6.170139518674179,398643.3653946381,7.774679942399299
1461600,5.700545804544459,6.170299352050954,398652.37232344976,7.774767385605659
1461700,5.700662167910859,6.170430467566667,398661.37098885037,7.774910624516107
1461800,5.700791652362017,6.17052073440964,398669.13689814653,7.775059803542693
1461900,5.700896907145125,6.170611195277188,398678.40129497007,7.77516216023618
1462000,5.701039029943629,6.170761268069446,398686.5683951951,7.775246673387232
1462100,5.701147865614633,6.170892323263085,398695.4812785229,7.7754013333813194
1462200,5.701251071299122,6.171017450134233,398703.7668754936,7.775558679055414
1462300,5.701372772574686,6.171177508986961,398711.4023008894,7.775739315551006
1462400,5.701490676920455,6.171347186522204,398720.6360739956,7.7758898900377655
1462500,5.701614180714636,6.171506528476247,398729.50694882014,7.776077480183759
1462600,5.701739754788232,6.171651979373992,398738.1975761625,7.776245200941492
1462700,5.70186832158439,6.171785671344588,398746.2422840826,7.776345823266267
1462800,5.702008586608983,6.171913193368031,398754.80839735636,7.776485751011173
1462900,5.702138394512745,6.172058990026149,398762.9085400006,7.7766812217347425
1463000,5.702265806951173,6.172155989545734,398770.4637717555,7.77684548124724
1463100,5.702395597395222,6.172270779747099,398779.6503565917,7.7769646508032935
1463200,5.702503903097388,6.172408600718745,398787.1990774872,7.777162665548459
1463300,5.702643126999528,6.172505520744213,398794.9458048887,7.7773365910806636
1463400,5.702759733273001,6.172625799436946,398802.98397887475,7.777441695283265
1463500,5.702898408847003,6.172746241492106,398811.4043556898,7.777589880286757
1463600,5.703026952931121,6.172917484728414,398819.79404735134,7.777746865382161
1463700,5.703138559003752,6.173039004867576,398829.02560014307,7.7778589523261825
1463800,5.70323954359644,6.173208128052584,398836.9872995535,7.7780112217007895
1463900,5.703340146684834,6.173369569732869,398845.35810522514,7.778143183583121
1464000,5.70347673572021,6.173509463599457,398853.76784077607,7.778285690012127
1464100,5.70358376498264,6.173601096932346,398863.0589220202,7.7784314518815965
1464200,5.7036896234941326,6.173754373008695,398870.7375871372,7.778560058336552
1464300,5.703828081602216,6.173871893236726,398878.9119738125,7.778742529450914
1464400,5.7039562823878605,6.173974485590479,398886.8761804415,7.7788582598295495
1464500,5.704072534235541,6.17414315286784,398894.7019933873,7.779032401153466
1464600,5.704205483470739,6.174256054274202,398902.5836781672,7.779157187446898
1464700,5.70432806291346,6.174393456521679,398911.8640666448,7.779313499970436
1464800,5.704434649359001,6.174547432900526,398919.6069030027,7.779404895733479
1464900,5.7045550598855845,6.174660690863074,398928.63883564726,7.7795076254346
1465000,5.704672429342313,6.174810724379856,398937.0993748645,7.779625180377464
1465100,5.704810268858774,6.1749716666125956,398944.90307198296,7.779711560380376
1465200,5.704918266900905,6.175078530958762,398952.38504894904,7.7798195893422895
1465300,5.70504932311129,6.17522011496126,398960.04570838646,7.779984121029131
1465400,5.705175556491866,6.175335360383946,398968.0761628103,7.780161418859172
1465500,5.705305552345734,6.175506856536513,398977.13415098324,7.780332217219546
1465600,5.705444967975822,6.175667621590276,398986.20814363373,7.780454963434079
1465700,5.705548909467613,6.175820191430176,398993.8238748456,7.7806214981288635
1465800,5.705666627098579,6.1759196712947935,399002.687680113,7.780728723088763
1465900,5.705789417317234,6.17603187277376,399010.2383928694,7.780826315422819
1466000,5.705924827492759,6.176143054835558,399018.2896377521,7.780942815525814
1466100,5.706029233512221,6.176285896037207,399026.35556006443,7.78104424182429
1466200,5.706128938842553,6.17645165641844,399035.06568325317,7.781152245574416
1466300,5.70626701512032,6.176566060825053,399043.302293453,7.781302706579495
1466400,5.706381451988836,6.1767287743827,399051.9618164318,7.781421853479766
1466500,5.706498137775868,6.176856504168791,399060.3734997218,7.78150928501098
1466600,5.706610809090958,6.176999798336873,399068.4166401493,7.781707215791654
1466700,5.706742556564068,6.177169102444623,399077.1956968267,7.7818730991791085
1466800,5.706877390705021,6.1773302203765335,399085.3273462135,7.782009666419158
1466900,5.707014043001381,6.177428763653835,399093.3426641236,7.782155753216674
1467000,5.7071321902943355,6.177532139735126,399101.7508115036,7.782275274146866
1467100,5.707244425224801,6.177702993179142,399109.65661711217,7.782442423704267
1467200,5.707362319615823,6.177853330822244,399117.8543829759,7.782604034745767
1467300,5.7074682615940295,6.177990886315796,399126.9966349142,7.782769062560052
1467400,5.707567417866278,6.178096873002945,399134.7141171457,7.7828567697373074
1467500,5.707684450271308,6.178206366998212,399143.9110606083,7.783035211856061
1467600,5.707797337469511,6.178372314395426,399151.9470060355,7.783187145799488
1467700,5.707931854437047,6.178474632802846,399160.46665590286,7.783357680903036
1467800,5.708044893515503,6.1786104873534615,399169.5329491056,7.783518562399896
1467900,5.7081555040540755,6.178698274995827,399177.5409431477,7.7836923347126845
1468000,5.708274473631429,6.178854421457215,399185.6990648324,7.783821004705039
1468100,5.70838804774288,6.178970657584669,399193.7410167404,7.7839068716152
1468200,5.708522323198479,6.179074979839835,399202.42764069675,7.783989957578919
1468300,5.708640927767794,6.179221033979344,399211.4044047652,7.784148908981285
1468400,5.708750347713118,6.17933987915525,399220.3704659031,7.78433966677172
1468500,5.708876320571952,6.179456224044004,399229.14302021073,7.784501589553974
1468600,5.709008749864364,6.179598325298616,399236.8650868318,7.784603670879668
1468700,5.7091390128233686,6.179747467270738,399245.01566502877,7.784777307913054
1468800,5.709277099469741,6.179893331276432,399252.4588496148,7.784917484335296
1468900,5.709385131923304,6.180014152129765,399261.42949205276,7.7850382679122845
1469000,5.709490843014969,6.180160410476134,399270.3824504759,7.785235057274019
1469100,5.7096144169828875,6.180307786772432,399278.93242079706,7.785413005475229
1469200,5.709753154916227,6.180469726781584,399286.9089038412,7.785504452198961
1469300,5.70985915463035,6.1806070574971805,399294.65616582235,7.785606653790378
1469400,5.7099854251343185,6.180763822516759,399302.66819666326,7.785795892305025
1469500,5.710100153027707,6.180893004847813,399311.86853654403,7.785908865496335
1469600,5.7102150493883475,6.18104484694578,399320.6039287376,7.78602624541551
1469700,5.710327614959714,6.181142026681771,399328.5119964607,7.786196738635373
1469800,5.710430758125962,6.181279455362227,399337.3015129798,7.786326096365701
1469900,5.7105482385876485,6.18144307391239,399345.8606872812,7.786480752296895
1470000,5.710674797191761,6.181571089221765,399353.653501399,7.786582786784821
1470100,5.710804422535454,6.181742413132294,399361.34744966665,7.786728009373977
1470200,5.710940907371508,6.181914064006561,399368.8826792121,7.786881769585873
1470300,5.711063683422003,6.182014214940509,399377.16149161226,7.7870700714698415
1470400,5.711172523324398,6.182149590218591,399384.9540813631,7.787256337008929
1470500,5.711300475934902,6.1822914949661,399392.92607046326,7.787431716371353
1470600,5.711436730728288,6.182458010372834,399400.7341258111,7.787608686350859
1470700,5.711561209723415,6.182577030739354,399409.8373313852,7.787794072965023
1470800,5.711693383327819,6.182704392684569,399418.3489994219,7.787875633405666
1470900,5.711817277868314,6.182851296612913,399427.23980236816,7.788029086683111
1471000,5.711934308107629,6.1829663221742885,399434.7108176692,7.78814493637983
1471100,5.712049173543815,6.183134819298605,399442.9669752164,7.788308670887263
1471200,5.712179760582968,6.183305377026638,399452.0749129255,7.788451774834203
1471300,5.712316813067962,6.183454541062148,399459.6976076868,7.7885337468984615
1471400,5.712431313695081,6.183600558981158,399467.11313861224,7.788719870178244
1471500,5.712549815626431,6.183771572133199,399474.7650622396,7.7888940469340975
1471600,5.7126651422585715,6.183929186477793,399482.75590250397,7.78903649663507
1471700,5.712799000409037,6.184095439213871,399490.2313570928,7.789147779341946
1471800,5.712924671604556,6.184197868715561,399498.96588911733,7.789269966572268
1471900,5.71304394140345,6.184359235544398,399506.7052518808,7.789424578266464
1472000,5.713141854373121,6.184491705453238,399515.7494140968,7.789564913316145
1472100,5.7132404606990175,6.184661444538327,399524.71564859734,7.78976283527207
1472200,5.71336402624019,6.184751426903065,399533.8671146795,7.789944277806468
1472300,5.713470095837872,6.18486911952202,399542.07609886315,7.790111561523542
1472400,5.713575022876921,6.185020811538836,399550.8144181983,7.790237505578719
1472500,5.713693850794949,6.1851249938216,399558.4529479611,7.79033861089499
1472600,5.713798046216468,6.185275138692039,399567.00339584745,7.790493367212145
1472700,5.7139041840167435,6.185368438656151,399575.29174089886,7.790689218599296
1472800,5.7140101559787135,6.185464427675813,399583.1175087009,7.790864161691691
1472900,5.714113330138492,6.185577203073583,399590.57051651995,7.791048865292309
1473000,5.714220748751202,6.1857245180001685,399598.03967212385,7.791142154626821
1473100,5.714355109034095,6.185879690997844,399605.8222745643,7.791270545373796
1473200,5.714481154258294,6.186046973710402,399614.3070510326,7.791424513962026
1473300,5.7145941433272665,6.186136031464072,399622.64421427465,7.7915412345975215
1473400,5.714728306140412,6.186246956638293,399630.44662042864,7.79173312191141
1473500,5.714848273218646,6.186413293922009,399638.0079902313,7.791888603077022
1473600,5.7149706772609825,6.186504129675936,399647.07426754304,7.79198275258329
1473700,5.715085104889871,6.186618403999928,399655.3818278884,7.792084936281197
1473800,5.715218224280371,6.18671470137329,399662.8905712904,7.79219585391943
1473900,5.715338409046514,6.186844051876331,399671.6035440317,7.792305483426413
1474000,5.715456348626646,6.187010163470851,399680.4665826198,7.792493832460441
1474100,5.715569050157841,6.187162649679512,399688.25250084756,7.792636682658597
1474200,5.715700366770815,6.187290615827159,399696.0539570346,7.792746841658538
1474300,5.7158084651254,6.187397210360589,399704.97380155005,7.792934446386931
1474400,5.715920075028352,6.187546956354938,399712.92272985174,7.793126959298621
1474500,5.716019202056008,6.187642592796034,399720.6161140233,7.793222769262261
1474600,5.716135772773075,6.187747289775194,399728.13704027457,7.793360615031727
1474700,5.7162435758416965,6.187838338404459,399736.2718494324,7.793554892605992
1474800,5.71635923346959,6.18795265356215,399744.7261465852,7.793681668021592
1474900,5.7164766330684085,6.188054629878327,399753.51815575414,7.79377391845258
1475000,5.716574453865743,6.188220833815646,399761.42746384814,7.793925338993537
1475100,5.7166984136812475,6.188356066962291,399769.4717614052,7.794064034232081
1475200,5.716804805077895,6.18847612098324,399776.82781010144,7.7941863353933245
1475300,5.716920438489758,6.188646025100803,399784.42249197763,7.794288922009977
1475400,5.717035890832712,6.188759658883007,399792.41953710536,7.794388777025603
1475500,5.717137318047143,6.18891422438231,399801.46613109333,7.7944830649503105
1475600,5.717243983649662,6.1890104249177105,399810.45750680484,7.794610188482237
1475700,5.717358426578963,6.18912929242816,399818.0713122526,7.794790543286513
1475800,5.717477846218835,6.189238350041297,399826.00725831697,7.794915220230661
1475900,5.717580214304738,6.189360857086179,399833.4572382744,7.795086820144885
1476000,5.7177019499086015,6.1894541368807845,399841.89970496227,7.795235864296137
1476100,5.7178127341101,6.18958894548028,399849.548423513,7.795396267014558
1476200,5.717919650638996,6.1897515450254765,399858.30165468587,7.795494382189307
1476300,5.718050352744703,6.189901093850207,399866.65213794756,7.795652960078489
1476400,5.718157396782783,6.1900420419920845,399875.56236303126,7.795831617255348
1476500,5.718282635244234,6.190155142178614,399883.7825122507,7.79595477855358
1476600,5.718412293401314,6.190309732777877,399891.994602176,7.796115868064268
1476700,5.71851607565603,6.190433862697148,399899.3902696053,7.796304720254172
1476800,5.718623130970746,6.190532784636051,399906.9399219334,7.796478108558249
1476900,5.718734684269502,6.190685663824219,399914.6918195733,7.7966569627912605
1477000,5.718847303016767,6.190840544688186,399923.2785006565,7.796742776728357
1477100,5.718954274352547,6.191003058998237,399931.97529504384,7.7969289345715325
1477200,5.719061893446242,6.191102293851617,399939.6914436653,7.797054221003669
1477300,5.719175505692776,6.191205328129467,399948.07397335884,7.797159164475298
1477400,5.7192943757634165,6.191370544540417,399956.7086150219,7.797344760282464
1477500,5.719418557433884,6.1914982125182885,399964.0910037193,7.797522735178773
1477600,5.719543442017773,6.191605774292157,399972.5710171383,7.797702182149881
1477700,5.719662691724527,6.191724286864402,399981.40674434236,7.797796983504379
1477800,5.719771461270138,6.191848654908266,399989.73230721685,7.797934933877655
1477900,5.719880956526858,6.191934036722191,399998.6911350549,7.798126256428734
1478000,5.720003786773549,6.1920988246230095,400007.31725682644,7.7982876827483505
1478100,5.720099192859803,6.192208119025734,400016.06886830134,7.798449486442712
1478200,5.720229981404694,6.192350097017933,400024.70391922665,7.7985883930389
1478300,5.720325738117051,6.192453652789863,400033.40563727036,7.798772605030718
1478400,5.720460914562635,6.1925398741253765,400041.73617960536,7.7988667394565745
1478500,5.720589472609236,6.192704279497664,400050.6211635622,7.799005686403714
1478600,5.7207133811071404,6.192858355634861,400058.6259630258,7.799124314582049
1478700,5.72083318863943,6.193018518811224,400067.5252346569,7.7992312717558345
1478800,5.720937120032476,6.193135386610671,400076.4535712048,7.799399746399205
1478900,5.721037874938408,6.193270128392994,400084.32372657204,7.799509029581858
1479000,5.721151669018622,6.193357588415413,400092.690247648,7.799680111879481
1479100,5.721249886900567,6.1934822059324635,400100.1696155123,7.799786607034671
1479200,5.721352746297538,6.193604167818643,400108.12807764276,7.799930758124875
1479300,5.721488434369316,6.193735939717684,400116.3817913911,7.800078843719093
1479400,5.721586789038737,6.193883247123553,400125.2686285671,7.800204326530385
1479500,5.721690074480367,6.194023850756305,400134.27688738814,7.800353288346527
1479600,5.721810139863958,6.194132231860609,400143.2483906781,7.800472398908471
1479700,5.721932735008171,6.194245662243357,400151.93853500055,7.800634777635213
1479800,5.722060636274183,6.194395197193387,400160.4498965325,7.8007596538627295
1479900,5.722157963720551,6.1945413747172235,400167.7557185077,7.8009175422419865
1480000,5.722257461913726,6.194670077344469,400176.0605800291,7.801103411739812
1480100,5.722386301858624,6.194794131180621,400184.3302238266,7.801190596894362
1480200,5.722490307552701,6.194903211760505,400191.9496582485,7.8013370530210615
1480300,5.722617494396982,6.195028880786881,400199.67952179286,7.801466611754218
1480400,5.722732270649348,6.195189072540663,400206.9695215522,7.801645434599062
1480500,5.722832765237148,6.195344661593055,400215.79608275724,7.801799386720585
1480600,5.722967973072562,6.195497970466998,400223.99529315834,7.801972476283382
1480700,5.72308164607261,6.195594908779703,400231.7056717575,7.802064292210173
1480800,5.723207470721517,6.195707584463364,400239.6067031297,7.802170343880487
1480900,5.723314807178898,6.1958162721282095,400248.1662046146,7.802297442267924
1481000,5.723447756724943,6.195902924460536,400257.11419184797,7.802452018564479
1481100,5.723571494760085,6.196067900017086,400264.34462131374,7.802536958840874
1481200,5.723688978069318,6.196192194302914,400273.2301919455,7.8026592966754516
1481300,5.723801596089471,6.196352724078285,400281.62405957526,7.802852280320317
1481400,5.723927090256764,6.196474119498011,400290.27546147606,7.803018538198561
1481500,5.7240247727172955,6.196602344559431,400298.86564737954,7.80320442489461
1481600,5.72414034990732,6.196726821726623,400307.29055623803,7.8033216256430125
1481700,5.724266991205632,6.196856680966328,400315.4233379275,7.8034089050007855
1481800,5.7243716299598155,6.196996983150809,400323.7540665458,7.803496987351998
1481900,5.724488547277142,6.1971505539674965,400331.28911462013,7.803598817247243
1482000,5.724608653306947,6.1972425004834,400339.0889435202,7.803757064392581
1482100,5.72471210168969,6.19736036398383,400347.96884066577,7.8038690045370736
1482200,5.724824063764156,6.197472997908314,400355.4946982149,7.804016257660298
1482300,5.724942378870416,6.1976140172850505,400363.3764349472,7.804157879445743
1482400,5.725045271625718,6.19770587107426,400371.1877532687,7.804295361303739
1482500,5.725149243745932,6.197827690676159,400379.9574160939,7.804478457187286
1482600,5.725258603248503,6.197965004102365,400387.5598941265,7.80463358567986
1482700,5.725374489075257,6.198104189084512,400396.3140366997,7.804755356729714
1482800,5.725477318748591,6.198245122758392,400403.9006581741,7.804928301479659
1482900,5.725604895714034,6.198388015468004,400412.7540211417,7.805046163229167
1483000,5.725736311315173,6.198497916607124,400421.6502099342,7.805230161448371
1483100,5.72586344023149,6.198592906209869,400429.61964251247,7.805392652446737
1483200,5.725991883338691,6.198703883197453,400437.5354528227,7.805487906516482
1483300,5.726109379360482,6.198809368495227,400444.95336229075,7.805598427021994
1483400,5.7262139906329965,6.198909375583211,400452.3923194516,7.805702410649692
1483500,5.726346784831413,6.199038434169344,400460.97270319733,7.805875251368638
1483600,5.726469822091805,6.199180239852448,400468.5812745375,7.805957619783543
1483700,5.726573487311106,6.199278430106154,400477.44073196483,7.806139986433992
1483800,5.7266777661465875,6.199384407302294,400485.51286684576,7.806331293201626
1483900,5.726795061939653,6.199471609991207,400493.2264412379,7.806508674857193
1484000,5.726897632478618,6.199574620143511,400500.65981394576,7.806644333607393
1484100,5.72702602869294,6.199738743637557,400508.21541555406,7.806778644142151
1484200,5.7271500584330015,6.199850655940896,400516.9502603499,7.806902978827568
1484300,5.7272441664799825,6.199938018179164,400524.27112366224,7.807083887452983
1484400,5.727343273515576,6.200031103296683,400532.3788224434,7.807239497635278
1484500,5.727440222939344,6.200117951040721,400540.8841826454,7.8074067144675805
1484600,5.727560268134199,6.200234011939191,400548.81167255715,7.807568771430747
1484700,5.727659953457651,6.200334058770273,400556.6928907987,7.807676417807926
1484800,5.727775283060785,6.200435759929985,400564.8466084251,7.807765638026204
1484900,5.7279027041795425,6.200594998481631,400573.39715886203,7.807935495033213
1485000,5.728034999732949,6.2007388525952045,400580.8851577575,7.808058553290113
1485100,5.728153820682461,6.200837870889693,400588.4164147214,7.8082245140655635
1485200,5.7282706988114525,6.200971955674468,400595.8916030758,7.808342970884987
1485300,5.72836883531911,6.201061975828936,400604.11142248585,7.808451012877249
1485400,5.728469401013107,6.201226280859691,400611.33862413873,7.808631793483139
1485500,5.72856635889793,6.201366014323953,400619.0122362179,7.808760006588648
1485600,5.728679291142366,6.2014772991757985,400627.05123913265,7.808873094107136
1485700,5.72879306772353,6.201592138680089,400634.60041495104,7.8089600761788756
1485800,5.728917288961998,6.201748464656058,400643.0963446797,7.809144697944023
1485900,5.7290157656604945,6.20189875480316,400650.9258039779,7.809329861991587
1486000,5.729135072777599,6.202040647443665,400659.66411642666,7.809419591966991
1486100,5.729264716880463,6.202154659072428,400668.41485376714,7.809523475980861
1486200,5.729397490780653,6.202238201086537,400677.2976801133,7.8096486319141
1486300,5.729513707429268,6.202393224366633,400685.29128061736,7.809749781978705
1486400,5.729610934768261,6.202558616035464,400693.38059263746,7.8098405600680465
1486500,5.729708161114424,6.2026849476008765,400701.9266741409,7.809965117351818
1486600,5.729807909903569,6.202834431108597,400709.0801757497,7.810088322673808
1486700,5.7299031435700325,6.202940363121483,400716.57798939524,7.810224934170109
1486800,5.730022991679809,6.203034242237998,400724.65896156314,7.810371193594794
1486900,5.730117447585484,6.203197596872025,400732.8188371365,7.8105332233745814
1487000,5.730242719835323,6.203306499564767,400739.95753381937,7.810710560166879
1487100,5.730347144438419,6.203465165602022,400748.10017448955,7.810826446077917
1487200,5.730464982963452,6.203573837485636,400755.39233932376,7.810916323782443
1487300,5.730563374589208,6.203719264960365,400763.57126183144,7.811028465585357
1487400,5.730687648013616,6.203835720099915,400772.2657109942,7.8111370209444395
1487500,5.730798831281104,6.203960440549267,400780.4049080307,7.8113096537568
1487600,5.730914730941848,6.204066404584922,400788.25622119894,7.811493478230549
1487700,5.731027058512674,6.204186583399626,400796.05336222344,7.811615317196194
1487800,5.731123994365125,6.204332625246918,400804.81630150013,7.811734272817378
1487900,5.731217488302327,6.204434607198917,400812.05520657,7.811871248366688
1488000,5.731315605521253,6.204552167649808,400820.54294624587,7.811961324256687
1488100,5.7314253772627755,6.20466860914932,400829.24538911245,7.812151515071206
1488200,5.731535660333067,6.204831474293209,400837.2816962104,7.812286100270529
1488300,5.73163796783986,6.204916283528016,400844.53171940375,7.812387141946469
1488400,5.731752771792714,6.2050486435032,400853.1457917294,7.8125589940999784
1488500,5.731883507149532,6.2051424219782145,400861.4565815401,7.8127138666259786
1488600,5.732006797446884,6.205263817178825,400869.8334699054,7.812879100100587
1488700,5.732100494541292,6.205403059013561,400877.4335158015,7.813051956139062
1488800,5.732199053290141,6.205509695205101,400886.1792947011,7.813218727700086
1488900,5.7323291655892685,6.205658642724831,400893.6973801461,7.81330143982533
1489000,5.732432674906524,6.205790079263202,400901.04165359144,7.813459174564689
1489100,5.732555269996057,6.205904848578605,400908.15733580454,7.813562224595314
1489200,5.73265083447051,6.205994523437797,400915.8484282446,7.8136896999060275
1489300,5.732777858245714,6.206110645851355,400923.78604533884,7.813774326974863
1489400,5.732890014470426,6.206234799021209,400931.70118830045,7.81391414948843
1489500,5.733019692062945,6.2063894718939725,400940.07628734113,7.8140934556764465
1489600,5.733132706526414,6.206475313271956,400948.1769027644,7.814173869597839
1489700,5.733229645631829,6.206621965191432,400955.265271378,7.814352084233341
1489800,5.7333552578475615,6.206785747171684,400962.942281329,7.814449739029891
1489900,5.733468610809485,6.2068777708504115,400970.7925999072,7.814600459891773
1490000,5.733567282833903,6.206992050769402,400978.2082381204,7.814767412992422
1490100,5.733689813484225,6.2070907184237525,400985.8231494311,7.814939710777037
1490200,5.733816763893356,6.207243722343202,400993.19651281316,7.815040343197209
1490300,5.733927327410536,6.207391601715874,401000.4219046512,7.815212228196408
1490400,5.73404705381213,6.207555430432813,401008.430382264,7.81530727027844
1490500,5.734151697661256,6.207658970704404,401017.03989701107,7.8154652372891755
1490600,5.7342768567627305,6.207768361061302,401024.79716991005,7.81562389060889
1490700,5.734382107935473,6.207870456718493,401032.8847351324,7.81577512758416
1490800,5.73450393160951,6.207999646577536,401041.2963423184,7.815914190052225
1490900,5.73462578762691,6.208141237546711,401048.9835656906,7.816029396167634
1491000,5.734740663756314,6.208295895965756,401057.52191720007,7.816182846314798
1491100,5.734840815875491,6.208406712868132,401065.7479999365,7.816353650156419
1491200,5.734961684403701,6.20850935820959,401072.9949186626,7.816468703090265
1491300,5.735076075658058,6.2086599645628375,401081.70157231024,7.816601042907273
1491400,5.735205797278453,6.208759459625208,401090.18481321994,7.816766053041061
1491500,5.73531418411385,6.208915021893432,401097.67388292716,7.8169264949002715
1491600,5.735423923882516,6.208999623412036,401105.5299196177,7.8171080743262324
1491700,5.735532547472518,6.209148777453499,401113.29362027784,7.8172107666221375
1491800,5.735632338629636,6.209261938072439,401121.3404399647,7.817337987768229
1491900,5.735747676860451,6.209373841638104,401129.387895253,7.817502677382266
1492000,5.735847698746985,6.209500891388846,401136.9830465471,7.817588004775088
1492100,5.735973329252968,6.209624197755873,401145.0517809622,7.8177157834126065
1492200,5.736095627991574,6.209747577627403,401152.9239990163,7.81780485065272
1492300,5.736192314695366,6.209889279370886,401160.6660018304,7.8179582118160305
1492400,5.73632304036337,6.2100469966503615,401168.2610893578,7.8181147051502755
1492500,5.736434576519971,6.210142078237549,401176.3625652901,7.818237321007748
1492600,5.736538098987024,6.210229584923093,401184.9227332698,7.818316486045424
1492700,5.736670249888075,6.2103717538595,401192.0067065688,7.8184796716235025
1492800,5.73678888766952,6.210454561728904,401199.88190565613,7.818616106799632
1492900,5.736913274539013,6.210544138676028,401206.9783518503,7.818708096527572
1493000,5.737019458131729,6.210658761061867,401215.2994061574,7.818801048389768
1493100,5.737126633009296,6.210819696910852,401222.48207631893,7.81893489277615
1493200,5.737221431456557,6.210913126340897,401230.6679605784,7.819078458172318
1493300,5.73734614145091,6.211059719023525,401238.9023194993,7.819158013117158
1493400,5.737465990997855,6.2111671780602125,401246.72292014625,7.819302831002243
1493500,5.737588911337069,6.2113160266106275,401254.22805979836,7.819469612921057
1493600,5.737688121357775,6.211477777516295,401261.9931899319,7.819628734512525
1493700,5.737789615503424,6.2116234551486516,401269.7589440532,7.819793690579671
1493800,5.737905022683308,6.211715393007567,401277.3738837486,7.8199027619291135
1493900,5.738032051538321,6.211841595757868,401286.08214199607,7.820065846982927
1494000,5.738133926715627,6.2120034986980395,401293.0855889995,7.820234350863527
1494100,5.7382318297998856,6.21215954745833,401301.19530887244,7.820334383224366
1494200,5.738336409566109,6.212247462219762,401309.73606677813,7.820489496946732
1494300,5.738431425840108,6.212368225709027,401316.9383355907,7.820604013222618
1494400,5.738528941090959,6.212499855397696,401324.3422501863,7.82077194044298
1494500,5.73863342393505,6.212641898226753,401332.79297596565,7.820884798176073
1494600,5.738732744149658,6.212758829407112,401341.06590108556,7.821059490065731
1494700,5.738842523002172,6.212868385539769,401348.54765768547,7.821217122057229
1494800,5.738960401466027,6.212974926085011,401356.1714187839,7.821388964476258
1494900,5.739082891592348,6.213113799992917,401363.4768806148,7.8215573242693655
1495000,5.73920105564751,6.213208588099791,401371.269440974,7.821676258585606
1495100,5.7392969609219255,6.213368447691638,401379.41496906156,7.82180823399672
1495200,5.739401681349667,6.213461259800516,401387.1500945954,7.821945537868456
1495300,5.739531598933171,6.21360956229754,401394.8053973588,7.822123439424652
1495400,5.739660577711425,6.213718873551522,401402.0659041788,7.822236060449113
1495500,5.739774629914335,6.213857858708986,401409.6723948172,7.822348954939366
1495600,5.739892652516261,6.213957387362851,401418.0093067695,7.822482390851278
1495700,5.739985521943288,6.2140743392077376,401426.6764129079,7.822612397308813
1495800,5.740102185551398,6.214216693962985,401434.40070473915,7.822711718347657
1495900,5.7402134431155645,6.214372056374151,401442.80001972633,7.822895725450474
1496000,5.740308762527881,6.214509638378244,401451.2342783375,7.8230424738380036
1496100,5.7404093526231454,6.214598721888126,401458.2022685011,7.823204252255496
1496200,5.740508741823744,6.214734558695439,401466.0809511781,7.823366358130625
1496300,5.740623530890046,6.214892043537289,401473.5190498257,7.82352211882022
1496400,5.740746859020393,6.215004275948041,401481.09644890873,7.823671035509385
1496500,5.7408630968478365,6.2151150669678525,401488.7329022137,7.8238011013975886
1496600,5.740982126955917,6.215198772668554,401496.3405130887,7.8239458307508105
1496700,5.741107508682736,6.215301468648625,401505.0023624954,7.8240394696915345
1496800,5.74123588939646,6.2153897405285905,401512.2902847903,7.824216247446914
1496900,5.7413501598957835,6.215522383968087,401520.921325739,7.824314356452358
1497000,5.741474233072654,6.215652978335064,401528.8519193117,7.824473918545111
1497100,5.741590049081346,6.215803585896461,401536.7674390449,7.824624964431995
1497200,5.7417070110657775,6.215931819940855,401545.30432749534,7.824740390892834
1497300,5.741822417624882,6.216087295207894,401553.63418183435,7.824834334503124
1497400,5.741948000872733,6.216172984175967,401562.2077009076,7.82491557827894
1497500,5.742079370308977,6.216332384403539,401569.33162694843,7.825085469338484
1497600,5.742201285261101,6.216417985248486,401577.45093380427,7.825244030764385
1497700,5.742328985051438,6.216564966513276,401585.42014114285,7.825373138422848
1497800,5.742459323562701,6.216674510868097,401592.9397687735,7.825524140239977
1497900,5.74257810734463,6.21677395100588,401600.32232727454,7.825601316740253
1498000,5.742693476529724,6.216914318555632,401608.03993671876,7.825779555690501
1498100,5.742806387429115,6.217016918851108,401615.06291315705,7.825895730466532
1498200,5.7429154185819415,6.217110972988554,401622.70709206373,7.8260288330315335
1498300,5.743045633452118,6.2172141621895305,401630.78863901953,7.82611577168761
1498400,5.743166721083248,6.2172973318090925,401638.7777003254,7.8262745796895095
1498500,5.743264359967159,6.217441725010668,401647.06757414277,7.826395030519264
1498600,5.7433839096732875,6.21758263444341,401655.11696094257,7.826510323019359
1498700,5.743490869036761,6.217705675240336,401663.384786043,7.8266475172392385
1498800,5.743598160031901,6.217819729559011,401671.3393317932,7.826771416750164
1498900,5.743719839780461,6.217979896607962,401679.0571600563,7.826920740867658
1499000,5.743829595430956,6.218119611730607,401687.28540229966,7.8270980214409605
1499100,5.743957339699935,6.2182219526668066,401695.6940559378,7.827258942416134
1499200,5.744087517341923,6.2183769346734294,401704.1907740489,7.827439132977392
1499300,5.74418481855938,6.218491657461578,401711.4893877011,7.82761401594621
1499400,5.74429878369451,6.21857465668955,401719.43024329015,7.827781700848513
1499500,5.7443940671620854,6.218684075889198,401727.6108753091,7.827879063513698
1499600,5.744496533550293,6.2187942776904,401734.9126834703,7.828015950399827
1499700,5.744596386103803,6.218890112950366,401742.6952958237,7.8281294471176714
1499800,5.744715652431511,6.219002017627022,401750.2046962636,7.828283549197793
1499900,5.7448118871294005,6.219116455732634,401757.3843446547,7.828413456262502
1500000,5.7449140692182,6.219268195273512,401765.6321497247,7.828559665997876
1500100,5.745018654104832,6.219395246090526,401772.8931474472,7.828709888255948
1500200,5.745130141881814,6.219510413447679,401781.2481623443,7.828880266594171
1500300,5.745232335852925,6.219670656928889,401789.6106637489,7.828960833871509
1500400,5.745331731624544,6.219752138385078,401797.2574602167,7.829079755032827
1500500,5.745445622098297,6.219890471171757,401805.6017271624,7.829256039680106
1500600,5.74554291360778,6.220037249420831,401812.8065915129,7.829370313198918
1500700,5.745662108393162,6.220145136487149,401820.29212726414,7.829447531067811
1500800,5.745781222629209,6.220232873070564,401828.0030713968,7.829586845074528
1500900,5.745889100732491,6.220337212117693,401836.1712623784,7.829677033200783
1501000,5.745998098640769,6.22046125150504,401844.2377056085,7.829794212398369
1501100,5.746116926558955,6.220604642919087,401851.7468105289,7.829931659620405
1501200,5.74622897945163,6.220692909617236,401859.491642932,7.830078958330723
1501300,5.746350091337333,6.22081655473543,401866.39577152685,7.830250825696835
1501400,5.746450699062179,6.220898024273571,401874.7067764132,7.830430203712883
1501500,5.7465682272357315,6.221019058850965,401881.9124688656,7.830600647428225
1501600,5.746676066293793,6.221125726890546,401889.7740526627,7.830769994717287
1501700,5.746771746778085,6.2212369218997585,401897.927023963,7.830941668532028
1501800,5.746863157060014,6.221373986916645,401905.4568787551,7.831089181588869
1501900,5.746992351097542,6.221458337898616,401913.28950827627,7.8312173652500565
1502000,5.747089682856279,6.221599535860374,401921.23473692854,7.8313124306154585
1502100,5.7472152698526235,6.221711723489531,401928.236530479,7.831458495590968
1502200,5.7473190345201735,6.221865500083719,401935.59512108,7.831641566135974
1502300,5.747421997851061,6.2220052661929195,401943.8009471137,7.831733593028432
1502400,5.7475135926963405,6.222116487041743,401951.089774438,7.831829466712202
1502500,5.7476416422638925,6.22221806956106,401959.30092036474,7.832009090930648
1502600,5.747761004269605,6.222328148892038,401966.8397089509,7.832096492341122
1502700,5.747857984361295,6.222417329236343,401973.79221732146,7.832206077716048
1502800,5.747962579182751,6.222552286993311,401982.1291353027,7.832311796394787
1502900,5.748053535592536,6.222703499036888,401989.4564566981,7.832472970786699
1503000,5.748171478537846,6.222845479718018,401997.7228370885,7.832624963085773
1503100,5.748286774287362,6.222984665493107,402005.40363314404,7.832741814086963
1503200,5.748403170514339,6.223141926992491,402013.6003561942,7.83290678538581
1503300,5.7485259190879265,6.223226640750187,402020.51206507266,7.833061378974967
1503400,5.748646575013853,6.223374331462947,402028.56895067147,7.833181168075462
1503500,5.748737809484525,6.223482353902085,402036.28894811217,7.833280104302007
1503600,5.748836880090948,6.223631837929794,402043.54932748136,7.833358881980698
1503700,5.748934418784759,6.223775658653272,402050.4095792761,7.833447348235465
1503800,5.74904819576416,6.223927496592049,402058.7279126474,7.833577772229275
1503900,5.7491589147907405,6.224065134586224,402066.58752116375,7.833725005911827
1504000,5.749269021612745,6.224178414109837,402075.028020911,7.833899994212057
1504100,5.749369964874355,6.224276104997247,402082.41353096615,7.834066996776224
1504200,5.749475055763974,6.224401208049945,402089.81826913246,7.8342211096584355
1504300,5.749574370561137,6.2245130457704665,402097.2495578807,7.834403702887244
1504400,5.749665126176285,6.224640261252209,402105.0772379317,7.834571848211631
1504500,5.7497816444004135,6.224751396048773,402112.947427067,7.8346501812303195
1504600,5.749890668874381,6.224856553387152,402120.34553465486,7.834735898838423
1504700,5.749981935205944,6.224948503201544,402127.2231076364,7.834868091127424
1504800,5.750105661476087,6.225054636098714,402135.09185826115,7.83495942005218
1504900,5.750219310759101,6.225164457812107,402143.29878996994,7.835114978866363
1505000,5.750339472145571,6.225261683034003,402151.69054364867,7.835275202208626
1505100,5.7504293737345185,6.225341873536972,402158.5502320696,7.835361347932393
1505200,5.750527916323881,6.225474753730367,402165.48450635903,7.835536335553296
1505300,5.750630197522361,6.2256178047906285,402173.06814062205,7.835687391814838
1505400,5.750742878247049,6.2257255305343095,402181.1771663939,7.835804823192992
1505500,5.750845889587151,6.225820477672694,402188.92640473536,7.835900323645478
1505600,5.750964878013683,6.225916827479432,402196.93456054735,7.835979770018374
1505700,5.751067052596804,6.226043159373337,402203.9943297948,7.836097090289639
1505800,5.751175751824367,6.226140936490523,402211.18511951546,7.836212251093169
1505900,5.7512962269771135,6.22629791536582,402219.57631048566,7.836292857235454
1506000,5.7514243157557035,6.226378952318969,402226.76447739603,7.8364332147275535
1506100,5.751520580231467,6.226537452872797,402234.503902343,7.8366088889987635
1506200,5.75163538695619,6.226642743451243,402242.83967782673,7.83670976252011
1506300,5.751759682269291,6.226766900000915,402249.8812672384,7.836785924738352
1506400,5.751879752518743,6.226847366690759,402256.7902638387,7.836948484040654
1506500,5.751971915537199,6.226938847100989,402264.4205969211,7.837052347329781
1506600,5.752084029461106,6.227045472572121,402272.64557163016,7.837147945471401
1506700,5.752198091674454,6.227132187597686,402280.01956116257,7.837319163375537
1506800,5.752309145825018,6.22721706996734,402288.26067445514,7.837452334382296
1506900,5.752405945873623,6.2273046708194615,402295.4802804955,7.837579674113191
1507000,5.752501362055795,6.227436903784943,402302.61987709923,7.8376635511561945
1507100,5.7526276472722255,6.227545839594464,402310.7800957887,7.837826944612734
1507200,5.752719228485653,6.227700866461299,402317.96016645926,7.837988199484628
1507300,5.7528180680316465,6.227832900685915,402325.5066980716,7.838072145220336
1507400,5.752942796720049,6.227935404471446,402333.1628068472,7.838159703028438
1507500,5.753069557683873,6.2280661600950795,402341.54267474974,7.838241252030523
1507600,5.753194926147008,6.228194010471687,402348.4903033827,7.838320307223359
1507700,5.753288786051263,6.228314912715487,402356.87988281384,7.8384927938319775
1507800,5.753415577477176,6.228450464318335,402365.2722223076,7.838642405739931
1507900,5.753511203605014,6.228559473243217,402372.6206526983,7.838732858909089
1508000,5.753607719278961,6.228651374901354,402380.5100423801,7.8388202585499105
1508100,5.753706085095432,6.228765709543669,402388.8003429445,7.838975331966927
1508200,5.753798612163122,6.228903070864021,402396.70870430145,7.839128083476662
1508300,5.753896539785897,6.229059957165467,402403.52098009246,7.839306708375638
1508400,5.753992701174774,6.229139770285088,402411.16866549687,7.839463355900175
1508500,5.754113772091322,6.229239350380149,402418.2444690773,7.839629916129187
1508600,5.754235864900047,6.229321238567436,402425.2223964539,7.839742753268266
1508700,5.754356082809687,6.229461919567165,402432.5764876771,7.839870869801958
1508800,5.754483449981337,6.2295450415352,402439.3718098359,7.84001714465631
1508900,5.754588770354637,6.229692416443108,402447.4057705914,7.840171396989363
1509000,5.754684371336029,6.229771907650939,402454.26185420604,7.840331795251516
1509100,5.754784520596775,6.229923435922431,402461.2953737891,7.840408905945536
1509200,5.754884416567864,6.230058956782878,402468.32433769776,7.840571441340546
1509300,5.754976868516747,6.2301619291971075,402476.3507107245,7.840745018590254
1509400,5.755103114824173,6.230312784552177,402483.2742028176,7.840864360997558
1509500,5.755211908648771,6.230432929672293,402491.610375665,7.840963194181607
1509600,5.755327034717482,6.23052715142295,402499.22268119146,7.841038619142731
1509700,5.755444493647239,6.230621443258232,402507.2609454559,7.841140153535576
1509800,5.755548847740591,6.230756285137943,402514.65905498597,7.8412161186053275
1509900,5.755640787745238,6.230865086258404,402521.84123300196,7.84139492804221
1510000,5.7557609952832935,6.230982975862557,402529.73769790697,7.8415727861045115
1510100,5.755878077678495,6.231103923002025,402536.5003288724,7.841658876658404
1510200,5.755991174993661,6.231232635246706,402544.59128778544,7.8417440314477975
1510300,5.756108782857343,6.231312302143206,402552.1384589685,7.84191694767238
1510400,5.7562230308112605,6.23143706330038,402559.8069862511,7.842006180433349
1510500,5.756320978117463,6.2315231735598475,402566.9683569937,7.84210981675784
1510600,5.756443552516881,6.23165161535771,402573.863455532,7.842193745696808
1510700,5.756566741412038,6.2317485743204335,402581.40228271135,7.842348677534543
1510800,5.756681228480973,6.231879657857368,402589.66799620196,7.842520421859501
1510900,5.756795047062679,6.2320317536776155,402596.63709704374,7.842596727084401
1511000,5.75691639922197,6.232137854029404,402603.84156631364,7.842709763770081
1511100,5.757005500993177,6.232217280885488,402611.648477895,7.842870129894812
1511200,5.7571225476999865,6.23230358548908,402618.63231285557,7.842962180273656
1511300,5.757219673470308,6.232447500396116,402625.3855279824,7.843092941939292
1511400,5.757325084375865,6.232593122797529,402633.519328604,7.843192808126535
1511500,5.757430874923298,6.2327388088027575,402640.9946826997,7.843292102803309
1511600,5.757530308672943,6.23285445371223,402647.89646338875,7.843464466139884
1511700,5.757621268254628,6.232939737165976,402656.0441704527,7.843555762169306
1511800,5.757714901999276,6.233073659360567,402663.00612872967,7.843720553672045
1511900,5.757836396943101,6.23319083225721,402669.8418859664,7.843821204482652
1512000,5.757960754440302,6.233306265994454,402677.39738219447,7.8439531941615925
1512100,5.758063045726105,6.233433819958169,402684.68682081567,7.8440437544529225
1512200,5.758178770948875,6.23351605897391,402691.895926567,7.844151716787841
1512300,5.758295857404874,6.233624901292088,402699.2935247442,7.8442329214733375
1512400,5.75842185027531,6.23371046005738,402706.760408829,7.844352351368173
1512500,5.758544227279893,6.233845917309404,402713.9148907306,7.844492812302231
1512600,5.758666987892684,6.233927715731236,402722.1742087944,7.844593616459355
1512700,5.7587900156380405,6.2340576672405295,402729.6648042092,7.844755008554964
1512800,5.758905279505502,6.234152991604738,402737.0547144327,7.844923037295917
1512900,5.759003276303275,6.2342598344447575,402744.1857832933,7.845012620022153
1513000,5.759102234407148,6.234397376395067,402751.6663403538,7.84519147349637
1513100,5.759191521180328,6.234505551710843,402759.1032105284,7.845314634173219
1513200,5.759313066058996,6.234628933751716,402766.0022883671,7.845440951339295
1513300,5.759412087405605,6.2347547676299575,402772.8062690742,7.845616264205151
1513400,5.759500188100855,6.234910266440677,402779.7790993082,7.845702045360442
1513500,5.759613105484982,6.235033993702211,402787.6353923735,7.845809806788804
1513600,5.759719066040373,6.2351434391803435,402795.9594888166,7.8459307586483495
1513700,5.759831075117295,6.235224178799186,402803.8492494134,7.846081266439295
1513800,5.759943012953687,6.235312720843168,402811.85121785465,7.8461841527980285
1513900,5.760037795313242,6.235448879335248,402819.5293720237,7.846261250349793
1514000,5.760125766666107,6.23559290719251,402827.5657767088,7.846385728146497
1514100,5.760243458889864,6.235695923856812,402835.1093300987,7.8465232027408875
1514200,5.760336107652536,6.235836278929883,402842.65436073026,7.84662400889483
1514300,5.760455194934216,6.235964994817374,402850.8136366267,7.846775180079939
1514400,5.7605630872072915,6.236107422086287,402859.03649141995,7.846924581418761
1514500,5.76068613391043,6.236212210940147,402866.0092086469,7.847081613248826
1514600,5.760804467079341,6.236307211088694,402872.83775436453,7.847214348049251
1514700,5.7609257998113526,6.236435300138137,402880.25723861565,7.847363615071795
1514800,5.76101672992211,6.236523395549302,402887.0282104126,7.847463297386619
1514900,5.761120294625455,6.2366574907057135,402895.30603067874,7.847594255582446
1515000,5.761238415885451,6.236768269353569,402902.52567475353,7.847674979857004
1515100,5.761338652413869,6.236922937605858,402910.4128250173,7.847789070350523
1515200,5.761459418919938,6.237009343384026,402917.5031510842,7.847862768315048
1515300,5.761553881513707,6.237142506148679,402924.8955642085,7.847993035491443
1515400,5.761663263076173,6.23725588667193,402932.1360390767,7.8481256213946775
1515500,5.76175566345153,6.23735900888942,402940.3939933892,7.848232120708819
1515600,5.7618511071844525,6.237510332343683,402947.8436633936,7.848346346259597
1515700,5.761943451789059,6.237652479705447,402956.07505287987,7.848424085368643
1515800,5.762057515092487,6.237748951210792,402963.809511342,7.848531995573525
1515900,5.762166364767976,6.23785015921258,402970.6674922623,7.848620736767771
1516000,5.762280338711145,6.237999983799624,402977.5469029179,7.848761463685387
1516100,5.7624061589620785,6.238094013813345,402985.29234470165,7.8489122719327185
1516200,5.762508309217752,6.238194788739004,402992.5131650031,7.849001956407503
1516300,5.762603309441195,6.2383265870087135,402999.2854889457,7.849134290134045
1516400,5.762692971378548,6.238469995084583,403007.50183935097,7.849262874854437
1516500,5.762781570418776,6.238549160351955,403015.5119062437,7.849404217039543
1516600,5.7628733980360565,6.238669844788954,403023.6852004221,7.849514523338043
1516700,5.762972946938945,6.238769449069244,403031.4519361939,7.849636293527343
1516800,5.763095536177694,6.238915951478824,403038.74062365916,7.849728381483684
1516900,5.763183550498465,6.239000485911592,403046.0040643444,7.849841944551275
1517000,5.763289633806714,6.239092455990109,403053.286182007,7.850016607508349
1517100,5.763384562726793,6.239245971095041,403061.4965892943,7.85009637369837
1517200,5.763508192764924,6.239324987814505,403069.63329260785,7.850243838983864
1517300,5.763629524534255,6.239475618650434,403076.49609551264,7.850380302499545
1517400,5.763726136024207,6.239590049609563,403084.5912935436,7.850464098850652
1517500,5.763841495386204,6.239728172596864,403092.7522007809,7.85060690405219
1517600,5.763966151244249,6.239829436128461,403100.40172554564,7.850733998628577
1517700,5.764078299011207,6.239977685454253,403107.60012509173,7.850887136347084
1517800,5.764169782285377,6.240094493343332,403115.46676150913,7.851000115952607
1517900,5.7642900454000126,6.2401758435233505,403122.5574095281,7.851095131872113
1518000,5.7643832043924395,6.240319323342414,403130.1789252879,7.851200696133669
1518100,5.7644839544182656,6.240470653226037,403137.7047154901,7.851372417386595
1518200,5.764607085773258,6.240565904267297,403145.9463165465,7.851482216108345
1518300,5.764714044424162,6.240646696790017,403153.99585199566,7.8516411396683745
1518400,5.764820650912469,6.2407751908257545,403160.82979262713,7.851805581758486
1518500,5.764944700946056,6.240855834748163,403169.02637016156,7.851920654199036
1518600,5.765042191691029,6.240983583603992,403176.2500393796,7.852048066383136
1518700,5.765153009046392,6.241073118080091,403183.71793290286,7.8522075608753
1518800,5.765245348761304,6.241197654481662,403190.51353907876,7.852289773578277
1518900,5.765367249619529,6.241341937069692,403197.4200416119,7.852388768464491
1519000,5.765483977578068,6.24147113461179,403204.1265898156,7.852553534587924
1519100,5.765598904416254,6.241563513329479,403212.3357096656,7.852690652992802
1519200,5.765716010387192,6.241706060617494,403219.2759224082,7.85285236226065
1519300,5.7658153259607685,6.241853254203335,403226.8212601381,7.852955409793156
1519400,5.765915072023957,6.241966108468283,403234.7839425236,7.853124769442516
1519500,5.766034991405568,6.242068656096484,403242.79101622314,7.853266398132372
1519600,5.766129362987145,6.242146743436428,403249.63132650993,7.8533661919475115
1519700,5.766228370123101,6.242265703611585,403257.57219866954,7.853525248624166
1519800,5.766321279466167,6.242396033918518,403264.3848303782,7.853679380447106
1519900,5.766439006022573,6.242478784803428,403272.1368816989,7.853837331865332
1520000,5.766542695620825,6.24259523039692,403280.3548863722,7.8539864179319
1520100,5.766637630536876,6.24273778021961,403288.2620505626,7.854066337181269
1520200,5.766761677550666,6.242849242823874,403295.9428934513,7.8542429419231095
1520300,5.7668774583017965,6.242964511049946,403303.48397964303,7.854376805030476
1520400,5.766967346149344,6.243093936100835,403310.9269900317,7.854491007034278
1520500,5.767057496987098,6.24320525506031,403318.5315937214,7.854611960643632
1520600,5.767158403364819,6.243294052756891,403325.9700644505,7.854746343701908
1520700,5.767279724756261,6.243423367771742,403333.1608241925,7.854910916973589
1520800,5.767404310972365,6.243563076893546,403340.45830153726,7.855071285104448
1520900,5.76750852824451,6.243642446914813,403348.3855360554,7.85516719384413
1521000,5.767601629064429,6.243749959316782,403356.5695906341,7.85526015151618
1521100,5.767723945986041,6.243895317147043,403364.0543819069,7.855367876079468
1521200,5.7678422188866465,6.2439890041792845,403371.8204717435,7.855513977750959
1521300,5.767931954597532,6.244072450154663,403378.74206120806,7.855616181187204
1521400,5.768051546272722,6.244198860023373,403385.7932754066,7.855717489966249
1521500,5.768143656889806,6.244305370805996,403392.873986522,7.855855642578046
1521600,5.768261026289245,6.244457177070069,403400.5903763374,7.8560077926559275
1521700,5.768371089921659,6.244586737200007,403408.6933662748,7.856121729978737
1521800,5.768473468079597,6.244724679828649,403416.0077779808,7.856243706304501
1521900,5.768596452064436,6.244869679127626,403423.4461175803,7.856335221788771
1522000,5.76868634803079,6.244989296531694,403431.23677633645,7.8564775243043306
1522100,5.768807726458414,6.24507122503726,403438.8197592211,7.856575995096131
1522200,5.7689023302743205,6.245158622949802,403446.3904437535,7.856728852078183
1522300,5.769006444253001,6.245256670012104,403454.4801010918,7.85689244715829
1522400,5.769107917948645,6.245346518960452,403461.3582240622,7.856971662685054
1522500,5.769199560869185,6.245487978764579,403469.2511812242,7.857144612454945
1522600,5.76932136380044,6.245591390999882,403476.111635647,7.857228177074708
1522700,5.7694241058071265,6.245730874392371,403483.17643526365,7.857400785295262
1522800,5.769516453126361,6.245821735912892,403489.78339218016,7.857520392859989
1522900,5.7696197604751465,6.245901892829604,403497.69359187625,7.8576931160264065
1523000,5.769718532840563,6.245989549148321,403504.28195714107,7.857806888602689
1523100,5.769824344085026,6.246118630124562,403511.44559246366,7.8579468795903145
1523200,5.769929940806613,6.246252373923183,403519.42440068995,7.858088365012011
1523300,5.770019962332726,6.246401890502029,403527.3831231024,7.8581987854336015
1523400,5.770112217187084,6.24649745693011,403534.9178947433,7.85837475003069
1523500,5.770224159983598,6.246647792136934,403542.9208029652,7.858496977879487
1523600,5.770325574653183,6.246789089044848,403550.80125902005,7.858656230854955
1523700,5.77041290820589,6.246896001199995,403557.9105333454,7.858769963672387
1523800,5.770536463638606,6.246994599960259,403565.2550519916,7.8588561636983165
1523900,5.77064791054341,6.247095593460361,403572.41292702773,7.859016781223151
1524000,5.770771159157854,6.247235255306854,403579.8961537467,7.8591813203624366
1524100,5.7708600784842305,6.247340467651711,403587.4585089265,7.859338398216984
1524200,5.770952984803034,6.247470642265808,403594.6776445239,7.85941463915919
1524300,5.771041740520835,6.2475918879217405,403602.49820176157,7.859543450547274
1524400,5.771132491844573,6.2477182454718765,403609.7566374838,7.859642084057534
1524500,5.771226427621058,6.24785196839275,403617.2080597479,7.859752279802916
1524600,5.7713125443285636,6.24794491124503,403624.02884743176,7.859922742106125
1524700,5.771430150853418,6.248084480048476,403631.8745864826,7.860008196573698
1524800,5.771529479858292,6.248171235188087,403639.01424566476,7.860098028552083
1524900,5.771626142214062,6.248258797431715,403645.7529413135,7.860229916173556
1525000,5.771741448875766,6.248341652990396,403653.5495477673,7.860330778913582
1525100,5.771842699428222,6.248486553799456,403661.41514910164,7.860478622154183
1525200,5.7719618502900865,6.248607047441252,403669.19786467706,7.860581586420496
1525300,5.772067874680517,6.248745158696565,403677.02861018345,7.8606828044667685
1525400,5.772175980149219,6.248894980023408,403684.9837452302,7.860783833277022
1525500,5.772288409505399,6.249016809154138,403691.9992162349,7.860913209884532
1525600,5.772386576055121,6.249143483827718,403698.5414345211,7.861034302220892
1525700,5.772475500088576,6.249244684416971,403706.09700574516,7.861177282436779
1525800,5.772571845268948,6.249349883260831,403713.49815240706,7.8613258065435705
1525900,5.772688162961427,6.249476457736887,403720.010546205,7.861397933904569
1526000,5.772779500970894,6.249602801834947,403726.66753678984,7.861551271957594
1526100,5.772891332479139,6.249718327454671,403734.1459570346,7.861668242457353
1526200,5.7730043233022785,6.249829041730666,403741.22412700416,7.8617857316014925
1526300,5.773124680759297,6.249973736808853,403748.53519515233,7.861930087087472
1526400,5.773229537660511,6.2500864203098,403756.63454996404,7.862035026956657
1526500,5.773324868442839,6.2502284190917585,403764.3646710813,7.862139073234528
1526600,5.77343820313042,6.250378144068487,403772.10131815687,7.862285873849244
1526700,5.7735355272208,6.250483422890709,403778.8766885704,7.862444136819201
1526800,5.773624997219454,6.250569503357616,403785.7211331529,7.862530557114509
1526900,5.773718710893269,6.250691040059686,403793.24626860046,7.862691229756793
1527000,5.773831197171174,6.250832592213129,403800.2744264566,7.86276983141846
1527100,5.773949678288567,6.250970959554277,403807.6357146466,7.8628853967914045
1527200,5.7740471831907,6.251068796833733,403815.68773055554,7.863051876299104
1527300,5.774147376410226,6.2512147518728876,403822.3588071332,7.863137859494908
1527400,5.774248494630516,6.251295860021869,403829.9424604534,7.863245870607105
1527500,5.774357394147064,6.251422802496321,403837.06898838043,7.86337814229555
1527600,5.77447333224516,6.251542174924721,403843.70835183136,7.86352413079931
1527700,5.77456850885931,6.251675156154215,403851.0013732709,7.863619623139283
1527800,5.774676716634058,6.251797510815985,403857.9044496002,7.863754734096079
1527900,5.7747858891758606,6.251907034763308,403865.5829279722,7.863878787883798
1528000,5.774899072690712,6.252006855612584,403873.29180146725,7.863960809437637
1528100,5.775019726538527,6.252157561796809,403881.11422325595,7.864109925980205
1528200,5.775121298565126,6.2522522584391815,403888.0797660094,7.86422984908346
1528300,5.775234633652787,6.25239696381773,403894.66408403753,7.8643695956572355
1528400,5.775322562916601,6.252487572309849,403902.42460140726,7.864448910602738
1528500,5.775432209479919,6.252621039708517,403909.915106395,7.864527284387329
1528600,5.775528692977625,6.252726733011831,403917.14439786086,7.864631491398156
1528700,5.775638606495924,6.252856858748066,403924.1585784105,7.864783600342416
1528800,5.775745178276934,6.252947542088057,403930.9369707819,7.864919142509245
1528900,5.775837612386502,6.25306778860509,403937.90212221775,7.8650879091896435
1529000,5.775950635194319,6.253198420877099,403944.87273482507,7.865256140184721
1529100,5.7760570223573655,6.253280286677382,403952.5488857791,7.86535152878987
1529200,5.776152652245025,6.253384421705726,403959.9886434936,7.865490906891004
1529300,5.7762625372392,6.2534750781637785,403967.42910325027,7.865653438360037
1529400,5.776365491303843,6.253605844833943,403974.014789408,7.865724608639772
1529500,5.776467108721711,6.253692582773485,403981.8316383538,7.865857616521772
1529600,5.776554299116379,6.253810203899648,403989.65881172754,7.865977503346685
1529700,5.7766695945233035,6.253945500041859,403996.9542600263,7.8660633848786485
1529800,5.776777481163932,6.254040337519241,404004.5796507015,7.86614773215163
1529900,5.776868646134228,6.254126227230181,404011.8785689912,7.866228895727658
1530000,5.776962298427453,6.254205388894495,404019.37037755194,7.866324567372057
1530100,5.7770651153564785,6.25431515308396,404026.1993343022,7.866491276165312
1530200,5.777172383979518,6.25441751757814,404033.21765197435,7.866614731218257
1530300,5.777259647313553,6.254565293740966,404040.85903778154,7.866741443938851
1530400,5.777355336644671,6.254647735679414,404047.8787836589,7.8668177754492135
1530500,5.777452683684402,6.25472441957011,404055.187121415,7.86694631927652
1530600,5.777542579139198,6.254858178396864,404062.6001391088,7.867091003396901
1530700,5.777645681404727,6.254995422693188,404069.6835400461,7.867235296006906
1530800,5.77774685655519,6.25511407086735,404076.4577813384,7.867308979705461
1530900,5.7778362798964835,6.255241178279963,404084.2598395553,7.867454412709061
1531000,5.777939076957404,6.255385284898881,404091.35136362584,7.867584824172529
1531100,5.778054251062089,6.255468490631197,404098.7043105885,7.8677088420329815
1531200,5.77815166667254,6.255581461601485,404105.75850612356,7.867852167279153
1531300,5.7782407645315494,6.255678566183023,404113.4194158656,7.8679331336129295
1531400,5.778340483590201,6.2558040978590475,404120.8713474254,7.868083406558892
1531500,5.778460088679254,6.2559511155511345,404127.8983142951,7.86824034141266
1531600,5.778576854385972,6.256051821262613,404135.2108447212,7.86833221200155
1531700,5.778683269275504,6.25619708917936,404142.96071128437,7.868432360158406
1531800,5.778771271383528,6.256289749266189,404149.41430758004,7.868588022923901
1531900,5.778862471354134,6.256370298394962,404156.06164535397,7.868719256399933
1532000,5.778980048897853,6.256461388434395,404164.04914776067,7.868795365651755
1532100,5.779100022368844,6.256591468245139,404171.57279635477,7.868913394092945
1532200,5.779211819500098,6.256737642820403,404178.8016900711,7.869072460505008
1532300,5.779322410519023,6.256816282316763,404186.0755939508,7.86923900432854
1532400,5.779429902928037,6.2569181100989795,404192.5443989641,7.869321910642763
1532500,5.779545192500427,6.256997806304158,404199.69583879557,7.869480799734818
1532600,5.779630622810706,6.257132780783395,404206.49696090526,7.869568794574414
1532700,5.779736073132255,6.25725486883619,404213.3007602821,7.86965077910286
1532800,5.7798246227817955,6.257349582877737,404220.1291614014,7.869767923552251
1532900,5.779937355884142,6.257434009861412,404227.43941618426,7.869901464510978
1533000,5.780037746312702,6.257543424259715,404233.9278029397,7.869994317767174
1533100,5.780155075581787,6.257682920490837,404241.76815068163,7.870130012691734
1533200,5.780251738394626,6.2577991024690895,404248.17911545624,7.870277419436052
1533300,5.780356965726871,6.257874719962858,404254.72410412825,7.870446760064625
1533400,5.780473353447948,6.258009606542634,404262.0258085066,7.870541710074977
1533500,5.780564492684773,6.258155322745618,404268.82121872704,7.870667197703799
1533600,5.780672569116224,6.25824821468881,404276.2859986979,7.870786693301341
1533700,5.7807656361598,6.258358431307817,404283.10510150756,7.8709295361796245
1533800,5.780886315992551,6.258472944438183,404290.17693078064,7.8710782168746976
1533900,5.780999185754458,6.258567242486807,404296.6246963488,7.8711683975959765
1534000,5.781102980786259,6.258696875199955,404303.60173513385,7.8713036085892165
1534100,5.781192496509029,6.258811049950758,404311.24678166705,7.871445561972703
1534200,5.781287987225018,6.2589400804315245,404318.78791287227,7.871539966033074
1534300,5.78139183606198,6.259028026842533,404325.44052178995,7.871686470832062
1534400,5.78149600862302,6.259138436542657,404333.3110111921,7.8717996398491366
1534500,5.78159849281355,6.259246648869522,404340.02800148947,7.871903710207377
1534600,5.781686585190338,6.259328685909739,404347.8837567073,7.872060909890201
1534700,5.781774252945974,6.25944982277466,404355.611695189,7.872205536724239
1534800,5.781885921316648,6.259535677665049,404362.59480368556,7.872372061198682
1534900,5.7819912078603375,6.259620163404222,404369.41668377916,7.872532739160478
1535000,5.7820752017601675,6.259764135581987,404375.93215131084,7.872635661806907
1535100,5.78216377882995,6.259863420388543,404382.8098823524,7.87275776599624
1535200,5.782264211442922,6.2599703788352645,404389.41006905894,7.8728638533453665
1535300,5.782372635037968,6.260050908915653,404396.8290000226,7.872949719781539
1535400,5.782460619257612,6.26017406786426,404403.27865520417,7.873103058887074
1535500,5.782567215026875,6.260315042819438,404409.74172550935,7.873264993744751
1535600,5.782664105764124,6.260407864630933,404417.2157703432,7.873336925260372
1535700,5.782761411727485,6.260515681740146,404424.6670521014,7.873463454307905
1535800,5.782873691846948,6.2606300570410145,404432.10501279216,7.873580173786156
1535900,5.782987582190245,6.260752343759284,404439.0769050811,7.8736887054973534
1536000,5.783095962088296,6.260842589858402,404445.76872667106,7.873784053724906
1536100,5.783195526397636,6.260965078505765,404453.0796782373,7.873917650285358
1536200,5.783294936617267,6.261078186702685,404459.6906346796,7.8739979572710945
1536300,5.783398370566875,6.261155548983534,404467.4435338073,7.874141623825753
1536400,5.78351570644425,6.26125598864672,404474.66796854616,7.8742628343084835
1536500,5.783621637817616,6.261356020204584,404481.4667728612,7.87439965035527
1536600,5.783709134734473,6.2614434866305855,404488.8893871329,7.874546611332507
1536700,5.783822192933545,6.261572562473889,404496.6767607949,7.874700799929348
1536800,5.783914473111172,6.261697684450213,404504.09082249657,7.874849849520891
1536900,5.7840213653558505,6.261798944246147,404511.98112107103,7.874925791345359
1537000,5.784136846410855,6.261885453828254,404519.80164921435,7.875033916753411
1537100,5.784228711822465,6.261998800363537,404527.55280181905,7.875131998877295
1537200,5.784340327221523,6.262103580560237,404534.15051981586,7.875273517760255
1537300,5.784446719242687,6.2622131974191095,404540.66176554334,7.8754268241159995
1537400,5.78456564015822,6.262338805035955,404548.39654190355,7.875525225107
1537500,5.784657853089952,6.262433920883639,404556.10853174893,7.875635906894206
1537600,5.784743587988228,6.262531017166002,404563.2929871053,7.875734879043845
1537700,5.784832159478472,6.262621016130001,404570.84512057307,7.875868563994081
1537800,5.784915729594158,6.2627565220590125,404578.39819769753,7.875971878441492
1537900,5.785015878502886,6.262887905388288,404585.26819706697,7.876050085255785
1538000,5.785115144738161,6.262976631635535,404591.85979114217,7.876141234317639
1538100,5.78520541129311,6.263119440611263,404598.1980943487,7.876217793693308
1538200,5.785322442075124,6.2632179598525175,404605.8567681259,7.876359753274809
1538300,5.785413166196648,6.263330203408677,404613.1645089308,7.876509713622123
1538400,5.785513048262809,6.263422247524796,404620.2372823204,7.876672631897508
1538500,5.785615799055648,6.263531933481675,404626.65729238547,7.876763604320607
1538600,5.785711885211998,6.263658015603019,404633.3592504652,7.876871119432384
1538700,5.785796137580021,6.2638022902119435,404640.2389553932,7.877021066228442
1538800,5.7859046712895745,6.263893531021867,404646.568891806,7.877125773471663
1538900,5.786001174427191,6.263972429161083,404654.1163060513,7.877256122295198
1539000,5.786108590653626,6.264104751384967,404660.8459427657,7.877396871782607
1539100,5.78622802974667,6.264205714297287,404668.42775475,7.8774697531457125
1539200,5.7863360274914335,6.264338735119083,404675.4402914418,7.877539231484877
1539300,5.786421939940956,6.264432279028661,404682.8148102319,7.87769051913673
1539400,5.786532562274519,6.264523945562988,404690.61469827435,7.877831452362888
1539500,5.786651231118515,6.264669766045663,404697.0664037751,7.877903185556483
1539600,5.786744029749652,6.2647594867911796,404704.0256563771,7.878030872795651
1539700,5.786838887603835,6.264842279719219,404711.6544672594,7.878159229223511
1539800,5.786923718044223,6.264918916296959,404719.35959890997,7.878230820357881
1539900,5.787040779086868,6.264994482302043,404726.1981045948,7.8783154158110555
1540000,5.787157080157866,6.2651226484605695,404733.35902206803,7.878469054708636
1540100,5.787246857419832,6.265252889410041,404739.7615266959,7.878565345179798
1540200,5.787344017296856,6.265371173614333,404746.9206063667,7.878677468463245
1540300,5.787448457361517,6.265450602595644,404753.2487522684,7.8787995836141915
1540400,5.787553774435976,6.265583957945105,404759.9682923505,7.878968991668202
1540500,5.787646102616616,6.265695748300542,404766.3065568453,7.879109462465214
1540600,5.787746602573831,6.265772238327999,404773.24104584643,7.879271213942146
1540700,5.787840609726074,6.265851905202152,404780.5472546831,7.879390355303562
1540800,5.787926170650055,6.265934241573706,404788.3661206678,7.879470942483854
1540900,5.78802423984536,6.266043999226035,404795.47663258074,7.879560045931099
1541000,5.788112626131831,6.266171171222917,404803.1421953385,7.879632803737871
1541100,5.788198071667752,6.266281672072126,404810.73682239867,7.879756046472142
1541200,5.7882959514937955,6.266411149167448,404817.9568292202,7.879868303025427
1541300,5.788410412711602,6.266510772063666,404824.2857990857,7.880015016113085
1541400,5.7885128694289065,6.266608528689582,404830.6567828156,7.880178684620304
1541500,5.788606280393588,6.266693011593013,404836.9897165981,7.880264976112845
1541600,5.788708515835015,6.266836400751247,404843.6418314386,7.880362054876361
1541700,5.788823856696051,6.266982204581105,404850.26595126605,7.880469764055257
1541800,5.788925036316687,6.2670768759609095,404856.79456529784,7.8805946294361355
1541900,5.789040026140381,6.267206030795438,404863.8159714841,7.8807174176379355
1542000,5.789156416010413,6.267304607608033,404870.8255227298,7.880805091732451
1542100,5.789245554078293,6.2674054120037175,404877.8134844286,7.880929450935092
1542200,5.789329805777692,6.267535842183439,404884.51599407394,7.881080131872282
1542300,5.789439726031412,6.267661653050702,404892.3291198221,7.881171098434521
1542400,5.789538912528886,6.26774589388129,404899.8712124789,7.881324433825599
1542500,5.789626139925633,6.267884652256318,404907.3778395741,7.881423293939533
1542600,5.789733567020462,6.267973064917214,404914.8563859684,7.881579776296223
1542700,5.789840349939054,6.268098150169664,404921.8411983414,7.881717399034564
1542800,5.789927427911899,6.268175706547206,404928.1226180574,7.881873535620044
1542900,5.7900359498126965,6.268278123910062,404934.7235502615,7.882008327729699
1543000,5.790127418027475,6.268391818786307,404941.1793080394,7.882111659585387
1543100,5.790228546218314,6.268492391115397,404948.2977097667,7.88224614321282
1543200,5.790313025378936,6.268605061582609,404955.35516064387,7.882396809052307
1543300,5.790404399478502,6.268738846373047,404962.9788678351,7.882474090097693
1543400,5.790505880643313,6.268846541424063,404970.56793219293,7.882593826583398
1543500,5.79060311572055,6.268936449507002,404977.6123487873,7.8827404275666595
1543600,5.790704714840526,6.269014375434226,404984.5129634164,7.882827494446949
1543700,5.790803777555617,6.269118278004655,404990.8316540562,7.88291351482555
1543800,5.790913073678187,6.269258014216676,404998.07246175647,7.883018610172389
1543900,5.7910191014683985,6.269361267019457,405005.74075956235,7.8830894281964
1544000,5.791108068585948,6.269437550385265,405012.334280674,7.883223955951022
1544100,5.791208954782914,6.269581162648833,405019.377660037,7.8833636960338085
1544200,5.791307051397682,6.269711389644378,405025.88379658543,7.8834674643388345
1544300,5.7914105647217085,6.269825667601242,405032.5475889482,7.8835830302743055
1544400,5.791501925346459,6.269954316657684,405039.8356228316,7.883672676186266
1544500,5.791606249616842,6.27007236611483,405046.2675455819,7.8837878019392775
1544600,5.79170417034711,6.2701729790356655,405052.81565949786,7.8838606271867215
1544700,5.791792527950397,6.27025123497044,405060.5220368955,7.883935222249572
1544800,5.791883721770574,6.270390040265571,405067.86459746794,7.884013737308376
1544900,5.7919989939652625,6.270465757707995,405074.86002011946,7.8841037279299835
1545000,5.792114914962199,6.27055227235107,405081.8130796761,7.884206566864154
1545100,5.792213114558334,6.270662211654576,405088.204360505,7.8842754243532145
1545200,5.7923120195000095,6.270760165350372,405095.8902642282,7.884400993635873
1545300,5.79240484725658,6.270857531588186,405102.9043502318,7.884511956066951
1545400,5.7924950221171425,6.2709684940142285,405109.30209825333,7.884645440560014
1545500,5.79258752871628,6.271080223565106,405116.3237709521,7.884773592105892
1545600,5.7927031463846985,6.271181191229226,405123.9190143744,7.88485039206266
1545700,5.792812883460359,6.27125714147997,405130.73673321685,7.884980412623165
1545800,5.792907512031027,6.271349416311137,405137.63593059394,7.885063548201008
1545900,5.793002688725084,6.271440697200663,405145.17340313277,7.885162051910966
1546000,5.793097387395385,6.2715575158019705,405151.804255559,7.885273203947575
1546100,5.79320989953683,6.271683925490717,405158.08445548615,7.8853620437682155
1546200,5.793322626348002,6.271810471643955,405165.3348954248,7.885514570613195
1546300,5.7934298275280565,6.271892661946832,405172.79872007575,7.8856600848249885
1546400,5.793530212015919,6.272028922622514,405179.4267573478,7.8857672601843305
1546500,5.793622110174869,6.272165884856865,405186.67092264094,7.885894128055019
1546600,5.793736367532529,6.272283606021552,405194.2948842063,7.8860508478485585
1546700,5.793819550272549,6.272369414497704,405200.8962762286,7.886170774764244
1546800,5.793933300291005,6.272449721833024,405208.49194964464,7.886271334514758
1546900,5.7940315381673795,6.272560576036195,405214.77826798643,7.886410097210967
1547000,5.7941200059211075,6.272637681761902,405221.4851511772,7.886504215256419
1547100,5.794203768640363,6.272732714377909,405227.8498952887,7.886627749601977
1547200,5.794312769225278,6.27280849841742,405235.2605654027,7.8867178835131115
1547300,5.794407432013941,6.272887109157351,405241.5778534204,7.886800923444322
1547400,5.794515556601611,6.273015089151416,405248.14005751093,7.886918758014234
1547500,5.794610515297495,6.273111403864063,405255.75759425026,7.887067176713272
1547600,5.794695592661564,6.273208609457366,405263.0249366685,7.8872089605247035
1547700,5.794791020214523,6.273304865280011,405270.5016025244,7.887304412805007
1547800,5.794880340696212,6.273425762109151,405278.04439293646,7.887381873317394
1547900,5.794973226902206,6.273554789929466,405285.2907704253,7.88754479207336
1548000,5.795085332865424,6.273645709371664,405292.00632457755,7.887667531287905
1548100,5.795182991998687,6.273725055891482,405298.5631974332,7.887795672688721
1548200,5.795280055927302,6.273853407530022,405304.7493933952,7.887906372010168
1548300,5.795365421672189,6.273964656636857,405311.3149596598,7.888001079686645
1548400,5.7954530718919495,6.274064308918329,405318.14524156175,7.888141313400339
1548500,5.795558766045216,6.27417332844719,405324.76577736763,7.888227467283676
1548600,5.795669247808472,6.274271669212295,405332.3744096133,7.888300501795948
1548700,5.795775550630337,6.274393468872978,405339.98356454616,7.888429783170091
1548800,5.795870942340865,6.274506320033915,405346.6890935827,7.8885282273666615
1548900,5.79596859768987,6.274616317408582,405353.7778890939,7.88866598053921
1549000,5.796081334080052,6.274719375384941,405360.59962950274,7.888786833571212
1549100,5.7961856005396815,6.274814994574744,405366.9366484411,7.888923535963301
1549200,5.7962981347879445,6.274910808167854,405373.6473163702,7.889029837389423
1549300,5.79638955918493,6.275004770638205,405380.56286839885,7.889124756981335
1549400,5.796497199993851,6.275143160021237,405388.0864373955,7.889289068287597
1549500,5.796580011067451,6.275232870407587,405394.7524020087,7.889372986603592
1549600,5.796673164725895,6.275352970402923,405402.3215150081,7.889518990830624
1549700,5.796772498665352,6.275443735300764,405408.5765350245,7.889653321511599
1549800,5.796863167270787,6.275558368702393,405414.88264657033,7.889788401745935
1549900,5.79696245009717,6.275665609374972,405422.1263382876,7.889858156636349
1550000,5.7970630541860215,6.27577952303822,405429.3203851293,7.889970128651186
1550100,5.79717793011186,6.275885633620472,405435.9554523985,7.890054623611191
1550200,5.7972834403728015,6.27598975744165,405443.11258599884,7.890160385101708
1550300,5.797369517812635,6.276115526151794,405450.2819520191,7.890297087177473
1550400,5.797462803320185,6.276221494371288,405457.4116336393,7.8904315440712
1550500,5.797567628890165,6.276327265082284,405464.9425872045,7.890564645934453
1550600,5.797659893091836,6.276402894897785,405472.5546212106,7.8907137613153955
1550700,5.7977754617540675,6.276497786806988,405478.7125164631,7.890860134369289
1550800,5.797890592427816,6.276636110422028,405485.9049863545,7.8909439456955885
1550900,5.797971464738081,6.27676561444035,405493.36734353204,7.891051241697432
1551000,5.798052268430562,6.2768575421118245,405500.0724167573,7.891173648540603
1551100,5.798133298411211,6.276991856260694,405506.40941921127,7.891336353260588
1551200,5.798246760559909,6.277095586336335,405513.7725448039,7.89144489835001
1551300,5.798354753838125,6.277232136118833,405520.8444959096,7.891563088840163
1551400,5.7984403673291585,6.2773534844016465,405528.22272474156,7.891711481680005
1551500,5.7985479868204175,6.277468563219989,405534.9216338912,7.8918687028787025
1551600,5.798652213010568,6.27759250864026,405541.56675961905,7.891940509870243
1551700,5.798740577743346,6.277681932433545,405548.11951060966,7.89209507133411
1551800,5.798832799598806,6.277774758140812,405554.7181891924,7.892170528385716
1551900,5.798936719431038,6.277881973167433,405562.3061876592,7.892299939835868
1552000,5.799043187230055,6.278011561167494,405569.15794989193,7.892455152737914
1552100,5.7991526668211995,6.2781198649391445,405576.70885067637,7.8925885097121755
1552200,5.799250710815327,6.278261643185897,405584.09203847125,7.892695931236353
1552300,5.799337273636096,6.278380694314139,405591.2504432431,7.892828098033143
1552400,5.79942895991571,6.2784782075798935,405598.6188342589,7.89297316890201
1552500,5.799539739804121,6.27855649215821,405605.9652225189,7.89304586166349
1552600,5.799634852102789,6.278642034661363,405612.0788585651,7.893189061883801
1552700,5.79974976039457,6.278740885278631,405618.31290623907,7.893333160104175
1552800,5.799845308047593,6.278849312484206,405624.85873492423,7.893439149489313
1552900,5.799941367955121,6.278934700160222,405631.3673710381,7.893539261024351
1553000,5.8000568867192,6.2790168123506085,405637.73668153665,7.893634947528671
1553100,5.8001598977727316,6.279149251635069,405645.29751554393,7.893716963818147
1553200,5.800268687909321,6.279251371588667,405652.4688868534,7.893845175218706
1553300,5.800350992261796,6.279326447992322,405659.0109345965,7.8939406823508325
1553400,5.800465449144026,6.279467523655354,405665.98029043846,7.894053426349206
1553500,5.800550496978739,6.279550779967078,405672.70314122544,7.894179819450191
1553600,5.80065576009088,6.279672480741933,405680.1463271298,7.89433676049438
1553700,5.80075587378705,6.279767191153998,405686.53010456194,7.894480531084049
1553800,5.80083643074894,6.279845317716762,405692.71450837655,7.894551630508761
1553900,5.800926182344422,6.279945864049723,405699.3447882465,7.894629714616083
1554000,5.801028053931815,6.280031022741263,405705.4715361161,7.894719914375971
1554100,5.80112449789705,6.280156794566523,405711.9016508018,7.894853767195031
1554200,5.801231481854418,6.280248103479248,405718.05970260524,7.894953278350432
1554300,5.8013224306796385,6.280323546381668,405725.2650150621,7.895076941574058
1554400,5.801436848301177,6.2804364658270675,405732.40295739064,7.895145283674115
1554500,5.801542215956208,6.280560621277697,405739.47954039706,7.895295534690707
1554600,5.801651263496246,6.280680032534929,405745.68841706397,7.895431116056754
1554700,5.801734710372339,6.280788076721206,405752.7166549946,7.895589204365535
1554800,5.801840815303998,6.280902014152251,405759.4302217871,7.895657035125597
1554900,5.801934603277753,6.281032288469931,405766.31594675337,7.895817993720708
1555000,5.8020149279950015,6.281133744446651,405773.30658289604,7.895959306971924
1555100,5.80211667248519,6.281211477668356,405780.014803525,7.896104433773432
1555200,5.802199098219241,6.281343485788435,405786.325473405,7.8962551848653675
1555300,5.802282648635663,6.281458005258091,405792.6963006364,7.896413901351005
1555400,5.802363091692456,6.28158324066715,405798.99707412603,7.896504513576884
1555500,5.802473065423059,6.281665633003072,405806.4876416556,7.896657619892758
1555600,5.802574089817861,6.28175765333875,405813.3318749271,7.896795370380886
1555700,5.80265995477318,6.281884991242665,405820.00235967815,7.896875819277523
1555800,5.802751322290061,6.281990236318717,405826.2727967737,7.897024734347791
1555900,5.802862482212891,6.282104735585468,405832.4059298321,7.897152795135675
1556000,5.802961578056269,6.282229306423961,405838.9616710829,7.897301803788849
1556100,5.80304625602238,6.282328087157573,405845.2433796419,7.897465110119264
1556200,5.803154473790506,6.282437960112592,405851.41637601174,7.897593481179257
1556300,5.803246644158861,6.282539294913219,405858.1921972026,7.897700716609073
1556400,5.803358465727809,6.282674037835092,405865.3567420465,7.897791992351207
1556500,5.803471223997322,6.2827807003534515,405872.609396968,7.897918689772708
1556600,5.803570605052334,6.2828646938737,405879.41954738717,7.8980610444347965
1556700,5.803684157191874,6.282977578051002,405885.6300517263,7.898162364172373
1556800,5.803764501748205,6.28310806606214,405892.5441071316,7.898307741568832
1556900,5.803851289836095,6.283200181443418,405898.9701303963,7.898415447634121
1557000,5.8039404756395765,6.283328033440559,405905.6411575186,7.898544395563009
1557100,5.804048561165353,6.283434953985232,405913.0129667871,7.898703127543388
1557200,5.804154237245237,6.283518924179273,405919.4040436101,7.8988234241093105
1557300,5.804243985844723,6.283604617203803,405925.9498359994,7.898892093544923
1557400,5.8043273223038,6.283677006326752,405933.232436254,7.899054227754459
1557500,5.804441505902392,6.283801030724898,405939.59992687183,7.899136818353088
1557600,5.80453105161852,6.28392302831314,405946.0720800622,7.899232502625931
1557700,5.80463058934233,6.284034688433779,405953.0710204128,7.8993002187908505
1557800,5.8047303692221695,6.284152493796411,405959.8505763806,7.8993864143916515
1557900,5.8048160811578775,6.2842833529282505,405966.0070307794,7.899516641541814
1558000,5.80490655677016,6.284408985404039,405972.8029477063,7.899600402835483
1558100,5.805016312492768,6.284549713394132,405979.0586487464,7.899691493260225
1558200,5.805101271929658,6.284633741121947,405986.0176001001,7.899798418389354
1558300,5.805201228891137,6.2847447590770456,405992.64843717194,7.89988140900178
1558400,5.805292893186383,6.284862181889513,405998.9740756772,7.8999694114383905
1558500,5.805378937285384,6.284976734619446,406006.42547959095,7.9000563789871
1558600,5.805464487240193,6.285077486925302,406012.6107714732,7.9001928795431535
1558700,5.805548832845182,6.285189450771854,406019.00548515253,7.900327318641345
1558800,5.8056525010312345,6.285266084073083,406025.9944447107,7.900480401972014
1558900,5.805753673104487,6.285357983749856,406032.6881627067,7.900610692740032
1559000,5.8058377788421165,6.28544776184128,406039.54596105474,7.900757894448268
1559100,5.80592870829371,6.285577646559833,406045.86802917154,7.900860706285647
1559200,5.806012679950915,6.285694655167908,406051.9800247853,7.900945452896041
1559300,5.80611525818147,6.28581459718919,406058.88619181374,7.901070725920919
1559400,5.806208733685938,6.285902950604976,406065.6841226552,7.901220489359247
1559500,5.806289129473035,6.285992720321022,406073.1123715067,7.901360071969872
1559600,5.806380043248883,6.286112759251933,406079.6152189303,7.901438092424145
1559700,5.806492733331587,6.286194813664151,406086.8442810505,7.901523938925648
1559800,5.806582818246394,6.286325497685622,406093.87213508826,7.901621926046158
1559900,5.806691582825316,6.286458371250396,406100.50541297195,7.901776072023315
1560000,5.806795385356896,6.286533162499428,406107.231782753,7.901851931133976
1560100,5.806907636985092,6.286649310059415,406113.4017867536,7.90201268361348
1560200,5.807000931692171,6.286763243844024,406119.42309346906,7.902156439696181
1560300,5.807113887226666,6.286883835528892,406126.7285644782,7.9023175868449576
1560400,5.807225718705167,6.28696646090742,406134.0043247907,7.902394512927262
1560500,5.807336699346374,6.287043265734032,406140.03609484405,7.902543770063955
1560600,5.807428746096597,6.287135096884392,406147.15364846797,7.902668508629822
1560700,5.807522605274204,6.287248783812182,406153.86866221484,7.90276711621034
1560800,5.807632494872395,6.287384184437684,406161.2641104778,7.90290727593751
1560900,5.80773412819603,6.287456904059915,406168.2707287916,7.902987239171986
1561000,5.80783464485357,6.28756430025133,406175.56225852936,7.903120361787091
1561100,5.80793089972794,6.2876587840126135,406182.89724808995,7.903202920687514
1561200,5.808014958929794,6.287748118131478,406189.03717941226,7.903309983132402
1561300,5.80811643668222,6.287869818067073,406195.501517925,7.903455843182538
1561400,5.808206368319133,6.287971689787456,406202.5811881913,7.903614148285227
1561500,5.8082931462184435,6.288106442169328,406208.85178933956,7.9037642370473185
1561600,5.808405023925096,6.288218367565487,406215.9779798842,7.903896810942526
1561700,5.808517095704448,6.288356284442211,406222.3817830903,7.903972040436291
1561800,5.80862267482292,6.288448820250581,406228.93469262536,7.90412604078977
1561900,5.808730959683406,6.288536798756209,406235.4514041438,7.904267504480593
1562000,5.808842824448493,6.288638968262997,406242.6165988305,7.904367702316279
1562100,5.8089477021827145,6.2887446211723566,406248.973374939,7.904471052933066
1562200,5.809033545220978,6.288838317818567,406255.70157720096,7.904549797149411
1562300,5.809116252474469,6.28895776013056,406263.1276019308,7.904685155046408
1562400,5.80921471438334,6.2890696588339745,406269.917019373,7.904844458492829
1562500,5.809301893506057,6.289144070484501,406277.2627852182,7.9049522187912125
1562600,5.809403600129226,6.2892267931317285,406284.4274901783,7.90510892528579
1562700,5.809497358518051,6.289299621357191,406291.5531808382,7.905176314727462
1562800,5.809578651799033,6.289403148227573,406298.2030211924,7.90527075113743
1562900,5.809674884352011,6.289536470691523,406304.5870053516,7.905354002980462
1563000,5.809786904714867,6.289623156370493,406310.94980347523,7.905492372634593
1563100,5.8098904924858905,6.289749274565447,406317.6236712924,7.905599550616577
1563200,5.809970887305966,6.289856105686753,406323.66885777365,7.905693324824381
1563300,5.810051377680929,6.28998820420751,406330.637303278,7.905800887048724
1563400,5.810162202047933,6.290106078640984,406337.87017501966,7.905905796856793
1563500,5.810261787801656,6.290244771730285,406344.03799785714,7.905972631375198
1563600,5.810373680061662,6.290350213421243,406351.33043452544,7.906045643637796
1563700,5.810457798872252,6.290466718471413,406357.6031307934,7.9062061292337145
1563800,5.810551552213127,6.290555090061896,406364.77093065483,7.906334666403476
1563900,5.810640894270738,6.29067326846988,406371.4455794604,7.906421775032412
1564000,5.810743959823647,6.290789000641968,406377.8734414803,7.9065614152353225
1564100,5.810827165432357,6.290906434457827,406385.21421208873,7.906690819836409
1564200,5.810916707356439,6.291042576374858,406392.0441780874,7.906791022184713
1564300,5.81101324032523,6.291153669026904,406398.7660656988,7.906867705082978
1564400,5.811094836789741,6.29122502602251,406405.9931596991,7.906956908732323
1564500,5.811195158337903,6.291344563077781,406412.2281100177,7.9070836869164705
1564600,5.811289313205428,6.291427096231407,406418.7838238372,7.90719309450604
1564700,5.811376189397579,6.2915305050625845,406425.56024861784,7.907324637291762
1564800,5.811478999031477,6.291646396455686,406431.8349602193,7.907400009660512
1564900,5.811564627038041,6.291757835866863,406438.0312724653,7.907481699714366
1565000,5.811671857885257,6.291893549548561,406445.4240570269,7.907600762731088
1565100,5.81176392080493,6.291980511305406,406452.40386795707,7.907692275896169
1565200,5.811852833469562,6.292085134973992,406459.3756162748,7.907823275809697
1565300,5.811948367006441,6.292213483029889,406465.8268376458,7.907907642424249
1565400,5.8120551765005075,6.292343436934057,406472.0777578845,7.908000851461573
1565500,5.812155280301283,6.292438374784828,406479.47488517716,7.908087455254672
1565600,5.812258517613757,6.292523028305887,406486.85537723923,7.90823562336547
1565700,5.812363336248164,6.292595498028226,406493.79488763004,7.908325915079391
1565800,5.812446088244151,6.292703783502678,406500.1459329211,7.908449534321276
1565900,5.812525980059158,6.292802539179016,406506.6133582952,7.908551422381932
1566000,5.8126119699872145,6.292940229679052,406512.9294280586,7.908638045542839
1566100,5.8127211388476026,6.293076732042474,406519.5444010884,7.908766435028403
1566200,5.812826290838628,6.293204448024978,406526.804686839,7.908883783857775
1566300,5.812923116719236,6.293340921831985,406533.0171541509,7.909005852563311
1566400,5.813003816925907,6.293469320668292,406539.2748174565,7.909138144899562
1566500,5.813104567262059,6.293564424868995,406546.37235213,7.909215699138361
1566600,5.81321079292946,6.293671348134867,406552.64206929115,7.909300785401734
1566700,5.813297435123619,6.2937882838077455,406560.0188009482,7.909395523072777
1566800,5.813409043045872,6.293920396408006,406566.3031974719,7.909465507329496
1566900,5.813508821674674,6.294007465786915,406573.47334420064,7.909537512872249
1567000,5.8135911891320315,6.2941425392753185,406579.9190526184,7.909692722092175
1567100,5.8136996610602365,6.29425048831765,406586.7090181552,7.909808032310496
1567200,5.813792789231021,6.29433813934083,406593.168149187,7.909932535621227
1567300,5.813882698983537,6.294460568906395,406599.23430197587,7.909999929497584
1567400,5.813967878961878,6.294552669886639,406605.18326604174,7.910093209257507
1567500,5.8140506064941375,6.294687543693175,406612.33163243305,7.910204230036583
1567600,5.814158954958532,6.294784105708581,406619.6506739004,7.910277685926424
1567700,5.814269965418527,6.294909946291061,406626.71693277557,7.910385816070607
1567800,5.8143606955945675,6.295017649877231,406633.33927376766,7.910502625793078
1567900,5.814444139195134,6.295125520563928,406640.58854782017,7.910591820456048
1568000,5.81455087056481,6.295259932334466,406647.6233735281,7.910725109363912
1568100,5.814650554601267,6.2953921697993955,406653.72012319544,7.910791606026112
1568200,5.814746846899239,6.295480625884748,406659.97223462735,7.910905622134809
1568300,5.814850302830703,6.2955645678197225,406666.7995060444,7.910978192237396
1568400,5.814943073337685,6.295673884868129,406673.9995055768,7.911056589158245
1568500,5.815052965519368,6.295767790888895,406680.4577744209,7.911181571325187
1568600,5.815164163699051,6.29584350096304,406686.73956311756,7.911273246233603
1568700,5.81525259359834,6.2959623911347595,406693.30545643193,7.9114033808335655
1568800,5.815339936799107,6.296089364154495,406699.3077167176,7.911535093891282
1568900,5.8154290378299045,6.296189831114357,406706.5379890135,7.911635694492685
1569000,5.815509279070618,6.296260580233535,406712.5971818104,7.911773341705118
1569100,5.815619212377382,6.29636297992342,406719.2784729836,7.911867736699259
1569200,5.8157095290869325,6.296447932760842,406725.6089134082,7.911969028142635
1569300,5.815795109337103,6.296550740397465,406732.5818609771,7.9121238129669615
1569400,5.815903513627821,6.296631549926748,406738.49755021906,7.912272938800689
1569500,5.816007180877699,6.296727886899803,406744.41195516934,7.912369205220441
1569600,5.81610787122093,6.296856421292337,406751.3234995105,7.912484423037741
1569700,5.816213145043506,6.296975984142804,406757.5923934044,7.912571031167771
1569800,5.816306186674405,6.29709251200125,406764.2819494792,7.912698038808893
1569900,5.816397389215529,6.297228012104104,406771.2388560114,7.9128068092203785
1570000,5.816505747204245,6.297316800193409,406778.23374051426,7.912873982976477
1570100,5.816588149851855,6.297411249354139,406785.3343471694,7.912988236010556
1570200,5.816666375401515,6.2974998538269045,406791.89037283545,7.913115378646251
1570300,5.8167648718519835,6.297592533776174,406798.7669403888,7.913214061845532
1570400,5.816850379715951,6.297687388407084,406805.96049043554,7.9132824135164395
1570500,5.816959365850051,6.297811928728361,406812.57542650314,7.913428115824952
1570600,5.817059454052603,6.297924969851272,406818.83979060105,7.913512141121911
1570700,5.817165058208949,6.2980043479137,406825.8758858734,7.913648449136538
1570800,5.817255531700576,6.298079366539076,406832.68215293897,7.913767836139287
1570900,5.817357659570457,6.29818500713048,406838.968320034,7.913877722801526
1571000,5.8174377817514875,6.298290064307146,406845.85965925147,7.913983255098562
1571100,5.817547660470514,6.298383306156535,406853.08678560564,7.9141230186209786
1571200,5.817656784487555,6.2985162217598685,406859.7226040177,7.91423532155593
1571300,5.817740138044542,6.298593563322777,406866.51823969855,7.914328897349319
1571400,5.817819290713125,6.298697997366173,406872.99539373757,7.914455437187495
1571500,5.817898518600238,6.2988122476007975,406880.07939500775,7.914611568899292
1571600,5.817989376486082,6.2989152094217005,406887.25912325387,7.914731274774619
1571700,5.818082113198347,6.299050568037147,406894.2528688167,7.914844534533197
1571800,5.81818308520291,6.299186347777584,406900.25909393636,7.914977474887061
1571900,5.818262036732439,6.299317393977432,406906.32444630115,7.915077736060087
1572000,5.8183556397288205,6.299397332185789,406912.34614409535,7.915184968452439
1572100,5.818435760116008,6.299517783201681,406918.66665447695,7.915272874391536
1572200,5.818542986013647,6.299645199044594,406925.1438302183,7.915425842285252
1572300,5.818620808847578,6.29972372380993,406932.0147704368,7.915520743415355
1572400,5.818730375915011,6.299838961979694,406938.76192990533,7.915610163132067
1572500,5.818825131363515,6.299969482720631,406945.63531572826,7.915758154419149
1572600,5.818923249992288,6.300062289399825,406952.40308457136,7.9159083643418136
1572700,5.819001919011679,6.300186824635092,406959.00180613855,7.9160099404726125
1572800,5.8190948471095645,6.300318032175686,406965.9973313734,7.916137025582243
1572900,5.819187604360238,6.300402681042848,406973.2203104831,7.916258544203049
1573000,5.819277727306953,6.300480791906021,406979.58727046737,7.916338839412463
1573100,5.819376810782947,6.300564532121537,406986.7352818529,7.916419790112343
1573200,5.819485012540976,6.300679021783843,406992.76581065106,7.91649952197331
1573300,5.819568918719131,6.300767617273837,406999.49558368867,7.916631149451603
1573400,5.819656510172083,6.300883889459854,407006.0031749268,7.916720529921436
1573500,5.819744101701189,6.3009754681164445,407012.4878588533,7.916813269241635
1573600,5.81983949190302,6.3010851027945955,407019.2913706197,7.916882926564456
1573700,5.819943326003587,6.301218955508792,407025.56271686114,7.916969763838536
1573800,5.820031354419202,6.301294925345781,407031.70032225497,7.917115896417201
1573900,5.820108913083326,6.301384969865784,407038.46745444846,7.917192165135409
1574000,5.8202163675804135,6.30147073375925,407045.54706206074,7.9172896451448125
1574100,5.820315288539733,6.3015468664863885,407052.5800718797,7.917414593104953
1574200,5.820423254191038,6.301677710880755,407059.77235808887,7.91749724687996
1574300,5.820504998948423,6.301770544986976,407066.6973252411,7.917573298852285
1574400,5.8205994742056,6.30190205764257,407072.79417594866,7.917667436854402
1574500,5.8206816546936775,6.302016205933449,407078.66585912346,7.917795608916359
1574600,5.820763607831692,6.302126325819219,407085.31082310574,7.917884978766366
1574700,5.820862178820077,6.302210836470938,407091.9591863641,7.917980562272142
1574800,5.820951471103502,6.302299322829665,407098.4079845772,7.918126575861274
1574900,5.821038251086123,6.302422993550824,407105.23647291464,7.918239395853954
1575000,5.821136232671079,6.302538595908378,407111.2731491134,7.918369136826934
1575100,5.821214320257812,6.3026706677023885,407117.13639711624,7.918476788658424
1575200,5.821293424315516,6.302763411744527,407123.50303909794,7.918549604651972
1575300,5.821383200384309,6.302839099287089,407129.55753951275,7.918650335777646
1575400,5.821470929564273,6.302957517396405,407136.00734966504,7.91874233664837
1575500,5.821570610970875,6.303078747076128,407142.79563171056,7.918862904444483
1575600,5.821666997037835,6.303151570937235,407148.97094167,7.918948152346615
1575700,5.821774953899616,6.303246603868159,407155.24988081405,7.919043736584709
1575800,5.821858524210578,6.303316072352307,407161.26726465684,7.919123443138736
1575900,5.821942264260059,6.303431423519514,407167.1922737071,7.919192284571769
1576000,5.8220186093143065,6.303566010764881,407173.552330539,7.919265639581643
1576100,5.822101275146005,6.303659443430742,407180.57199905656,7.919355495457603
1576200,5.8221846324245154,6.303778059621185,407187.5470103375,7.9194720763955795
1576300,5.822261368725247,6.303873642444569,407193.3688155687,7.9196066037549695
1576400,5.822370062908388,6.303988548650703,407199.7297731009,7.919707361295194
1576500,5.822447302368032,6.30408920853572,407205.68332252,7.919792539471328
1576600,5.822550978471548,6.304188935382914,407212.6586091311,7.919942652655289
1576700,5.822631126463618,6.304281135150488,407219.25846616086,7.920010436182077
1576800,5.822737318060626,6.304398742873696,407226.22415991884,7.920117161865481
1576900,5.8228252912017,6.304516023768625,407232.4355301199,7.920230852443445
1577000,5.822906627501027,6.304589111246841,407238.77369754727,7.920357553059729
1577100,5.823000340565012,6.304662420157732,407245.17548905424,7.920508683203717
1577200,5.823102890545018,6.304767428333477,407251.60266514716,7.920618726044309
1577300,5.82318966833015,6.304887622219056,407257.4620073961,7.9207217647735275
1577400,5.823288912006326,6.304980299897515,407264.00102830323,7.920790688551747
1577500,5.823385638835555,6.305098613690508,407270.65529506956,7.9209312931922735
1577600,5.823462197769062,6.305172722767092,407276.76544612367,7.921029617097065
1577700,5.823564058261255,6.305279397606649,407283.85169007775,7.921126555039779
1577800,5.823658461476981,6.305363210232571,407290.7584867475,7.9212799500046716
1577900,5.823763343814524,6.305438133999296,407297.40249544726,7.921420357295132
1578000,5.823861298192233,6.305569353280645,407304.2797371275,7.921496509213755
1578100,5.823949033971023,6.305679103977628,407310.9920176503,7.921599985299189
1578200,5.82403636955554,6.305776763385016,407316.8073328329,7.921706598975225
1578300,5.82411665694266,6.30585073618266,407323.5834711761,7.921845395397061
1578400,5.824193932680881,6.305980574588435,407330.3500487927,7.92194515486654
1578500,5.8242768223431565,6.306053338766446,407336.7445989661,7.922050107028284
1578600,5.824375797328355,6.30615184873425,407343.2455960219,7.92212924397024
1578700,5.824479253148636,6.30627768201221,407350.0087667435,7.922222404376515
1578800,5.824561885248167,6.306377397870422,407356.4433069934,7.922286893525282
1578900,5.824655079135134,6.306466623031123,407362.910689148,7.922428732786529
1579000,5.824733819527543,6.3065948937817105,407368.81176290876,7.922502904592277
1579100,5.824831104298368,6.306704433019935,407374.957215899,7.922638473193103
1579200,5.824937109592718,6.306784740710706,407381.7000936841,7.9227167367699405
1579300,5.825018855695424,6.306875884711707,407388.11267692107,7.922830215060019
1579400,5.825113479834624,6.306997949719372,407394.2762371053,7.922970865308705
1579500,5.825191092131521,6.307082894070487,407400.45731910336,7.923106049143992
1579600,5.825282038755002,6.307166228664289,407406.8225317878,7.923209689799834
1579700,5.825360759281263,6.307298159969002,407413.69197774446,7.923361142205829
1579800,5.825459311691252,6.307396590735489,407420.4036122643,7.923460187729585
1579900,5.825563638183708,6.307477425142905,407426.1423448878,7.923585127856853
1580000,5.82564208975773,6.307558326317595,407433.0549779966,7.923706994396634
1580100,5.825731518148707,6.307644531773717,407440.18845710263,7.923802775221897
1580200,5.825824064847232,6.307770203740712,407446.31457905035,7.923945607846761
1580300,5.825907891654856,6.307874054874554,407453.0832554538,7.9240816602891275
1580400,5.825985862519944,6.307951678730202,407459.2706096124,7.924191358786096
1580500,5.82607792840889,6.308061180377364,407466.10073822725,7.9243061161270045
1580600,5.826158674085189,6.3081395144262125,407472.49164688186,7.924418923166354
1580700,5.8262548374303655,6.308255261074774,407478.29958329746,7.924542960723906
1580800,5.82633609364988,6.308371458491589,407484.4285037619,7.924675114506323
1580900,5.8264391898670755,6.308486577970495,407491.3634775149,7.92479895590836
1581000,5.8265300504854975,6.3085815606485856,407497.38458581833,7.924879538563407
1581100,5.826608756399074,6.308681864821804,407504.35801673215,7.924953735512514
1581200,5.826686634364614,6.308774919318038,407511.1721872482,7.925074520970772
1581300,5.826774516889343,6.308895152065214,407517.05748143554,7.925222621717205
1581400,5.82687720218452,6.308963118095059,407523.4874968027,7.925375106288954
1581500,5.826977413490713,6.309035212321705,407530.2342157289,7.925479409168914
1581600,5.8270798329484235,6.309144508473392,407537.240710133,7.925592618559615
1581700,5.827165262716701,6.3092145216937805,407543.23680613126,7.92568115828231
1581800,5.827264654677465,6.309325391769487,407549.031392521,7.9257479920612255
1581900,5.827357817257159,6.309447213751493,407556.144649935,7.92587057896947
1582000,5.827465347979468,6.309553534137633,407562.65667313494,7.925943348094993
1582100,5.827572559582722,6.309685907297345,407568.38923623227,7.926006798417699
1582200,5.827671938751782,6.309788423381594,407574.94599488715,7.926081135689684
1582300,5.827763860246469,6.309903686756625,407581.6928793766,7.926210310286571
1582400,5.827866631234207,6.310017998716142,407588.79777162615,7.926343010308766
1582500,5.827959840439503,6.3101376468499275,407594.9224389928,7.926425915039906
1582600,5.828049619623057,6.310259889012796,407600.8171083506,7.9264984202744415
1582700,5.828157548025807,6.310388325524148,407607.33438380004,7.926643592838977
1582800,5.828239669199543,6.310499714163542,407613.48185727757,7.926771449601516
1582900,5.828343968362144,6.310600063024771,407620.4021047197,7.92684603556896
1583000,5.828421439551508,6.310726330946535,407626.2273775574,7.9269746439837085
1583100,5.8285080705738785,6.310854686916695,407633.3015177979,7.927067477512412
1583200,5.828594401074124,6.310944892464358,407639.6445009631,7.927148888162044
1583300,5.828696672387093,6.311016123678746,407645.65772221575,7.927268275507951
1583400,5.828802630876455,6.311143339735395,407652.0203827994,7.927412862230958
1583500,5.828909694596367,6.311272356455036,407658.64145563106,7.927483263214452
1583600,5.829002474690955,6.311387950083654,407665.4415617749,7.927602348990416
1583700,5.829093386476519,6.3114778929918955,407672.4039450753,7.9276776448370105
1583800,5.829185004496186,6.31155167851564,407678.08416557044,7.9278098756801905
1583900,5.829268885834139,6.311668224390363,407684.4691825246,7.927883820768414
1584000,5.829362663981807,6.31178244378976,407691.1287446194,7.927967755727465
1584100,5.829457778877275,6.311909252775359,407697.3750932358,7.928080145493913
1584200,5.829549763702804,6.312004356780001,407703.68094698706,7.928193580332574
1584300,5.829633863047779,6.3121302999401845,407710.61629526864,7.928328121658608
1584400,5.829715423092802,6.312260684674647,407717.6704351681,7.928465718708963
1584500,5.8297943144130295,6.3123520342029895,407723.88950302266,7.928604178591255
1584600,5.829883600221595,6.31242373605587,407730.6542496311,7.928718119302993
1584700,5.829977901031863,6.312513385605214,407737.4740611449,7.928843656951937
1584800,5.830059023196784,6.31259318295293,407743.26427267725,7.928911558665893
1584900,5.830159976305434,6.312682867042416,407749.28478289413,7.92901714137065
1585000,5.830249074126514,6.312802407372658,407756.26089676813,7.929115380017449
1585100,5.830329328224061,6.312869138460248,407762.3429369024,7.92922088804054
1585200,5.830406983866818,6.312963377027388,407768.42563327606,7.929334887710049
1585300,5.83048294489862,6.313090490400834,407774.09626994416,7.9294215862942705
1585400,5.8305894431059215,6.313171415394389,407780.5105778933,7.929489059530686
1585500,5.830689771117616,6.313270317285602,407786.9529622935,7.929572487888758
1585600,5.83078447936663,6.31336375027294,407793.3771837805,7.929710290528321
1585700,5.830861598956628,6.313488672517962,407799.6920124563,7.929851196520947
1585800,5.83096816850867,6.3136200717838,407805.71443090774,7.929974063796024
1585900,5.831057275354428,6.313722629995783,407812.05208635173,7.9300938230034586
1586000,5.831143695263434,6.313790804478222,407818.7752885578,7.930168239166495
1586100,5.831233007576813,6.313860195783198,407824.43825160456,7.930233734626928
1586200,5.831327692611834,6.313926864322531,407831.4267575687,7.93036413672899
1586300,5.831421914433634,6.3140579985331415,407838.0832115478,7.930444619978725
1586400,5.831502016833843,6.3141521113747245,407845.02233234793,7.930584626841007
1586500,5.83159528435128,6.31424339576193,407851.77101443725,7.9306481551794334
1586600,5.831685238628286,6.314353467126334,407858.28376331605,7.9307770495798975
1586700,5.831770406272217,6.314460406262325,407865.0943849294,7.9309012018724365
1586800,5.831853686965475,6.314550280495852,407870.7572502215,7.931036058883203
1586900,5.831940577830514,6.314644190776305,407876.75775298296,7.931175861456291
1587000,5.832046216424023,6.31474222075484,407882.9293020049,7.93129576200799
1587100,5.832133596399117,6.314870273751113,407889.40427826194,7.9313696397734414
1587200,5.832227972416628,6.314959989173174,407895.86800374754,7.93150978642374
1587300,5.832334112971558,6.315072039507849,407902.01430438715,7.93157985588138
1587400,5.832412050849909,6.315177564562197,407908.0015734793,7.931722200306051
1587500,5.832508812528794,6.315280725283689,407913.88471026026,7.931815282593794
1587600,5.832598920931965,6.315371284198235,407920.53047242254,7.931905596655208
1587700,5.832692570236586,6.315495106974201,407926.70664352656,7.932055262133374
1587800,5.832783922298529,6.315617217206732,407933.03246261145,7.932146254104646
1587900,5.832873217056846,6.315723171793624,407939.11734512437,7.9322955260130845
1588000,5.832976741954436,6.31580331593264,407945.67561803426,7.932359633193774
1588100,5.833075607626702,6.315900164724612,407952.56690276624,7.93245612504563
1588200,5.833176820255115,6.316022069223934,407958.46195139934,7.9325694943097655
1588300,5.833254374014855,6.316125333587147,407965.42803025525,7.932710739531666
1588400,5.8333483971488045,6.316208945539295,407971.52897998074,7.932780748864011
1588500,5.833429905372478,6.316305248319132,407978.1526152308,7.932869518147729
1588600,5.833529381442538,6.316427169379496,407984.69282606157,7.933001935986928
1588700,5.833630127903409,6.3165566150418515,407991.6180744929,7.933096327796288
1588800,5.833722579923967,6.316680410133287,407997.2263765221,7.9331594316346195
1588900,5.833823792070329,6.316803627518753,408003.07238121115,7.933282717496738
1589000,5.833924460424869,6.316915875094314,408009.64809216454,7.933396673071537
1589100,5.834008980506957,6.317031799170847,408015.9450036489,7.933543150166435
1589200,5.8341042706439445,6.3171401598213475,408022.19711594837,7.933671730873966
1589300,5.834194913615583,6.317238885298956,408028.433684626,7.9337418250699825
1589400,5.834298727588441,6.317319474215842,408034.6029258562,7.933840050232861
1589500,5.8343951465521675,6.31743946465601,408040.4312554042,7.933955663338795
1589600,5.834479779157273,6.317523514001554,408046.2422357432,7.934037271682999
1589700,5.834584410444264,6.317634856490115,408052.1374755196,7.934182287390533
1589800,5.834671428296184,6.31771172480781,408058.01161331136,7.934283116770441
1589900,5.8347676398893284,6.317787989329798,408064.3263861995,7.934367633039886
1590000,5.834855467561849,6.31787578690223,408070.1050126807,7.934483145965914
1590100,5.8349304849253,6.317965679304105,408076.4977798579,7.934592941149839
1590200,5.835005291812081,6.318088344608962,408082.74434857635,7.9346826467861105
1590300,5.835085643263497,6.318188012198979,408089.59407426487,7.934776610685132
1590400,5.835160771633217,6.318317178973854,408095.6466904595,7.934842586504223
1590500,5.835248281066198,6.31840160984076,408101.473095995,7.934954702180011
1590600,5.835328641031397,6.318487482598929,408107.17616277473,7.935024228452645
1590700,5.835403083984292,6.318617001269309,408113.04080285085,7.935126587791403
1590800,5.835502476142174,6.318719121593906,408118.96735780203,7.935241016934761
1590900,5.83558156272872,6.318847162856568,408125.62561703986,7.935368491867614
1591000,5.835655128090623,6.318929878246672,408131.86152648815,7.93546780730379
1591100,5.835741248238947,6.319010511459139,408138.21940559545,7.935585586473235
1591200,5.835829798405519,6.319135612290183,408143.79909817054,7.935691219361991
1591300,5.83592337079258,6.3192206530671555,408149.4917048154,7.935776522994764
1591400,5.836010360181544,6.319310195959391,408155.1545122189,7.935850181307419
1591500,5.836101073732298,6.319392199808727,408161.7108111319,7.935931158019044
1591600,5.836200507518249,6.319520464517485,408167.9623730954,7.936025157783188
1591700,5.836291965204759,6.319633322745143,408174.28526614857,7.936107635128233
1591800,5.836385722548177,6.319727211569621,408180.7345001289,7.936203350375172
1591900,5.83645910149153,6.319835626192464,408187.16936372285,7.9363028111704645
1592000,5.836535269377696,6.319926228285553,408194.0592599905,7.93637027792816
1592100,5.836612667166781,6.3200061877188425,408200.7815725645,7.936489717870097
1592200,5.836703596738284,6.320129956278829,408206.7520322831,7.936566455575834
1592300,5.836790430083657,6.320243126038455,408213.5253166402,7.936649360807293
1592400,5.836895505505448,6.320361436161661,408219.5443883913,7.936749131331073
1592500,5.8369974052783355,6.3204541686160205,408225.5844927276,7.936820501192754
1592600,5.8370915263945715,6.320547972575686,408231.2061012547,7.936962055798095
1592700,5.837168359862043,6.320626455414057,408237.4274781448,7.937054825802822
1592800,5.837265842481068,6.320754189592882,408243.4835285265,7.937135955883186
1592900,5.837369352730181,6.320863974262357,408250.17527872534,7.937214838822743
1593000,5.8374615509620575,6.320948588398197,408256.0984903716,7.937282882694747
1593100,5.837546313443504,6.321029465639037,408262.2146878639,7.937360798187881
1593200,5.837641948609352,6.321116676845483,408268.28611072816,7.937442358363964
1593300,5.837736608503855,6.321243818521219,408274.4716524684,7.937581126291372
1593400,5.837813389935079,6.321337375373294,408280.0517603401,7.937649459473634
1593500,5.8378881524679125,6.321459956196649,408285.777202069,7.937746475192534
1593600,5.837967285934565,6.321579274989978,408291.68932039646,7.937821765091444
1593700,5.8380470487090665,6.321670982985384,408297.4149271204,7.937902771738023
1593800,5.838131638709364,6.321786835669197,408303.20168857195,7.937974067538883
1593900,5.8382240866466075,6.321902547895105,408310.0542678791,7.938058248516317
1594000,5.8383224250159715,6.3220229685881675,408316.3443828366,7.938157210368739
1594100,5.838402797499282,6.322134028950309,408323.0243045464,7.938267580837432
1594200,5.838505057988372,6.322242492636856,408328.710399557,7.938371998967457
1594300,5.8385811133490435,6.322315888416528,408334.9361224755,7.938458135663797
1594400,5.838664271720734,6.322412101058808,408340.93982219254,7.938602362641189
1594500,5.838748648271017,6.322522489318659,408347.4623480226,7.938734385345809
1594600,5.838850551217924,6.322626074401235,408354.0824465265,7.938861900737396
1594700,5.838951517845319,6.322706754510941,408360.72099222086,7.938942407956465
1594800,5.8390325688627955,6.322780026301467,408367.3006875487,7.939008411368829
1594900,5.839106647660401,6.322907877552876,408373.78872983827,7.939148741543043
1595000,5.839180514083376,6.322985331816932,408380.41880409,7.93928492316459
1595100,5.839276652111276,6.32308104876309,408386.8767841242,7.939347350793595
1595200,5.83935942169238,6.32315825128829,408392.6300374581,7.939456170446666
1595300,5.839445335042859,6.323267862879425,408399.0593452252,7.939559336389786
1595400,5.839536379042033,6.3233333278930015,408405.1518781108,7.939642029404748
1595500,5.839609628939832,6.323447786494848,408411.8951789755,7.939751664383072
1595600,5.839686004843218,6.323571458696831,408417.8765248853,7.939871305774034
1595700,5.839773596098125,6.32365368532879,408424.63294086116,7.93998718783779
1595800,5.839869031078705,6.32375830192507,408430.91298918595,7.940087042608456
1595900,5.8399476727923165,6.323869311080803,408437.10188212764,7.940227352087339
1596000,5.840040972857576,6.323992332604539,408442.7387940986,7.940299826744905
1596100,5.8401316164702,6.324110817513944,408448.7422575225,7.940401690779831
1596200,5.8402231388905115,6.324236486692609,408454.9826701555,7.940465027693596
1596300,5.840303551391815,6.324323869751658,408460.9768422784,7.940537192843393
1596400,5.840401855402875,6.324395965787758,408467.06915196514,7.940678500486983
1596500,5.840480015167851,6.324495456579831,408473.0399688907,7.940779890869472
1596600,5.840567304525675,6.324604668667606,408478.97533850843,7.940859880510617
1596700,5.840656003103343,6.324687669128966,408484.9363201924,7.940951869518121
1596800,5.840745045675461,6.324765718372671,408490.8785012905,7.941064940338808
1596900,5.84083434988808,6.324836391135721,408496.4461043506,7.941212423393876
1597000,5.840916768782964,6.3249495019276445,408502.14842255675,7.941288599601416
1597100,5.8409971791827795,6.325023301742069,408508.2496832805,7.94140784650428
1597200,5.8410735824217985,6.325144340720102,408514.8190647345,7.941515806821312
1597300,5.84115456972346,6.32525764003788,408521.5735389841,7.941643663247466
1597400,5.841229108941718,6.325374401998574,408528.2234171344,7.94178421702218
1597500,5.841331876402528,6.325471224187321,408534.24869089073,7.941865708429566
1597600,5.841428548260294,6.325561769757422,408539.9327685993,7.9419815789661925
1597700,5.841531326685502,6.325676886980029,408545.8394405461,7.942129205480201
1597800,5.84160565125659,6.32579711440963,408551.82571707945,7.942260398622591
1597900,5.8416992771223475,6.325911940106276,408558.5125142703,7.942322313449349
1598000,5.841776743641744,6.32600558602839,408564.3280544327,7.942404989136332
1598100,5.84187530610073,6.3260995367580835,408569.888911932,7.94249527809098
1598200,5.841951491351273,6.326220836575317,408575.91164692625,7.942640604844337
1598300,5.842037405896272,6.326326613889059,408582.1372292402,7.942777787343487
1598400,5.842130298608073,6.326433387723637,408588.75123603345,7.942890618191829
1598500,5.842207206793163,6.326537137109002,408594.42118957173,7.9429816108926845
1598600,5.842281241267137,6.326628235976507,408600.57129426766,7.943054400664461
1598700,5.842361940980746,6.326721185494022,408606.2539348303,7.943129010749368
1598800,5.842435570358595,6.326829539374351,408612.1602829691,7.943206685626634
1598900,5.842510077425774,6.326926688382411,408618.904643386,7.9432968832623265
1599000,5.842584867291587,6.326991148380629,408624.52885360905,7.943420954234065
1599100,5.842663792931764,6.3270931503901044,408630.2657426689,7.943543150674065
1599200,5.842762217540147,6.327213220534243,408636.0786910911,7.943689069622655
1599300,5.84286258379896,6.3272873381230665,408642.22953165264,7.943787400235331
1599400,5.842937721769568,6.327381802536044,408648.10850204446,7.943870917307923
1599500,5.843037647993493,6.32748699577637,408654.7378913444,7.944010736636761
1599600,5.84313899693195,6.327573716595933,408660.40629351616,7.944144180072019
1599700,5.84321358628754,6.327693323088996,408666.3172143943,7.944259000085432
1599800,5.843298301682645,6.327776942008106,408672.18462540867,7.944372236974862
1599900,5.843381611545653,6.327850350760742,408678.8646435778,7.944476744539172
1600000,5.84348007675442,6.3279528791794535,408685.64740725316,7.9446236916919295
1600100,5.843561518145068,6.328038846966956,408691.57244607277,7.9447321148698915
1600200,5.8436455740002184,6.328105446831304,408697.02760319284,7.944870183165837
1600300,5.8437472922066025,6.328217241369948,408703.6926414893,7.944976887387214
1600400,5.843823174473837,6.328315391646415,408710.29223807424,7.9450782194900285
1600500,5.843924629564814,6.328431452093242,408716.86889669474,7.945218349159263
1600600,5.844008250229372,6.328558504970218,408722.466565774,7.945350602027659
1600700,5.84409263354,6.328641690764824,408729.0238130661,7.945433177060781
1600800,5.844171096442646,6.328730818924838,408734.7573201399,7.945519313392514
1600900,5.844264844251927,6.3288326830523545,408741.5396016185,7.945651581911706
1601000,5.84435762986932,6.328921378091069,408747.3641516686,7.945781281429255
1601100,5.844455235815283,6.329022376622447,408753.8117405083,7.945890838559605
1601200,5.844528858477443,6.329105864903053,408760.0861779865,7.945993860280173
1601300,5.844625633988267,6.329230360318979,408766.8430208883,7.946082400769875
1601400,5.8447169857168015,6.329329220270671,408772.37580673513,7.946227264559712
1601500,5.844800868104837,6.329443400624446,408778.3649083467,7.9463605881936745
1601600,5.844897277683798,6.3295233878817925,408784.1136072974,7.946501307443409
1601700,5.84499134380196,6.329648072140255,408790.2998006689,7.94663492639606
1601800,5.845065021146549,6.32975615102227,408796.1123554805,7.946768005183185
1601900,5.845166678417212,6.329838287647354,408802.7479493002,7.9468789385168135
1602000,5.845242553369458,6.329914335894588,408809.42879444454,7.9469466882180875
1602100,5.845323694823693,6.330003356728146,408815.20210424165,7.947027010909297
1602200,5.845421438850905,6.330088456842499,408821.3717158868,7.947142947886319
1602300,5.845508722392745,6.330212672604376,408827.1393324342,7.94723168340905
1602400,5.845582258260161,6.330322557015721,408833.2420072967,7.947296520913775
1602500,5.845661219239281,6.330427949088354,408839.62915901997,7.947363299700806
1602600,5.845762982637872,6.330541371871605,408845.30141751136,7.947458210498975
1602700,5.845842861487272,6.330613241174943,408851.6233962911,7.947598500895173
1602800,5.845936949899666,6.330691549500659,408857.677560878,7.947713291855988
1602900,5.846019634601252,6.330772693636768,408864.3636139734,7.947849124620555
1603000,5.846091144075806,6.330853160747308,408870.69458861806,7.947915415448829
1603100,5.846176588234172,6.33092580278168,408876.6974670272,7.948015495930708
1603200,5.846251817003904,6.331026019315958,408883.13788585656,7.948107365400886
1603300,5.846342626594972,6.331094453106602,408889.07731870934,7.948241032639724
1603400,5.846422556874753,6.331219281764364,408895.237523617,7.94830978600112
1603500,5.846520020197732,6.3312885266710195,408900.8334961886,7.948432424334872
1603600,5.8465952657857425,6.331409933231459,408907.0698163655,7.948537252857109
1603700,5.846682624613497,6.331524036935035,408913.41785279126,7.948626741918448
1603800,5.8467643415398465,6.331631380949613,408919.05159147683,7.948767576133622
1603900,5.846851532780413,6.331727082097857,408925.14697755955,7.9488782499532755
1604000,5.84694284675338,6.331836513598016,408931.7200884437,7.948965177691978
1604100,5.84703636595471,6.331958068133457,408937.8587676268,7.949104183524313
1604200,5.847137844503718,6.332045824043027,408944.03338824265,7.949210730306438
1604300,5.847219317771579,6.332109484012662,408950.613289938,7.949351030058641
1604400,5.847304479212112,6.332223831210656,408956.05937299854,7.94946672288151
1604500,5.8473990086241585,6.332293604962533,408962.60507484176,7.949604018196589
1604600,5.847490498685702,6.332375054158548,408968.00114056567,7.949691919308707
1604700,5.847574334206429,6.332463763013581,408974.29130272125,7.949795817555012
1604800,5.847651353433309,6.332558222720788,408980.82813727355,7.949860709408766
1604900,5.847727676242945,6.332635665884097,408986.96719806193,7.949981589691068
1605000,5.847823759687487,6.3327380052477995,408993.30960020225,7.950078489133395
1605100,5.847903628940211,6.332813296821773,408999.78997025546,7.950167108375042
1605200,5.84798917240527,6.332920017933603,409006.0279655351,7.950258778673656
1605300,5.848084127526035,6.33302154310643,409011.5512308785,7.950373813382517
1605400,5.848165783669543,6.333088594893422,409017.0629624977,7.950496904470422
1605500,5.848252336297143,6.333189068025369,409023.69406223285,7.950633980618629
1605600,5.84832794519638,6.333287621891032,409030.38572545134,7.950744170219711
1605700,5.848413829843294,6.3333755651576285,409036.74897358526,7.95082659214578
1605800,5.848502276852109,6.3334517161890425,409043.2344122902,7.95093927714477
1605900,5.848596090524485,6.3335602106559055,409048.7671656099,7.951035667237846
1606000,5.848674221179289,6.333655479381239,409054.8258989386,7.951160253059209
1606100,5.848756905656573,6.333775972971221,409061.02727498254,7.951282176230525
1606200,5.848845631137337,6.3338944231679,409066.52004527464,7.951355749623063
1606300,5.848917013919332,6.333967364245165,409071.8930379677,7.951481161973501
1606400,5.84901416890003,6.334087580981175,409078.2207326519,7.951566574010323
1606500,5.849099089512621,6.334189724864009,409084.8331862751,7.951633196025009
1606600,5.8491997639198265,6.334281513921649,409090.403870224,7.95170771411994
1606700,5.849298282040222,6.334393685033015,409097.0462927551,7.951836276657041
1606800,5.849397937945692,6.334498373553164,409103.7361028002,7.9519214457330145
1606900,5.8494940304155,6.334587276406852,409110.3449974715,7.952000201643031
1607000,5.849578422877791,6.334669818632733,409115.81819351576,7.952098489083751
1607100,5.849649317365204,6.3347733061220195,409121.3432873687,7.9521708200237144
1607200,5.849729503489846,6.334893120832942,409126.94733369444,7.952234148992987
1607300,5.849806071961729,6.33500414932132,409132.625414786,7.952304180042602
1607400,5.849896940324463,6.3350809869922164,409138.9058539862,7.952375472536337
1607500,5.849995664261311,6.335192009187544,409144.8398670189,7.952449065778577
1607600,5.850094951692288,6.335261617246518,409151.2402175431,7.952588944067727
1607700,5.8501662644093075,6.335339436539535,409156.87604105973,7.952658406196294
1607800,5.8502445148771995,6.335443393869753,409162.3358380352,7.952774578999934
1607900,5.850315253386893,6.335538645567121,409168.81937742245,7.952899939385211
1608000,5.850410500922267,6.335625992806392,409175.2945565997,7.952994406242368
1608100,5.850487597029004,6.335689789197481,409181.0485501298,7.953126319202088
1608200,5.850588308273665,6.335796860581463,409187.5830460883,7.95325515713829
1608300,5.850669839310947,6.3358667153946735,409194.1976255579,7.95336539824181
1608400,5.850758383644252,6.33598604326924,409200.84196036885,7.95348807623758
1608500,5.850830948044814,6.336076575737562,409207.4557959974,7.953598597925194
1608600,5.850918253675398,6.336188730485535,409212.9187544309,7.95366841612866
1608700,5.850989611249172,6.336310419846516,409218.63344236434,7.953742059710875
1608800,5.851061186080386,6.336434419645083,409225.07621238055,7.953866857053772
1608900,5.851160700319539,6.336498782798998,409231.30106208764,7.953996738600876
1609000,5.8512366912156,6.3365800769442355,409236.6730093412,7.954109560389382
1609100,5.851322341764843,6.336657523987737,409243.28894031455,7.954204423019079
1609200,5.851394907273279,6.336762971806372,409248.69994241535,7.954340936943677
1609300,5.851473326827546,6.336840151199572,409254.04071274603,7.954476293882436
1609400,5.851562232624482,6.336953724158466,409260.0751684549,7.95456192590906
1609500,5.851641848317843,6.337053275664474,409266.1885968852,7.954690359680497
1609600,5.8517395440570175,6.337166703899741,409272.3405588589,7.954829515137352
1609700,5.851830989297871,6.337238629466869,409278.7129128518,7.954971872908877
1609800,5.8519051487128655,6.337360780370003,409284.65389262064,7.955033664971121
1609900,5.85199413284212,6.337436622902108,409291.20518236584,7.955133705624918
1610000,5.852082915091324,6.337528828156811,409297.499780754,7.955202200652454
1610100,5.852175980249857,6.337608145829639,409303.2640559588,7.955319965952479
1610200,5.852260763865835,6.337695499677232,409308.6591266706,7.955419451059888
1610300,5.852336242679471,6.337809543090086,409314.2687139516,7.955553673910612
1610400,5.85242293432033,6.3379315448782005,409320.49241805397,7.955693144387158
1610500,5.852495737238007,6.338023233114518,409327.0885294324,7.955777924435872
1610600,5.852582571833986,6.338101744513005,409332.81128728075,7.955899365679147
1610700,5.852674108620999,6.338178384156677,409339.2776567968,7.95595871692976
1610800,5.852757386259634,6.3382785562019075,409345.017753149,7.956089927075613
1610900,5.852850341029154,6.338363090900344,409351.0120133013,7.956212579937046
1611000,5.852949897144647,6.3384292258207955,409356.4086568893,7.956347896404395
1611100,5.853030878499347,6.338507761551486,409362.2985046601,7.956406871343823
1611200,5.853113712358714,6.338626232446037,409368.4106553562,7.956515761149328
1611300,5.853187475187649,6.338738877982006,409374.6119681195,7.956630076805992
1611400,5.853272671403356,6.338853599764062,409380.10114415153,7.956722780801862
1611500,5.853344497651316,6.338962888933106,409386.42239409086,7.956852718608965
1611600,5.853417116101581,6.339070956446022,409391.73390614067,7.956992648879838
1611700,5.853511515368121,6.339188452604189,409397.072700063,7.9570815808962925
1611800,5.8535937848774156,6.339283601485971,409403.476238927,7.9571871490504975
1611900,5.853687123536773,6.339347544808785,409409.80744681956,7.957312849620762
1612000,5.853764217898191,6.3394466769386595,409416.00620417105,7.957438782673817
1612100,5.853853333245407,6.339559262561089,409422.1649062513,7.957506663911687
1612200,5.853926774965124,6.339668773403394,409428.5337747554,7.957609442358767
1612300,5.854009987408302,6.339769055456938,409434.89780002146,7.9577417349508535
1612400,5.854091666724391,6.339846834824715,409440.9738654033,7.957866488572007
1612500,5.854192026313086,6.339950961551429,409446.92594856967,7.957932939293717
1612600,5.854290203212748,6.340067257239345,409453.2749805417,7.958055882337538
1612700,5.854384885025444,6.340171398351574,409459.36360669107,7.9581546819173825
1612800,5.8544684691961,6.340278501824715,409465.6056153736,7.958217593698405
1612900,5.85456807042198,6.3403742153094615,409471.940938401,7.958276584303146
1613000,5.854658132131806,6.340457643512294,409478.12477604125,7.958353521497406
1613100,5.854731716533421,6.340537434329594,409484.26324365655,7.95843476020361
1613200,5.854803264565352,6.340632930265276,409489.8549656856,7.958515543149323
1613300,5.854891449313565,6.340720532203559,409496.4092696968,7.958638621487928
1613400,5.854975143416019,6.340832039326569,409501.84870634554,7.958750093519028
1613500,5.855044888765088,6.340894255698599,409508.00657072803,7.958819920825138
1613600,5.855122662174464,6.34099717608268,409514.0758094206,7.958914580073368
1613700,5.8551976712890434,6.341073169719171,409519.48458606633,7.958990305743066
1613800,5.855292600356732,6.341189667082836,409525.93568533374,7.959069953382664
1613900,5.855373108027097,6.341305217343645,409531.91240591515,7.959174766330137
1614000,5.85545182585645,6.341396558084448,409537.54049355234,7.959235549115566
1614100,5.855536420112038,6.341472080343122,409543.73016278964,7.95933408178864
1614200,5.8556357806440325,6.341580608374634,409549.09891507035,7.959455547484091
1614300,5.855710463634527,6.341661241509928,409554.4472908611,7.959528570913421
1614400,5.855786194619378,6.341756945993524,409560.81041216623,7.9596164714740185
1614500,5.855882285487335,6.341841699721005,409566.6767488909,7.959683483618977
1614600,5.855958928121766,6.341963339605639,409573.1380574194,7.959764373288092
1614700,5.856048562992901,6.342069312380984,409578.5126683132,7.959860828411197
1614800,5.8561221307913796,6.342150005714489,409584.7868699884,7.95999551543409
1614900,5.856212465639697,6.342229384175856,409591.21249090374,7.960054004773629
1615000,5.8562825439412665,6.3423189966181885,409596.66112123034,7.9601555623256255
1615100,5.856377775252287,6.342399428612307,409602.3488090279,7.960255359386203
1615200,5.85646025460581,6.34246694447001,409608.63671889197,7.960381925592128
1615300,5.856558924255313,6.342576683650867,409614.6123857834,7.9605212612537954
1615400,5.856629078481468,6.342693745797422,409620.39809490787,7.960639817356388
1615500,5.8567167392757735,6.342790182508138,409625.88233823667,7.960734612239621
1615600,5.856804475605587,6.34286163076128,409631.97600092174,7.960827942880138
1615700,5.856874951917135,6.342974806015846,409637.9137391172,7.960945940113053
1615800,5.856966412547931,6.34305523337586,409643.9218310235,7.9610175567626
1615900,5.857047335056932,6.343127657930604,409649.5268771066,7.961155846340575
1616000,5.8571258984242975,6.343220647686844,409654.99449469795,7.961241619124852
1616100,5.857219821290579,6.343293909909547,409660.478788163,7.961302473733578
1616200,5.857312870079779,6.343395990491055,409666.6280243752,7.961405910154684
1616300,5.857401238168821,6.343508871195009,409673.0207314556,7.961504823120014
1616400,5.8574995177027045,6.343622115604349,409678.32922082895,7.961581347499131
1616500,5.857571167718769,6.343744302860513,409684.4865241193,7.961679455352029
1616600,5.857659585152492,6.343848511698906,409689.80682029115,7.96180278843742
1616700,5.857739806335885,6.343933576459454,409695.2397250299,7.961885978360911
1616800,5.857820587533793,6.344013177302209,409701.5258365818,7.962017827970381
1616900,5.857913746383199,6.344120461428824,409706.90428889514,7.962142363387063
1617000,5.857995160769068,6.344205278248235,409712.5436000689,7.962216502477041
1617100,5.858074424368209,6.344282064084636,409717.80993859225,7.962344113372292
1617200,5.858148226300778,6.344353072710826,409724.00985531416,7.962412317022727
1617300,5.858228824745765,6.344423775547591,409730.16044615116,7.96254557801753
1617400,5.858319038935426,6.344525285940702,409736.6708583402,7.962674597821058
1617500,5.858392795685932,6.344620690121668,409742.44866623246,7.9627919175999695
1617600,5.858474878045842,6.344728774245407,409747.99281548173,7.962860503721155
1617700,5.858559451734029,6.34484547666873,409754.3368417249,7.962930426089002
1617800,5.858636491860359,6.344960953551244,409760.6369910166,7.963038155097323
1617900,5.8587105735737355,6.345027750688331,409766.5395089186,7.963115971432108
1618000,5.858781994808701,6.3451379347197125,409772.6357935119,7.963231600134702
1618100,5.858878797700373,6.345242321607284,409778.7816705952,7.963368555266137
1618200,5.858965640225731,6.345311767007685,409785.25415866514,7.963456129585265
1618300,5.85905940068707,6.345395020111945,409790.51741375425,7.963556962266274
1618400,5.859132409409784,6.34546374340407,409796.1710583617,7.963633187759461
1618500,5.859229117448608,6.345526053625488,409802.16776329634,7.963740305996962
1618600,5.859318134062337,6.345633138676617,409807.97216616373,7.963812709649873
1618700,5.859407845586074,6.345753159327164,409814.3336663253,7.963947244556962
1618800,5.859480430310057,6.345844543728743,409819.5483435287,7.964017082413659
1618900,5.859559480971753,6.345966260177052,409825.08457890246,7.964152225985563
1619000,5.859647562282471,6.346066235677559,409830.5082358988,7.96422426620561
1619100,5.859744894820849,6.346186563723216,409836.9504148671,7.964285613323415
1619200,5.859839255327593,6.3463046399536545,409842.8332834232,7.964399377684557
1619300,5.859912415988493,6.346419699778187,409849.19156081084,7.964531382795179
1619400,5.86000516136985,6.346516376964446,409854.72068413254,7.96464869297107
1619500,5.860095303387245,6.3466169254675195,409860.2087660005,7.9647080096422895
1619600,5.860176594607238,6.346716720138207,409865.8196563279,7.96481583477225
1619700,5.860257057067368,6.34680484095071,409871.3220039559,7.964949083958827
1619800,5.860347448888824,6.346904906795681,409877.39375997183,7.9650616727492904
1619900,5.860434180042612,6.346991047525966,409883.2316684164,7.96518253498272
1620000,5.860512598076156,6.347085133823024,409889.50629831443,7.965284757758177
1620100,5.860582450613218,6.347197538428282,409895.59977221326,7.965381311361035
1620200,5.860673371463477,6.3472763560261125,409901.9356626227,7.965507113713464
1620300,5.860749058296185,6.347394643799834,409907.9135475878,7.965596067128775
1620400,5.860826830068005,6.347468432074653,409913.8761903912,7.965656163335602
1620500,5.86090105429587,6.347575040960178,409919.9932680305,7.965732259621151
1620600,5.8609931759412595,6.347691534725295,409925.5874130632,7.965827860042667
1620700,5.86106547095596,6.347783706350019,409932.00306105515,7.96590680373351
1620800,5.861155012966577,6.347892204047846,409938.27023764834,7.965992821879592
1620900,5.861238471713947,6.348008022095231,409944.14893122634,7.966076050051154
1621000,5.861309939588717,6.34806904786442,409950.07053270686,7.96613527716478
1621100,5.861392112512293,6.348151004835578,409956.0868308489,7.966223867118223
1621200,5.8614769293429845,6.34822248158691,409962.421632981,7.966363391014872
1621300,5.8615578435631495,6.348299967850628,409968.6386074986,7.966476036588421
1621400,5.861652282752241,6.348370728866753,409974.7830094039,7.966575190697689
1621500,5.861738512576641,6.348463331827666,409980.55282787717,7.966671440476819
1621600,5.861809277953167,6.348538498365098,409986.2900439146,7.966808075574299
1621700,5.86190275152404,6.348618690837861,409991.50219362794,7.966939777045495
1621800,5.8619827270801155,6.348717158891502,409997.6440490021,7.967015646651709
1621900,5.862075224925047,6.3488041218707405,410003.55634089303,7.967084201202044
1622000,5.862159853275619,6.348871084212374,410009.9250353278,7.967196474198578
1622100,5.862235900438993,6.348963080483257,410016.1063116042,7.967283826098511
1622200,5.862325423899654,6.349027217473529,410022.0154243847,7.967408022973855
1622300,5.862406892312584,6.349124437791992,410028.2699090511,7.967520570758013
1622400,5.862485306786132,6.3492009181497915,410034.4581533184,7.967651103806102
1622500,5.8625758521812505,6.349294612501681,410039.67358494306,7.967718947569813
1622600,5.862663894077551,6.349398687218417,410045.78598753334,7.967843924076172
1622700,5.862756734736583,6.349464395030146,410052.0875440971,7.9679253154553304
1622800,5.862840710644748,6.349551544928827,410058.1386247983,7.968010558725229
1622900,5.86291258307832,6.349643931575997,410064.4031935788,7.9681458830293295
1623000,5.8629988400046145,6.349740843306439,410069.98117969034,7.968266282057056
1623100,5.863092292231329,6.349807826098149,410076.1177893672,7.968401896313377
1623200,5.863184024187606,6.349923837008767,410082.5187859984,7.9684999378594705
1623300,5.863275853843394,6.350024941560227,410088.8984911687,7.968569114526893
1623400,5.863354863703308,6.350134369956846,410094.53601403825,7.968632068409611
1623500,5.863434911970469,6.350243544195095,410100.06212395267,7.968741422298755
1623600,5.863517828224881,6.350315337630466,410105.89885816607,7.968804288178827
1623700,5.863598890982933,6.350429385664276,410111.7208457848,7.968906321215608
1623800,5.863681907221634,6.350504258339683,410117.1255721286,7.969008990003764
1623900,5.863779328630082,6.350612026494581,410122.7050777349,7.969080443145144
1624000,5.863856054106966,6.350701243440133,410128.1812366218,7.969152415826741
1624100,5.863950101351337,6.3508050538176635,410134.2455385101,7.96924399357611
1624200,5.86403918934498,6.35086770643282,410140.2464755747,7.969355265919933
1624300,5.864108620335414,6.350945235681909,410145.56195872213,7.969477307179874
1624400,5.864182906729214,6.351010019308143,410151.8656353501,7.969554447691313
1624500,5.864251258670553,6.35112275391601,410157.77630609664,7.969640658850131
1624600,5.864347456756588,6.351218138768489,410163.6537895558,7.969763738501605
1624700,5.864443408494751,6.35130760210801,410169.9387170517,7.969826724257414
1624800,5.864513946948905,6.351403826404797,410175.92880525824,7.969895559541922
1624900,5.864608458017528,6.351504334386116,410181.50068589405,7.9699675762213396
1625000,5.864696088139483,6.351572651544014,410187.12548598566,7.9700600667243995
1625100,5.864782213591422,6.351689801194432,410192.9041057421,7.970138000604765
1625200,5.864877071171682,6.351792841549264,410198.7468551676,7.970254005836272
1625300,5.864953135238246,6.351868941702724,410204.18489248573,7.970370464334563
1625400,5.865031108886911,6.3519777715108985,410209.4587623026,7.970485325578044
1625500,5.8651128898621705,6.352085348228507,410215.01180826314,7.97056584022729
1625600,5.865192672839017,6.3521705672013935,410220.16484500933,7.97068217684584
1625700,5.8652608478245085,6.352233273052486,410225.98276237614,7.970806660172961
1625800,5.865357167404701,6.35233510616976,410231.31877429737,7.9709284569337795
1625900,5.865441447483641,6.352450581593317,410236.8539116195,7.970993037634033
1626000,5.86553797305877,6.352530320057332,410242.26935789967,7.97105433023621
1626100,5.8656255092381295,6.3526120861071655,410248.15526193683,7.971121978317354
1626200,5.865715275937866,6.3526906782065335,410253.94127581717,7.971206553281477
1626300,5.865784808608673,6.352757859931277,410259.22719655756,7.971315146986059
1626400,5.865859922223147,6.352870378242213,410265.2907321506,7.971407226246846
1626500,5.865944337691864,6.352983387963188,410271.2496505646,7.971495297414289
1626600,5.866017006622419,6.353100931450714,410276.72767931264,7.971632158907836
1626700,5.866085657031479,6.3532051272379215,410282.20281742845,7.971690680309286
1626800,5.8661555103601275,6.353273677597807,410288.2590173954,7.971818534734572
1626900,5.866239889587423,6.353344107129102,410293.5948445366,7.97193154590252
1627000,5.866329788801633,6.353437819244492,410299.62620287196,7.97199877328783
1627100,5.8663984568519165,6.353503894990864,410305.69497568556,7.972120801819509
1627200,5.866477803640161,6.35357824558541,410311.03080754523,7.972230561368007
1627300,5.866566864173545,6.353692561764667,410316.9861678751,7.972322530180915
1627400,5.866654400036216,6.353770874785343,410323.05753664894,7.97240256474478
1627500,5.866748239149154,6.353881442386682,410329.4039919972,7.972470495763393
1627600,5.866817162605893,6.353975429471654,410335.31316225615,7.972597645882401
1627700,5.866908766472014,6.354063505568292,410340.6958629512,7.972709623761587
1627800,5.866998881370575,6.354145168430965,410346.4573700805,7.972776714972841
1627900,5.867081258883051,6.354230017557206,410351.57286054734,7.972873931242128
1628000,5.867163246125455,6.3542938274561145,410357.2145753274,7.9729434187769215
1628100,5.867250006145429,6.354382159547905,410363.22395092534,7.973072645185457
1628200,5.867337366257409,6.354480101750139,410368.46839743934,7.97315948449467
1628300,5.867418099222127,6.354590509304124,410374.09597702126,7.973247269418366
1628400,5.867504791118566,6.354656042306884,410379.9166706339,7.973363661990491
1628500,5.867596923163091,6.35475006647179,410385.3229891171,7.973447302155845
1628600,5.867683747361219,6.354832919084354,410390.945588966,7.973519410471681
1628700,5.867760931524788,6.354915793058783,410396.64718899596,7.973598855158104
1628800,5.867851236738338,6.355028879479421,410401.7345925315,7.973703959894245
1628900,5.867929929233719,6.355116021050301,410407.0742925118,7.973836507915222
1629000,5.867998896788594,6.3552315218488005,410412.7570423653,7.9739674593996686
1629100,5.8680918014203005,6.355337298213135,410418.3512196282,7.974078563798312
1629200,5.868176652444792,6.355412768890626,410423.4650199982,7.97414987161401
1629300,5.868256893400548,6.3555040469986155,410429.61913825205,7.974237843111084
1629400,5.868324693382721,6.355600059835675,410435.7965719705,7.974310586917654
1629500,5.86841030310569,6.355669040477671,410442.04041781335,7.97437409739532
1629600,5.868499398865298,6.355773434556643,410447.3509411494,7.974495305778951
1629700,5.86856768396564,6.355884070202846,410452.4785986619,7.974617518606674
1629800,5.868655184109537,6.3559638344795575,410458.00464807503,7.974744744692077
1629900,5.868747564395167,6.356079114902855,410464.0124213861,7.974874283768228
1630000,5.868834302951701,6.356165717693724,410469.7384592791,7.974939949878783
1630100,5.868915782901034,6.356254104021046,410474.9815430302,7.975012566735971
1630200,5.868994389886215,6.3563554242122855,410480.32157289423,7.975141416569431
1630300,5.869088691854199,6.356468914839111,410485.6372624673,7.975265548243657
1630400,5.869176794812764,6.356586995049384,410491.22692600114,7.975342837044118
1630500,5.86926825826135,6.356689599924705,410497.00690814457,7.975420422861693
1630600,5.869362559492642,6.356804266659605,410503.25352917355,7.975516684342562
1630700,5.869449566855109,6.356868473931542,410508.9734802949,7.97561689185533
1630800,5.869521271543043,6.356970098251445,410514.9001287341,7.975681108213118
1630900,5.8695920180498025,6.357073968150721,410520.6569950631,7.975769577385417
1631000,5.869659051517777,6.357150219623752,410526.83424133965,7.975894056287534
1631100,5.869726638321018,6.357226529028718,410532.6718377115,7.97595615776684
1631200,5.86982236680319,6.357337740231537,410537.750882481,7.976034630660913
1631300,5.869913491801991,6.357419686815899,410543.7140037979,7.976126310636988
1631400,5.86998344650869,6.357516554259672,410548.8507179678,7.976227918766148
1631500,5.870052093233855,6.357591121977374,410554.4630092297,7.97629702679295
1631600,5.870131723604297,6.357688836842988,410559.9224375895,7.976353836431805
1631700,5.870224599216941,6.357798842951257,410565.910749472,7.976422850022905
1631800,5.870298704495307,6.357874577444205,410571.39028253936,7.976496267972243
1631900,5.870384132387662,6.357972777750153,410576.91487725487,7.976595739727445
1632000,5.870455684798291,6.358074162889149,410582.41614392237,7.976675412540414
1632100,5.870528417576688,6.358137496071851,410588.2948461189,7.9767779803852905
1632200,5.870609788623023,6.358239901681514,410593.34639684984,7.976877633009318
1632300,5.870683828719002,6.358325482118616,410598.4131609979,7.976962071242892
1632400,5.87077128721685,6.3584263582275575,410603.57237416354,7.977064058680235
1632500,5.8708538254349545,6.358509376436478,410609.50841169915,7.977144303949329
1632600,5.87094831257802,6.358601977985529,410615.5302733055,7.9772608134913
1632700,5.871028458797852,6.358675236517805,410621.5002653357,7.97735322649056
1632800,5.871109000029433,6.358760796798831,410626.6258037888,7.97742436427553
1632900,5.871186745586623,6.358840891287847,410632.48513142613,7.977528651996111
1633000,5.871282221072886,6.358933315063121,410638.7236312333,7.977591699467027
1633100,5.871362142737305,6.3590113657412015,410644.1902472815,7.977694778511148
1633200,5.871441902883019,6.3591089603068065,410650.289066489,7.977773436993909
1633300,5.871534892012393,6.359200055090365,410656.3670064551,7.977884111247701
1633400,5.8716055030709935,6.359292355849268,410662.2082307131,7.97795336289857
1633500,5.871696315428043,6.359351677933892,410667.4353353963,7.978068440152577
1633600,5.871766615681841,6.359460328909423,410673.1690883867,7.978170967128841
1633700,5.8718399103341765,6.359522056528783,410678.63137987704,7.978263578194952
1633800,5.871925500757861,6.359585896369823,410684.28108360997,7.978386426299918
1633900,5.871999876440241,6.359690632411044,410690.0510521816,7.978498189591375
1634000,5.872087687460328,6.359786190366446,410695.5081696849,7.978559119731372
1634100,5.872165256773999,6.359893184830103,410701.5977802473,7.978672864853733
1634200,5.8722588532261595,6.359978026729291,410706.8258790946,7.9787821703187225
1634300,5.872335453609571,6.360043791283199,410712.8752392827,7.978908285499344
1634400,5.872425672660341,6.360159461311353,410718.89741521556,7.978966351067095
1634500,5.872520935715022,6.360226765745151,410724.8732728472,7.979071963765289
1634600,5.8726055072075045,6.360333524371618,410730.54934922536,7.979191152970766
1634700,5.872690930076753,6.360409306256215,410736.35804396786,7.979262446445762
1634800,5.8727589548903,6.360491037133687,410741.90467911167,7.979359891957221
1634900,5.872825244964025,6.360600043852166,410746.99302356975,7.9794833796905005
1635000,5.8729006594698125,6.36066109122921,410752.0123480635,7.979567510887215
1635100,5.872984760481035,6.360725707267016,410757.30458377994,7.979626362435073
1635200,5.873056133100026,6.360805180462273,410762.7894628265,7.9797582287010185
1635300,5.873142467067027,6.3609015657583585,410767.81781083037,7.979836584753027
1635400,5.87323598400926,6.360989589241923,410773.06047390617,7.979965329129674
1635500,5.873325175349735,6.3610886293250575,410778.35106652556,7.980056225135576
1635600,5.873406620025474,6.361173593604591,410784.181484094,7.980155601354229
1635700,5.8734983469311395,6.361274824311311,410789.46314951126,7.980250049045129
1635800,5.87358075180345,6.361348499339243,410795.6494656826,7.980316948827106
1635900,5.873672704606243,6.36145553806223,410801.3157867246,7.980427219907567
1636000,5.873743525344525,6.361571800890853,410806.38404037344,7.980496568878528
1636100,5.873820468535198,6.361655712580371,410811.862978656,7.980554734001093
1636200,5.873896951166278,6.361737555411519,410817.4949910961,7.980684530040507
1636300,5.873991750096403,6.361809366520344,410823.4953516101,7.980795494205316
1636400,5.874063375942645,6.361899204969137,410828.81822635053,7.98089375992848
1636500,5.874140505333857,6.361973159451054,410834.2217988646,7.980968556909787
1636600,5.874214350302433,6.362080580874003,410839.68051945773,7.981088929760642
1636700,5.874289524149959,6.362169130766307,410845.41406853864,7.9811818402262205
1636800,5.874372283762834,6.362279165453077,410851.09839617123,7.981262025793122
1636900,5.874458141089504,6.362366090684137,410856.1882186652,7.981387665040238
1637000,5.874532045097756,6.362476076767775,410861.8969794132,7.981510366518144
1637100,5.874620104406801,6.362576384121506,410867.79423149914,7.9815742477613085
1637200,5.874710194103118,6.362636588388861,410873.97058468504,7.981648237051612
1637300,5.8747832648048,6.362726865318899,410879.4974146216,7.98172832186587
1637400,5.8748682792074405,6.362804876598708,410884.680177803,7.981804638863015
1637500,5.8749495579867155,6.362882088570972,410890.4757351342,7.981880614432932
1637600,5.8750322243367625,6.362952541946302,410895.9642837013,7.982013532280845
1637700,5.875098205781903,6.363041876530611,410901.5709421715,7.9821060788663205
1637800,5.875166874293654,6.363145770450456,410906.5945834832,7.98219851257392
1637900,5.875242396028114,6.363232867983919,410912.50136901456,7.982258037114157
1638000,5.875315747442902,6.363314718311611,410917.7729716147,7.982389781369481
1638100,5.875395572731215,6.363389633774191,410923.17116932455,7.982485567666596
1638200,5.875464775030806,6.363453432139643,410929.0370713209,7.982593537831511
1638300,5.875545552100411,6.363522633910586,410934.5987882848,7.982677624594282
1638400,5.875634636381656,6.363604256016847,410940.7504115878,7.982735018808636
1638500,5.87570697826661,6.363686965896738,410946.0355204445,7.982791054959132
1638600,5.875787817129132,6.3637584688613416,410952.0107329647,7.982923708047985
1638700,5.875874045584926,6.3638210753398425,410957.5845573515,7.9830474997600485
1638800,5.875958556562835,6.363898537346493,410963.6271213955,7.983115921459492
1638900,5.876028941366361,6.363977149655063,410968.9393761764,7.983206277141663
1639000,5.876096827122351,6.364064848774393,410974.1151724347,7.98333694466263
1639100,5.876166422694672,6.364173488969927,410980.13168536866,7.983458076138323
1639200,5.876255488623498,6.364239265178555,410986.03003925213,7.983591471665242
1639300,5.876340316845275,6.364308541559769,410991.3937393662,7.983672120522365
1639400,5.876412799073675,6.364420590374276,410996.7442974364,7.983791642896824
1639500,5.87648057780089,6.364510077560993,411002.6990045705,7.983849641723213
1639600,5.876547029386507,6.364577872933522,411008.4088358564,7.9839817401652144
1639700,5.876615496115155,6.364645383196379,411013.68666530284,7.984043003753981
1639800,5.876706285172587,6.36472478330107,411019.5242041332,7.984147918431896
1639900,5.876793140719309,6.364813732998809,411024.9802717359,7.984240108937281
1640000,5.876878617293508,6.364873435026974,411031.00124341727,7.984295126219996
1640100,5.876966805208115,6.364935347923776,411036.2047124023,7.984398017360924
1640200,5.877033260828012,6.365024645411141,411042.23476685205,7.984471922356878
1640300,5.877100401085602,6.365108479526412,411047.5438825239,7.984580670666801
1640400,5.877187892616556,6.365213822337577,411053.3686737749,7.984660893800788
1640500,5.877267813200487,6.365287830480133,411058.59615094087,7.984736400654097
1640600,5.877343428153853,6.365355390003581,411064.7185111731,7.984857230606975
1640700,5.877434306390342,6.3654329260096505,411070.3405762958,7.984963894430987
1640800,5.877508762622839,6.365491276897463,411075.2861299994,7.985075559554391
1640900,5.877598866057257,6.365569222492906,411081.2757240007,7.985171009441508
1641000,5.877689876367103,6.365656430791026,411086.90573948977,7.985281376798514
1641100,5.877759245112304,6.365762393578761,411091.85952204745,7.985362246702047
1641200,5.8778311445765645,6.365836918278675,411096.8836670243,7.985469815701665
1641300,5.877904817308558,6.3659386840539165,411102.3950637361,7.985597209955258
1641400,5.877989954314512,6.36600306561479,411108.44036153104,7.985659354379409
1641500,5.878059732389957,6.366100092234718,411114.51100570057,7.985733392898366
1641600,5.878147400987449,6.366201456480055,411120.4378992158,7.985800116869266
1641700,5.878232068647822,6.366260846375041,411125.7599723934,7.98592425894567
1641800,5.878311558801518,6.3663599476332635,411131.1970610188,7.98601433832415
1641900,5.87840183724083,6.36646509070419,411136.46455309103,7.986121677519399
1642000,5.878479589368673,6.366527510328575,411142.1064608095,7.986176839278936
1642100,5.878546215655132,6.366604913935218,411148.0528577235,7.986233824841157
1642200,5.878615717514862,6.366689111955029,411153.45541894657,7.986366268551612
1642300,5.87870596052585,6.366755736679149,411159.1302941668,7.986474081851394
1642400,5.878782732053134,6.366818308232246,411164.09586567845,7.986546309830938
1642500,5.878860586318196,6.366919313322978,411169.22677562997,7.986671138415236
1642600,5.878943970411552,6.367010610569354,411174.9474905187,7.9868031789699145
1642700,5.879023584210556,6.3671239854889405,411179.92950689443,7.986888664343789
1642800,5.87910139510706,6.367234168070457,411185.1152142925,7.987002082038377
1642900,5.879188306468499,6.367313451599365,411190.24707608455,7.987123656160596
1643000,5.879257416014517,6.367399305310232,411196.3391787897,7.987184682833933
1643100,5.879330489529231,6.3674634109549935,411201.70285249915,7.9872849728638595
1643200,5.8794021461761945,6.367559484775959,411206.9647426623,7.987413258562205
1643300,5.879484320750979,6.367629128037151,411212.11847528565,7.987539460433853
1643400,5.879572513003677,6.367713941061006,411217.0414028152,7.987646848258887
1643500,5.8796567159082995,6.3678242869517385,411222.5244074199,7.987706687141943
1643600,5.879745396944162,6.367914431830414,411228.0645689984,7.987765997450964
1643700,5.879836566249176,6.367981459835093,411233.2670789367,7.9878506218507885
1643800,5.879912015225005,6.368049215072007,411238.54688276944,7.987982749067258
1643900,5.879998774757833,6.368160711950566,411244.0190060532,7.98806662673273
1644000,5.880070312263334,6.368225132044609,411249.76906162227,7.988186063516094
1644100,5.880150957141036,6.368311587478653,411255.6001895733,7.988262893124949
1644200,5.880234272678016,6.368390933605965,411260.66186015896,7.988379193193634
1644300,5.8803180684990775,6.368471926314063,411266.48710572935,7.988477699672184
1644400,5.8804077657728175,6.368542847558353,411271.75630037236,7.988583545448209
1644500,5.880494466537227,6.368627948122305,411277.6544074914,7.988680887061754
1644600,5.8805716033084305,6.3687072482233456,411282.9611299704,7.988799669240358
1644700,5.880658622511762,6.3687751110282065,411287.91448661446,7.988879251618317
1644800,5.8807509842869665,6.3688675317667345,411293.8103994081,7.988983375676526
1644900,5.880843637873293,6.368933213584412,411299.09319724963,7.989049095551772
1645000,5.880929427581956,6.36902959646499,411304.04470158025,7.98912937694804
1645100,5.8810111730838885,6.369128414566822,411310.1070790142,7.989256457066489
1645200,5.88109742020575,6.3692047726005985,411315.06475081615,7.9893636837443776
1645300,5.881188325538844,6.369266313850439,411320.8195085568,7.989485655686253
1645400,5.881270084900951,6.36935014927051,411326.260000527,7.989558414137565
1645500,5.881352019358677,6.3694313278435075,411331.86760865554,7.989628031082468
1645600,5.8814399208961525,6.369539145767109,411337.88145597355,7.989723204167093
1645700,5.881528920301303,6.3696307819436235,411343.6286016614,7.989808695467443
1645800,5.881613132725291,6.369731434513365,411348.98244560225,7.989890683858276
1645900,5.881692357016093,6.3698301596637386,411354.94413496985,7.989990237627719
1646000,5.881784699565057,6.3699089427289275,411359.82039216446,7.99011474383162
1646100,5.881849682874238,6.369983565888143,411365.61014399363,7.990184153517345
1646200,5.881934132959352,6.370072641950503,411371.5784981567,7.99028187055952
1646300,5.882013629350173,6.370138318302782,411377.0089185135,7.990387875840804
1646400,5.882092303654195,6.3702121132647065,411383.0506690494,7.990461813140908
1646500,5.882175411975188,6.370292107080102,411388.73428760207,7.990574845777643
1646600,5.882257483990712,6.370367392388443,411393.74939565046,7.99066192133088
1646700,5.882333586059131,6.370432594534504,411398.97948389413,7.990767472393746
1646800,5.882405440683784,6.370508081694861,411405.0276117172,7.990854480126373
1646900,5.882487046842971,6.370569264976262,411410.4959233707,7.990943831515921
1647000,5.882555630243101,6.37063598192854,411415.5772909442,7.990999571334792
1647100,5.882641871160246,6.370703903921217,411420.86374048964,7.991057141412764
1647200,5.882730828853097,6.370814430451556,411425.74138859654,7.991114278569782
1647300,5.882820340862404,6.370919576310659,411430.7049260986,7.991184930602545
1647400,5.882890987194855,6.371012349261983,411436.6494444925,7.991270784022336
1647500,5.882960088646589,6.371112502130981,411441.9563398371,7.99139351093357
1647600,5.8830449331215044,6.37118163520166,411447.0972278464,7.991455480726292
1647700,5.8831322767685545,6.37125648494672,411452.9342894138,7.991523248149596
1647800,5.883221774291457,6.371354322249616,411457.88629651675,7.991583870878888
1647900,5.883298169394875,6.371447114320477,411462.92631620145,7.991658928266289
1648000,5.883387633839544,6.371552923609603,411468.00220740243,7.991752862009142
1648100,5.883465488511758,6.371627071061802,411472.902197084,7.99184847544967
1648200,5.883546108686971,6.37168425833448,411478.59434306476,7.99195192247925
1648300,5.8836217390240435,6.371757738969537,411484.6139684007,7.992038135860065
1648400,5.883695911914137,6.371826658776818,411489.93770124606,7.992163062593655
1648500,5.88378099283433,6.3719164724379835,411495.9718350847,7.9922192637395835
1648600,5.883850260495125,6.371976436611808,411501.63323706505,7.992338155996399
1648700,5.883933821540211,6.372063562444672,411507.04452958336,7.992398454341776
1648800,5.88400543647845,6.372138766199192,411512.4845199902,7.992461532198062
1648900,5.884086223555591,6.372241989807582,411517.8468751048,7.992551150583878
1649000,5.884174401209982,6.3723442162918715,411523.8248630669,7.992647494953094
1649100,5.884246651020199,6.372432854238249,411529.1643192296,7.992724256734453
1649200,5.884337988435167,6.3725269826007205,411534.4841250939,7.992844165074179
1649300,5.884418263541673,6.3726272300570415,411539.60860393406,7.9929009381826
1649400,5.8844866735083095,6.372727708806368,411544.8664139998,7.993025509759104
1649500,5.884576152655937,6.372817801690631,411550.5546793755,7.993140375578602
1649600,5.8846464788,6.37289139661532,411555.48368887417,7.993213599749747
1649700,5.884725431524074,6.372987074457753,411560.8172181103,7.9933273237660325
1649800,5.884817200398677,6.373053760760418,411565.94561588817,7.99340170996621
1649900,5.8848991226527225,6.373127874864289,411571.9368302432,7.993515956827809
1650000,5.884971357664803,6.373218767694636,411576.7797245873,7.993621281644931
1650100,5.885044683428064,6.373330048808212,411581.9374202804,7.9937150085713595
1650200,5.885119891106971,6.373388814954136,411587.20230390696,7.99381205694432
1650300,5.885196118541927,6.373450446380158,411592.3438353385,7.993882855261458
1650400,5.885284852605455,6.373562175443907,411597.34388997935,7.993969033577546
1650500,5.88535406899599,6.3736364282479565,411602.7072122242,7.99404868806425
1650600,5.8854221106704605,6.37369632978531,411608.62043278466,7.994119883387233
1650700,5.885494777349046,6.373798823132451,411614.1363519802,7.994188056973974
1650800,5.885582632847963,6.373862637934674,411619.85542356677,7.994280393218197
1650900,5.885648224503131,6.373935391942798,411625.13787169126,7.994343320017574
1651000,5.885725502404116,6.374008141763216,411630.69767582027,7.994423682375261
1651100,5.885791878749797,6.374071717473281,411635.63717648305,7.994506777143035
1651200,5.885861181498371,6.374159927273688,411640.89272588014,7.994604094265683
1651300,5.885933519316599,6.374262743884188,411645.9643546531,7.994692265191275
1651400,5.886012775182068,6.374373531196598,411651.36627276,7.994807831826873
1651500,5.886100528717004,6.37444225853945,411656.3329417578,7.99493382691981
1651600,5.88616727381436,6.374518026751564,411661.5796373375,7.995033128066442
1651700,5.88624929952849,6.374611799673214,411666.4285331672,7.99515827800035
1651800,5.886321153631628,6.37469937337583,411671.7991180245,7.995270858190797
1651900,5.886391272254941,6.374790179565073,411677.7290174292,7.99532495374031
1652000,5.886460991132121,6.374883402214533,411683.2927080848,7.995402476743196
1652100,5.886550999240485,6.374967157157021,411688.9319654156,7.995467469472904
1652200,5.886630404497217,6.37503044578908,411694.79141221463,7.995587962029479
1652300,5.886712890839754,6.37512803345971,411700.38927137695,7.995708329678167
1652400,5.886785915794914,6.375238689092011,411705.4442631012,7.9958363078807535
1652500,5.88687204751912,6.3753210583096696,411711.21090813447,7.995927948893108
1652600,5.886936817457899,6.375396441277754,411716.03070007596,7.996001376934946
1652700,5.8870029869024085,6.375461520875144,411720.834676162,7.996078937686142
1652800,5.887092409825194,6.375552873475557,411726.4004128513,7.996141014174736
1652900,5.8871591182986736,6.37563504289894,411731.4559581745,7.996261547121034
1653000,5.887224761424181,6.375736203557359,411736.9219005466,7.996351770586402
1653100,5.887307063536183,6.375800489425823,411742.6506446476,7.996410246649115
1653200,5.887395047911745,6.375871114789548,411748.4788782804,7.996501074065305
1653300,5.887481285886186,6.375976645443887,411753.71822619403,7.996567546146671
1653400,5.887571588210997,6.376055708034898,411759.5539345574,7.99662531913529
1653500,5.887644111807931,6.376155077650501,411764.7854639235,7.996728491438282
1653600,5.88770760755112,6.3762533558306185,411770.5807512293,7.996798948404044
1653700,5.8877964490213675,6.376310237765866,411775.7434690554,7.996913437892175
1653800,5.8878614447027475,6.376393922060608,411781.55896675616,7.997026866487035
1653900,5.8879522266698014,6.376459762654502,411786.5367368365,7.997089331358036
1654000,5.888016203931436,6.376544943243402,411792.4593791627,7.997212650090955
1654100,5.888100677367282,6.376621391209343,411797.9753618469,7.99731223226123
1654200,5.888175742425594,6.376703944849127,411803.863444627,7.997434624548528
1654300,5.888245140561681,6.376765886580245,411809.4194085707,7.997539980186527
1654400,5.888325860585338,6.376872514250209,411814.32250553486,7.99759382390629
1654500,5.888402097218048,6.376960083419866,411820.10709879635,7.9977000490685635
1654600,5.888470866785935,6.377057750125622,411825.77689430193,7.997810431255704
1654700,5.88855518697441,6.3771459236264665,411831.4359445633,7.997879128310472
1654800,5.888628704238863,6.377202461624319,411836.98279752256,7.997978326036941
1654900,5.8887067373163555,6.377259016439141,411842.1530248869,7.998033203301697
1655000,5.888789884342089,6.3773528290719605,411847.72631525353,7.998088672535306
1655100,5.888869125350122,6.377433684118151,411852.6429376479,7.998182767768658
1655200,5.888952378764128,6.377532761287915,411858.2040368503,7.998239746131732
1655300,5.8890346652093495,6.377614409041662,411863.4833764041,7.998329515883218
1655400,5.889104054990501,6.377721661876492,411869.3087490259,7.998425520513981
1655500,5.88917282929854,6.377794193302119,411874.68440678495,7.998499312546963
1655600,5.889244956701555,6.377866651445117,411879.5428638598,7.998591314533755
1655700,5.889311666365681,6.377937658246568,411884.37785495556,7.998663363574146
1655800,5.889396994458247,6.378046431247843,411890.1053139651,7.998731563481325
1655900,5.889482652760112,6.378135269225425,411895.0662647395,7.998848850180629
1656000,5.889554711191826,6.378216394059598,411900.9425463545,7.9989591757424785
1656100,5.889622222446586,6.378293233720034,411906.77289165434,7.99906015742842
1656200,5.889696503891487,6.3783940050935,411912.1913553196,7.999126436674704
1656300,5.889781666262011,6.378470004299262,411917.0446273936,7.999187849447179
1656400,5.889869359155289,6.378569375760503,411922.2708554547,7.999264283922573
1656500,5.889946544589865,6.37864360339048,411927.16675349174,7.999320580625015
1656600,5.890010248601381,6.3787471627968335,411932.205967448,7.999408897837612
1656700,5.890091276878614,6.378839149858389,411936.9890036077,7.999510136518676
1656800,5.890162267762771,6.378921934511863,411942.81091982627,7.999586880214142
1656900,5.8902501486743075,6.378983121326044,411947.80645879486,7.999698265011151
1657000,5.890322770431088,6.3790746903726925,411953.69276929623,7.999751676338111
1657100,5.8903960300576825,6.37915573447161,411959.0404281347,7.999817306599428
1657200,5.890467142426961,6.379248107118399,411964.3060317814,7.999889564259147
1657300,5.890547497969194,6.379347476111012,411969.82957828813,8.000008089965883
1657400,5.8906104113764775,6.379448376682463,411975.41401669604,8.000071926290527
1657500,5.890694535778741,6.37951761151248,411980.3890642808,8.000149866062698
1657600,5.890763000057069,6.379587260299798,411985.5282457374,8.000234220844627
1657700,5.8908506344622715,6.379686477464363,411991.11818430066,8.00032467834486
1657800,5.890935644224798,6.379751337803763,411996.4834307195,8.00038644318861
1657900,5.890998225406031,6.379853423666453,412001.7503461979,8.00047925259792
1658000,5.8910763556477574,6.379953335402096,412007.2942918885,8.000545295866802
1658100,5.891145429421589,6.380057872894674,412012.3430007802,8.000598032311919
1658200,5.891209396547432,6.380115389484664,412017.3417154059,8.000689757062183
1658300,5.891279369321586,6.3802120364702715,412022.5748503236,8.000809903763232
1658400,5.891364199550664,6.380291032317478,412027.6450878491,8.000893383066943
1658500,5.89143619875162,6.380360561833982,412032.57402001834,8.000981849325528
1658600,5.891517469023255,6.380454835876835,412038.23954845505,8.00103852376035
1658700,5.891600213698523,6.380564945935441,412043.78982397215,8.001156587465806
1658800,5.891679316105707,6.380668355969719,412048.778279044,8.001263375038214
1658900,5.891754550288182,6.380745382675094,412053.91236309044,8.001363763235343
1659000,5.8918321173554515,6.380825928827821,412059.2295855949,8.00142606082299
1659100,5.891901773204858,6.380924434323459,412064.11728537566,8.0015037736192
1659200,5.8919680577151565,6.381021401131336,412069.07859465387,8.001576985807848
1659300,5.892039144444038,6.381081322581316,412074.64966238337,8.001674451866837
1659400,5.892120775332267,6.381146025625536,412080.44555356994,8.001771642276397
1659500,5.892202119024273,6.381219957247869,412085.54731140897,8.001836542742502
1659600,5.892265966143403,6.381324511962774,412090.2545220257,8.001958912369808
1659700,5.892335227795325,6.381422015171518,412095.71762395184,8.002041033229583
1659800,5.89240443166805,6.3815217783566,412101.29427367647,8.002143461975871
1659900,5.892487316844088,6.3815962049542065,412106.76000498986,8.0022586942916
1660000,5.892570177546461,6.381680558691668,412111.9207912418,8.002322030139968
1660100,5.892637980283336,6.381752261472992,412117.74781642895,8.002416375244978
1660200,5.8927079874104376,6.381822272393017,412123.05503907875,8.002525495300707
1660300,5.892779102247074,6.381918053296596,412128.1227318876,8.00263992233989
1660400,5.892864538157835,6.382009100905967,412133.2805969519,8.002751816697726
1660500,5.892936135989099,6.382080031488909,412138.97828672297,8.002849931141377
1660600,5.89302440747534,6.382179021485027,412143.9390880472,8.00291403270211
1660700,5.893107274720173,6.382287908181561,412149.5316783455,8.003037539785256
1660800,5.8931844059071885,6.382396068922858,412155.00353207433,8.003139529948346
1660900,5.893253773513929,6.382501992923872,412160.8066869888,8.003266123245666
1661000,5.893323172312124,6.382578149468006,412166.5350906273,8.003373455714435
1661100,5.893411402272129,6.382634513201953,412171.4887186627,8.003496247714931
1661200,5.893477241635725,6.382741118007872,412177.1384869414,8.003601142340433
1661300,5.8935570219169575,6.382830657730565,412182.5480023987,8.003684067395676
1661400,5.893639675298327,6.382939892126757,412187.7963794272,8.00379681126556
1661500,5.893713194649632,6.383020533334971,412193.29008841974,8.003893256149464
1661600,5.893781926181239,6.383083566928824,412197.9871181932,8.004004188220826
1661700,5.893862825751605,6.3831639361080725,412202.75566060405,8.004120652639921
1661800,5.893943789768103,6.383259407334505,412207.6766155491,8.004173992420368
1661900,5.894021920085571,6.3833549842286175,412212.8329617695,8.004269072718143
1662000,5.894107966657461,6.383414988837523,412217.7151404654,8.004359468399086
1662100,5.894184534210928,6.383511051066238,412223.4326233655,8.004448856276266
1662200,5.894259447198728,6.383576827938854,412228.1154751915,8.004535771376734
1662300,5.894327196148347,6.383686126418549,412233.52320258954,8.004639573588967
1662400,5.8943910071718815,6.3837940676114595,412238.7919646122,8.004698374838418
1662500,5.894472875765779,6.383885819456324,412243.6702133368,8.004816957022227
1662600,5.894537024039083,6.383990359362937,412249.08167230414,8.004871098871652
1662700,5.894623008171447,6.384050052964347,412254.003157416,8.004952591142798
1662800,5.894702485207177,6.384129931899527,412258.81381373317,8.005012743528422
1662900,5.8947773859617145,6.384216078003443,412264.3214745768,8.00507521752564
1663000,5.894841818028094,6.38428617177019,412270.02428643394,8.005152984983903
1663100,5.894922043780135,6.384352477487616,412275.3668769909,8.005218866779362
1663200,5.8950059872079175,6.384434123352032,412280.7707839888,8.005287673377914
1663300,5.895071688269477,6.38451643498286,412285.87889163283,8.005343592437622
1663400,5.895159719465984,6.384581574223269,412290.65040271403,8.00542288117045
1663500,5.89523057296391,6.38466907674877,412295.64000062464,8.005496373753886
1663600,5.895316792501079,6.38473279911936,412300.3627061533,8.005596532897737
1663700,5.895399684208581,6.384834006523364,412305.45974640327,8.005661130498567
1663800,5.895485165681219,6.38492434848892,412310.5266668208,8.0057506105773
1663900,5.89555413903721,6.384981586406612,412315.64243697684,8.005819871049056
1664000,5.895620787470131,6.385074735993439,412320.3041714426,8.005885445694684
1664100,5.895702332526587,6.385152923823019,412325.7874057364,8.00597768645607
1664200,5.895780670680538,6.3852406303721025,412330.975848426,8.006083104220286
1664300,5.895845187883958,6.3853052557545915,412336.2338360027,8.006197235282258
1664400,5.895913773543452,6.385391378611444,412341.88834132487,8.00630607594973
1664500,5.896001181951218,6.385460792403137,412346.7543931636,8.006391360386774
1664600,5.896080292112662,6.3855464440865,412351.671502766,8.006446301797205
1664700,5.8961686574692935,6.385641816488645,412357.3284968703,8.006541424466604
1664800,5.896239723339564,6.385729495981118,412363.11991372623,8.006604157772614
1664900,5.896305128815423,6.385837690065201,412368.6768656927,8.00670043944859
1665000,5.896388720307865,6.385921529752028,412373.66206162574,8.006764097307054
1665100,5.896460973482988,6.385983936528838,412379.42863065354,8.006858867270088
1665200,5.89653799302692,6.386091035352597,412384.4135457999,8.006939235307275
1665300,5.896620529876867,6.386183490669408,412389.36684276926,8.007015943234117
1665400,5.896697783250789,6.3862654514394865,412394.92671929114,8.007094641336678
1665500,5.8967670812282735,6.386357730470364,412400.03653058276,8.007181532355009
1665600,5.896830889291307,6.386419263136559,412405.5108588956,8.007248169278894
1665700,5.896898845259366,6.386490378158432,412410.9921234808,8.007311846974266
1665800,5.89696423122347,6.38659854194919,412416.2401203493,8.00740595008967
1665900,5.897041050429672,6.386705303095181,412421.18348256586,8.007474859219661
1666000,5.897126742756171,6.386791233371847,412426.6674071235,8.00758555846815
1666100,5.89719099186341,6.386893048409055,412431.48588107567,8.007698640991423
1666200,5.897262795491819,6.386991809898489,412436.92066057643,8.007798304470938
1666300,5.89735002721683,6.387094161676306,412442.5374350936,8.00791307734717
1666400,5.897426700565938,6.387171501242218,412447.35402721143,8.008002980111408
1666500,5.897488736589273,6.387227864217996,412453.0716919097,8.008100933125878
1666600,5.897556636784623,6.387282557197967,412457.7278376408,8.008216557552352
1666700,5.897619377409359,6.3873802136316575,412462.60607466905,8.008329911270403
1666800,5.897694968369366,6.387481231065556,412468.1616941517,8.008440680428198
1666900,5.89777166162418,6.387544099101931,412473.0042568694,8.0085198927128
1667000,5.897836609593653,6.387607676770155,412478.3626004567,8.008578612028879
1667100,5.897902840117789,6.387671682431109,412483.1614678284,8.008636836904943
1667200,5.8979657445791025,6.387731466099223,412487.7992622546,8.008721813190846
1667300,5.898032909192707,6.3877953397897445,412492.91792379646,8.008797905319094
1667400,5.898104980358675,6.387902649187495,412498.36625345226,8.008877735353163
1667500,5.898176536623377,6.388008606872621,412503.9116548361,8.008935391208878
1667600,5.898242212722627,6.3880765339862124,412509.210498574,8.009023853997855
1667700,5.8983068547400554,6.38818434252399,412514.2425076189,8.00910174610447
1667800,5.8983890293368875,6.38827037113503,412519.0930011977,8.009198070873735
1667900,5.898459749443812,6.388346955669321,412524.6219596175,8.009259167200533
1668000,5.898535472595092,6.388427067216869,412530.14782594156,8.009323205515452
1668100,5.898618911551129,6.388484179474422,412535.0308208348,8.009389176942847
1668200,5.898681715893489,6.388567787471435,412540.54618439265,8.009496982157234
1668300,5.898759392171589,6.388655270658266,412545.6563758072,8.009555334621671
1668400,5.898841227450539,6.388754745602908,412551.2036211391,8.009619007223653
1668500,5.898903750914903,6.388825792385723,412556.61391960277,8.009706046248764
1668600,5.898964524252024,6.388902293724636,412562.0913713523,8.009824666871932
1668700,5.899027157074669,6.388956706270654,412566.79893311963,8.009885055226562
1668800,5.8990988594071485,6.389042625571809,412572.12481748423,8.009995160546875
1668900,5.8991637519934965,6.389149219196489,412576.88957812625,8.010054011637761
1669000,5.899242968606045,6.389216607512679,412582.47294509393,8.010117135782872
1669100,5.899313512552256,6.389291864337839,412587.53017882287,8.010175727042158
1669200,5.899390979672998,6.389382954182239,412592.3421721093,8.010255252449186
1669300,5.89946254816788,6.389467619929051,412597.0822915732,8.010327107338224
1669400,5.899525539486955,6.3895718322931065,412602.77061769937,8.010398176024738
1669500,5.89959811519144,6.389670012392022,412607.5642241414,8.010481385200498
1669600,5.899677411651046,6.389734769401336,412613.0959197318,8.010580045603984
1669700,5.899748709282551,6.389827137683167,412618.4672187984,8.010644696931937
1669800,5.899813611879529,6.389928104880095,412624.07130755717,8.010733544596528
1669900,5.899875673663265,6.390005104605901,412629.2152667539,8.010852999116901
1670000,5.899957295663819,6.390070499492973,412633.895828184,8.010947349813115
1670100,5.900035040757793,6.390142950560133,412638.9897501244,8.011056240674316
1670200,5.9001131289490365,6.390229825963984,412643.8393027674,8.01114359544767
1670300,5.900182059079811,6.390335422825785,412648.4373545522,8.011250791589234
1670400,5.9002566181246285,6.390419511882789,412653.36151613685,8.011337632715435
1670500,5.900333801293468,6.390478703434651,412658.1143673078,8.01142400574009
1670600,5.900398688649813,6.390543376836166,412663.1755384159,8.011513306521714
1670700,5.900467326580197,6.390627143559597,412668.58741642704,8.011593664284403
1670800,5.90054545318218,6.39072589496687,412673.9054902248,8.01164966230123
1670900,5.9006132730952485,6.390821409659748,412679.3843089545,8.011704521421953
1671000,5.900693238627429,6.390912605999151,412684.68280055176,8.01180681276386
1671100,5.900771056685801,6.391005197499638,412689.7299382986,8.01190754307477
1671200,5.9008561215329856,6.391093094817824,412694.3092365432,8.011995919941866
1671300,5.900942191236661,6.391150686025358,412699.3211151515,8.012084909776425
1671400,5.901018511868053,6.3912085650979815,412704.4633731909,8.01220824152064
1671500,5.90109746929338,6.391285905681398,412709.3419804765,8.012285964668976
1671600,5.901172927804502,6.391381511424104,412714.11050540383,8.012362192137795
1671700,5.9012360325845545,6.391451105399286,412719.633754208,8.01244218756584
1671800,5.901306849982334,6.391554221092809,412724.50558039156,8.012558687542484
1671900,5.901391655565852,6.391643195016902,412729.29877264804,8.012662361372726
1672000,5.901475658934621,6.3917412675761085,412734.7368021888,8.012741519002063
1672100,5.9015401929646565,6.391795197713456,412740.01366535644,8.012820252940097
1672200,5.90161464082577,6.391889934890051,412745.02524762397,8.012941210412317
1672300,5.901697295940931,6.391984387886633,412749.8605636808,8.013033388100547
1672400,5.901773001484584,6.392079316972496,412754.78917563125,8.013088968612811
1672500,5.901856360868726,6.392173013487398,412760.024027168,8.013164162655404
1672600,5.901922438619251,6.392240837946727,412765.58298834926,8.01325393448107
1672700,5.901992649222403,6.392305909650352,412770.67946366704,8.013333944118521
1672800,5.902076961291203,6.392375968359919,412775.8261260505,8.01342617018477
1672900,5.90214029200703,6.392474157884054,412780.55238232476,8.01354084778784
1673000,5.90220252302914,6.392563100790537,412786.0803558107,8.01361263668709
1673100,5.902284899278534,6.392629742372894,412790.6622395042,8.013708073881668
1673200,5.902366603616148,6.392711684807918,412796.31639605894,8.01379691685859
1673300,5.902427817627287,6.392817393894465,412801.761345017,8.013899353205064
1673400,5.902495848579542,6.392913085811613,412806.63346809085,8.01398477686792
1673500,5.902577831312715,6.3930020795269815,412812.25428911333,8.014106167665767
1673600,5.90265532685476,6.393064771067543,412817.2604610746,8.014173951676273
1673700,5.902717252765618,6.393143239042165,412822.88563150575,8.014234662229953
1673800,5.902798732973262,6.393206159739153,412828.3655423305,8.014343616214708
1673900,5.9028744482752025,6.393268952873337,412833.86260223034,8.01444376477326
1674000,5.9029510912114365,6.393345520086464,412838.63641698257,8.014534270866726
1674100,5.903021159092763,6.393403176451686,412844.03910049977,8.014601123330793
1674200,5.903105050309984,6.393457231584191,412849.37470347265,8.014669620507338
1674300,5.9031687378204944,6.393527271482924,412854.17560757376,8.01472418903012
1674400,5.903240845058738,6.393616276022198,412859.32625661406,8.014788185487507
1674500,5.903312341409915,6.3936892230131805,412864.90822602867,8.014866521128093
1674600,5.9033736104310055,6.393751525989749,412869.6889244978,8.014983312193793
1674700,5.903457471221212,6.393847935834333,412875.15233189653,8.015103810543378
1674800,5.9035226248270645,6.393945179008553,412880.14479101996,8.015206584101348
1674900,5.903596617195277,6.394041685577624,412884.93312605534,8.015279656524207
1675000,5.903678792787843,6.394142437312485,412889.6758988718,8.015379082973029
1675100,5.903746546284879,6.394232788375318,412895.1909161604,8.01547831727188
1675200,5.90382903708484,6.394301804696546,412899.7606523893,8.015542407753204
1675300,5.903898317692228,6.3943798366667695,412905.0877535214,8.015600116006492
1675400,5.903960474241845,6.394437765350879,412910.3646575034,8.015714593467436
1675500,5.904030676289919,6.394510471908567,412915.4318022161,8.015809622754459
1675600,5.904106045039165,6.394606583941997,412920.91375911544,8.0159196023614
1675700,5.904169974072742,6.394678597994167,412926.1575321395,8.016012254122922
1675800,5.904247855556174,6.394780016478901,412931.19197576324,8.016133270157988
1675900,5.904315906626456,6.394859460902625,412936.4498322077,8.016237714558654
1676000,5.904378166750216,6.394944368767645,412941.9245643551,8.016291539162056
1676100,5.904463350916481,6.394998737809047,412946.7512648423,8.016412509918199
1676200,5.904526007409046,6.39509898453514,412952.1303524734,8.016479717869531
1676300,5.904601933115948,6.395152738885347,412957.0680962576,8.016584552442426
1676400,5.904681349142594,6.395217352275219,412962.08267010906,8.016677078868007
1676500,5.904744308225734,6.395284721128671,412967.3763015272,8.016782185498883
1676600,5.904825565332769,6.395378795181741,412972.82889646746,8.016876748891127
1676700,5.904903856653434,6.395442394915191,412977.56750593265,8.01692694646508
1676800,5.904976275945304,6.395545024859409,412982.6118548503,8.017027011097593
1676900,5.905051648929357,6.3956128008519695,412987.5358679024,8.017130684257856
1677000,5.905116075089298,6.3956998149424695,412992.37512560183,8.017225856035358
1677100,5.905200488563302,6.39578546043076,412997.9263790847,8.01729981653901
1677200,5.905283043210683,6.395883716732919,413002.77583894186,8.017368159358163
1677300,5.905350220803764,6.3959716474011605,413007.57675460604,8.01746238711106
1677400,5.90542065251591,6.39604969945188,413012.89240143594,8.017567865565578
1677500,5.905505173244115,6.396145971992556,413017.8287549772,8.017629995489152
1677600,5.905588843104292,6.39622306816148,413022.6518691029,8.017718624542685
1677700,5.905657718136937,6.396304918555316,413027.4457545612,8.017806245655079
1677800,5.905719818439612,6.3963739785100335,413032.3447054375,8.017892538502192
1677900,5.905804499249369,6.39645795185949,413037.44155494106,8.017970534994312
1678000,5.905864782646481,6.3965424224737095,413042.91989504406,8.018063456921931
1678100,5.905930650301132,6.396644673961334,413047.4953603207,8.018170115906935
1678200,5.9060104846132,6.396709744263418,413052.3901752673,8.018254283580172
1678300,5.906092349908703,6.396764222582606,413057.14942553313,8.01830605328909
1678400,5.906174456348635,6.3968347876303175,413061.7459940834,8.018357288048197
1678500,5.906246719352888,6.396911601184082,413067.2726642879,8.018473372575171
1678600,5.906323362759031,6.396973383334264,413072.1119111994,8.018570664571621
1678700,5.906408704785101,6.397032831524202,413077.5318275913,8.018689163812095
1678800,5.90647994038061,6.397108817788678,413082.72425377194,8.018794677096546
1678900,5.9065487114098705,6.397194029315128,413088.0283678494,8.018863257066632
1679000,5.906633083041571,6.397269569775578,413092.7659854626,8.018927842264294
1679100,5.906705029386784,6.397347591748763,413097.89755289274,8.019046661012094
1679200,5.906784522834027,6.397413305443156,413103.3795148672,8.019117552916802
1679300,5.9068657517402565,6.397508523731679,413108.14231012424,8.01917095982296
1679400,5.906931420138599,6.3976013946644406,413113.1491591394,8.019264223392053
1679500,5.906996261762055,6.397661380096683,413117.6410662204,8.019380351901574
1679600,5.9070679880641155,6.39775901313463,413122.5161031662,8.019430186759168
1679700,5.9071280390062055,6.397848948530403,413127.2121014921,8.019528650374623
1679800,5.907209936102088,6.397901896418798,413132.60105767974,8.019614544689539
1679900,5.907283317518307,6.39799657353794,413137.8690444667,8.019684696931888
1680000,5.907350538146992,6.398066426291464,413143.3318312491,8.019757449228427
1680100,5.9074209136776235,6.398143000109459,413148.48957663175,8.019808968908988
1680200,5.907487199732917,6.398214177856983,413153.8508435458,8.019898721117407
1680300,5.907565147404067,6.398294665080551,413159.2924112731,8.019968453336615
1680400,5.907625979017139,6.39839551177714,413164.6267966759,8.02006347122433
1680500,5.9077016304487975,6.398451774760678,413169.6059054061,8.020119184577124
1680600,5.907778965444425,6.39855040695018,413174.13875427213,8.020239170456188
1680700,5.907850041541426,6.39861518876558,413179.25369179266,8.020290589374875
1680800,5.907919973333955,6.398678153599949,413184.7190749256,8.020410814899911
1680900,5.907992736732269,6.398752758797628,413189.38944174326,8.020473143530381
1681000,5.908066420101328,6.398815737592345,413194.12483867625,8.020524809690459
1681100,5.908131149704966,6.3988817558686755,413199.49427502585,8.020616875120254
1681200,5.908206524041117,6.39895401625652,413204.3207739429,8.020667351193332
1681300,5.908289997155074,6.399042979478839,413208.968245357,8.020785241950811
1681400,5.908373590138959,6.399131989665734,413213.7125548106,8.020845299859424
1681500,5.908435624943529,6.399227563163174,413219.0335116451,8.02094768788262
1681600,5.9085019636898695,6.399311717113512,413223.6724111924,8.021016862980098
1681700,5.908563167501081,6.3994074245708275,413228.74869006616,8.0210885109854
1681800,5.908632004609381,6.39949379549794,413233.5988482385,8.021160432061462
1681900,5.908716449879519,6.399575808157942,413238.24235858646,8.02127313168034
1682000,5.908787788833414,6.3996352639369425,413243.3187151093,8.021332609821277
1682100,5.908867265479015,6.399703327650561,413248.06335705623,8.021446065195759
1682200,5.908948028840958,6.399798475794764,413253.10316555155,8.021545481844303
1682300,5.909031973910333,6.399865206223932,413257.7860669259,8.021635378107234
1682400,5.909101310192577,6.399962609287965,413262.2917094953,8.021699986343418
1682500,5.909160772518621,6.400034711380715,413267.4861807716,8.021803721799385
1682600,5.90922154091241,6.400132614773375,413272.89001758944,8.021887651066805
1682700,5.909303197644064,6.400190920920031,413277.78799554874,8.022006273661901
1682800,5.909375928246427,6.400282911399273,413283.1508758677,8.02205664045827
1682900,5.9094408287672,6.400364403861384,413287.88872474415,8.022120813004413
1683000,5.909504749482421,6.4004210590348265,413292.862323025,8.022218759632635
1683100,5.909578614039484,6.400502146075691,413297.4570366411,8.022312393143759
1683200,5.9096473679475965,6.400560860976372,413302.3560621193,8.022415315064048
1683300,5.90970804213197,6.400661795660039,413307.4773081236,8.022517055613486
1683400,5.90977385577588,6.400761086210978,413312.85162996256,8.022585595320018
1683500,5.909850502214713,6.400859647849397,413318.0168957488,8.022642564739202
1683600,5.9099214583377835,6.400920142252582,413323.161644051,8.02269858510432
1683700,5.910000077613339,6.40100176191323,413328.16629439895,8.022818058527003
1683800,5.910059525559992,6.401076487024753,413333.4223770188,8.022906171752686
1683900,5.9101424180411515,6.401167575338206,413338.802147119,8.022982092621055
1684000,5.910217661179311,6.401258670286201,413343.62923981866,8.023061908486739
1684100,5.910279102824756,6.401313453810862,413348.97733494313,8.02315182449537
1684200,5.910353722417987,6.401367421442056,413354.12202195206,8.023240189701266
1684300,5.910419051208554,6.4014524345211115,413359.1946012798,8.023347762716487
1684400,5.910502247790061,6.401530037938202,413364.67650052474,8.023409797250498
1684500,5.91056206107476,6.401585927186756,413369.28752838745,8.02349331368213
1684600,5.910622642973709,6.401682480473761,413374.03636532323,8.02359461114424
1684700,5.910706174139452,6.401747822425368,413379.2719896267,8.023699814952785
1684800,5.910786078836724,6.4018247080312,413384.09516438935,8.023792927461916
1684900,5.9108493195821605,6.401879679862966,413389.2140370421,8.023876235446451
1685000,5.910910826087046,6.401961921355198,413394.1529413477,8.02398677358303
1685100,5.910991155014338,6.402064084963337,413399.5169440912,8.024088228701695
1685200,5.911074262330069,6.402151658221919,413404.24852850154,8.024193119803371
1685300,5.911141313404692,6.402252737073162,413409.7259691295,8.024293597879106
1685400,5.911203161426192,6.402355786505395,413414.84203334776,8.024378262975254
1685500,5.9112695508984165,6.402417359163821,413419.54256652785,8.024464651363882
1685600,5.911338682825764,6.4025059249343546,413425.00152535376,8.024541157201533
1685700,5.911396998711696,6.402561810049542,413429.58382160275,8.02459189903872
1685800,5.911480233504331,6.402633092037578,413434.2905177971,8.024657331875444
1685900,5.911560379052648,6.40268839712384,413439.06142246776,8.0247442037764
1686000,5.911626157539966,6.4027737773621025,413444.0837951778,8.024796877673891
1686100,5.911700948903545,6.402867830717777,413448.9141269935,8.024895959747386
1686200,5.911782728825575,6.402957704510512,413453.4764860399,8.024948522326786
1686300,5.911860535110265,6.4030334377042815,413458.5360304919,8.02502265302326
1686400,5.9119395070172605,6.403132700913496,413463.161579971,8.02510723342922
1686500,5.91201182324075,6.403211456765285,413467.8030984791,8.025190994290455
1686600,5.912092036960113,6.403301758257751,413472.3219895546,8.025258093246325
1686700,5.912158253893786,6.403381201742373,413477.6104404029,8.025369361704174
1686800,5.912241383550283,6.403480729449377,413482.0833315875,8.025438501062665
1686900,5.912309165145071,6.403562519544021,413486.89514565363,8.025553772208324
1687000,5.91239021687698,6.403618490405764,413491.51729277655,8.025650733079853
1687100,5.912470980746791,6.403680154273082,413496.82676856394,8.025761247225809
1687200,5.912551224414417,6.403737388172887,413501.26745462266,8.025844543755126
1687300,5.912626377627622,6.4038212409764785,413506.6746039464,8.02594081641684
1687400,5.912699173518821,6.403914086638708,413512.11097689363,8.026037349375388
1687500,5.912764309997628,6.404001317225994,413516.5115010651,8.026110615772891
1687600,5.912828564751537,6.404057739089771,413521.64757547097,8.026191714568375
1687700,5.912901794422549,6.404151810762409,413526.73370719707,8.02626200945164
1687800,5.912971952096152,6.404220661954961,413531.3365866937,8.026372399187313
1687900,5.913050730947773,6.40429062681626,413536.2602072508,8.026427615000824
1688000,5.913122518198344,6.404368602546832,413541.27132884064,8.026513384494868
1688100,5.913204810577457,6.4044675067032735,413545.7965054226,8.026583326289632
1688200,5.913280858253176,6.404524306692467,413551.0565694809,8.026633582498695
1688300,5.913358643825314,6.404583434115586,413555.9282604167,8.02669691713278
1688400,5.913427023396012,6.404635794881149,413560.61232751486,8.026812693993486
1688500,5.913493785376618,6.4046991324736116,413565.72906219517,8.026921864038773
1688600,5.913558015120252,6.404790695971833,413570.25926475,8.02699401192742
1688700,5.91362620235221,6.404880016900844,413575.36617367686,8.027057739298513
1688800,5.91369175928308,6.404981416674973,413580.15630418324,8.027168883628203
1688900,5.913753875768442,6.405080442266699,413585.4353940912,8.027270134321608
1689000,5.913832721612663,6.405142512197088,413589.86545490526,8.027378734384286
1689100,5.913897972262134,6.405221147948289,413595.2595851415,8.02746787354971
1689200,5.91397916537717,6.405276652143792,413599.9903864128,8.02755572105143
1689300,5.914043665407826,6.405344348533876,413604.5185121875,8.02767223941815
1689400,5.914115493148875,6.405421119702891,413609.3120971267,8.02774564529096
1689500,5.914197714974875,6.405514201157018,413614.4251105164,8.027795578293837
1689600,5.914265729288444,6.405577817513154,413618.9148434023,8.027889435665081
1689700,5.914337321426541,6.405671086165197,413623.5648501157,8.027968603991745
1689800,5.914402334769564,6.4057613466781165,413628.6971902298,8.028061414561284
1689900,5.914461191009314,6.4058372543466815,413633.2553718727,8.028174358318505
1690000,5.914543076702725,6.405921384165868,413637.825026867,8.02825481922608
1690100,5.9146182367680415,6.4060132024981735,413642.93482376536,8.02836754200645
1690200,5.914698276575016,6.406090150053304,413647.63269860635,8.02843647208163
1690300,5.914765509411977,6.406168982618468,413652.53088402876,8.02851928431617
1690400,5.914829582918405,6.406243720879467,413657.62645897083,8.028619900758006
1690500,5.914899836974938,6.406328152357085,413662.6877044308,8.028680077602452
1690600,5.9149716690717025,6.406398898114905,413667.10757572955,8.028750980745732
1690700,5.915051249269963,6.4064944932838195,413672.14965595485,8.028803638526405
1690800,5.915117519951794,6.406591168857739,413676.76689078356,8.028886359586402
1690900,5.915197756604284,6.406692261710338,413681.70520378853,8.028993141159328
1691000,5.915271411500768,6.40676386198745,413686.3585380018,8.029093298101186
1691100,5.915348094522282,6.406825611751574,413690.7118719187,8.029179199065165
1691200,5.915410985270699,6.406907515635532,413695.4246243338,8.029260145812529
1691300,5.915480787722022,6.406998579574201,413699.83970961376,8.029322010168151
1691400,5.915542751921873,6.4070897264559115,413705.0472752822,8.029414244507684
1691500,5.915617975521624,6.4071667685723215,413709.6666722561,8.029482651097705
1691600,5.915685425475982,6.407222683051638,413715.06992649427,8.029536107752214
1691700,5.915751909804249,6.407284106725779,413719.6080620317,8.029593173116702
1691800,5.91581804622486,6.407344557556125,413724.8272794411,8.02965950024558
1691900,5.915897230861415,6.407416203995903,413729.5940697296,8.029760266929776
1692000,5.915960930316426,6.407505403728799,413734.493949431,8.029820022795667
1692100,5.91601910909075,6.407572372365959,413738.8760989336,8.02991791176575
1692200,5.916081846011678,6.407670867187506,413744.2416680688,8.030004472034426
1692300,5.916158583749402,6.407731033005469,413748.8833183695,8.030100579583243
1692400,5.916221523967765,6.407831831294725,413753.7380753824,8.030156263922619
1692500,5.916303692277371,6.407915189323555,413759.06428072695,8.030219946056404
1692600,5.91637001464665,6.407975357515496,413763.8557232923,8.030330783669388
1692700,5.9164480508605095,6.40804314778604,413768.7880114357,8.030431357695191
1692800,5.916518525111376,6.408106889091969,413773.9470612954,8.03053957886991
1692900,5.916582533366019,6.408166589850585,413779.2182409562,8.03063802899966
1693000,5.91666141417632,6.408224071074965,413784.5882192837,8.030698567027533
1693100,5.9167366556567496,6.408305594799524,413789.1273858686,8.030781194216587
1693200,5.916812038964154,6.4083645299268,413794.06772711716,8.030872806279637
1693300,5.9168826450020395,6.408459808462155,413799.14264385856,8.030948577336165
1693400,5.916954295491649,6.4085546656691,413803.6169685248,8.031041763882302
1693500,5.917030269715596,6.40860955939518,413808.179916032,8.0310990596208
1693600,5.917111333478872,6.408699754907005,413813.53744247236,8.031215155890804
1693700,5.9171777361818,6.408752939324772,413818.556781522,8.031276970049612
1693800,5.9172500462055675,6.4088238075882185,413823.02409319836,8.031335988898311
1693900,5.917311924485242,6.408918960336457,413828.3600649125,8.03142276074201
1694000,5.917393443845681,6.40898181768306,413833.2327217364,8.031491578311085
1694100,5.917461742745659,6.409036571802749,413837.6259466452,8.031570184152846
1694200,5.917540629448182,6.409112657081002,413842.95823744417,8.031632065890975
1694300,5.917622037725439,6.409165808448719,413847.80336530646,8.031730921354969
1694400,5.917697301506852,6.409219252022574,413852.9877071307,8.031793958494529
1694500,5.917770946861345,6.4093057265099125,413857.3530471306,8.03184495377357
1694600,5.9178321097174855,6.409389868494612,413861.9478351211,8.031928120957781
1694700,5.917897459149089,6.40944348483959,413867.2539696334,8.031977521949601
1694800,5.9179630224492525,6.409517574943681,413871.9076311384,8.032088055640966
1694900,5.918032492743864,6.409581267500746,413877.1005939434,8.032198236810679
1695000,5.918089598273542,6.409653334348068,413881.4896360797,8.032285778352154
1695100,5.918163456983296,6.409718357135774,413886.0736292582,8.032375507526208
1695200,5.918244333661625,6.409790122689268,413890.60142207204,8.032484352503744
1695300,5.9183040157046305,6.409873924298944,413895.26206251787,8.032546032168678
1695400,5.918383407591396,6.409928125898485,413900.4622206289,8.032638355157633
1695500,5.91845726918544,6.409998185428238,413904.93735063303,8.032746854218711
1695600,5.918527115720066,6.410096981337102,413909.3523939924,8.032803839030544
1695700,5.918595764468801,6.41015140871699,413914.662168354,8.03285641977274
1695800,5.918666406116794,6.410250821492633,413919.22468763,8.032956131092368
1695900,5.918746227421885,6.410311608632853,413924.48712896975,8.03303438216513
1696000,5.918818306262453,6.410372299494351,413929.0116640752,8.033087241289778
1696100,5.918899928950591,6.41045162465821,413933.31057197234,8.033187809591697
1696200,5.918975782766169,6.410506430322346,413938.2178977849,8.033258667744937
1696300,5.9190490789541474,6.41057918530352,413942.90597386996,8.033353622027361
1696400,5.91912292359653,6.410648063818934,413947.65787396743,8.033452591801545
1696500,5.919204379722516,6.410734843507564,413952.3482801083,8.033554476972743
1696600,5.919265877699034,6.410800686265996,413956.91848928906,8.033640309234231
1696700,5.91934026366607,6.410885788718043,413961.39146031084,8.03375428504657
1696800,5.919417672362011,6.4109513083843295,413966.063584587,8.033822182555639
1696900,5.919478580084109,6.411027063191286,413971.2888988303,8.033890865305757
1697000,5.919536427910596,6.411102648708783,413976.3640658625,8.033960346822692
1697100,5.9195980639883095,6.411185229491831,413981.25555252243,8.03401725438653
1697200,5.919670086364727,6.411280333964387,413986.1886070602,8.034106325436822
1697300,5.919730147476706,6.411335536123992,413991.0109046001,8.034154083399278
1697400,5.919810944315144,6.4114255626802,413996.2830729135,8.03423539131924
1697500,5.9198894636018755,6.411490255125149,414000.63751922117,8.034329575933358
1697600,5.919946217424565,6.411552366814742,414005.83711998584,8.03443617043122
1697700,5.920009838823196,6.411649795089299,414010.4187339399,8.034504065685207
1697800,5.920083400074535,6.4117024597866905,414014.70390549983,8.03458957390215
1697900,5.920142472360853,6.411785510933835,414019.5241397914,8.034639012667323
1698000,5.920200021094058,6.411858270993959,414024.1442380586,8.034736559668461
1698100,5.920274139460651,6.4119200801248315,414029.05251758883,8.034831451409804
1698200,5.920336587514219,6.411983895561484,414033.66961263143,8.034892646162087
1698300,5.920408788245621,6.41205186579836,414038.2531539029,8.034991277664815
1698400,5.920475832002969,6.412130597978769,414042.6314675982,8.035047716363824
1698500,5.920542035601583,6.412203678977589,414047.525039919,8.035126579520844
1698600,5.92062152598683,6.412301878975291,414052.646458772,8.035194532955593
1698700,5.920684812672485,6.41236699511322,414057.7704927034,8.03529727209445
1698800,5.920749083973585,6.412452878043532,414062.69175783533,8.03537661879936
1698900,5.920817551440355,6.412534518965148,414067.9351907882,8.03544774613155
1699000,5.920886350463474,6.412609539698721,414072.25511442,8.035549524014646
1699100,5.920965700935153,6.412666546826288,414077.05789923255,8.035660654229856
1699200,5.9210376571819925,6.412718943728455,414081.9767751764,8.035739921668304
1699300,5.9210995955623185,6.412804342613475,414086.6611807491,8.035844069742943
1699400,5.921158559064709,6.412868707336015,414091.35107099393,8.035911135154391
1699500,5.921218198943072,6.412951097091091,414095.7735408059,8.035977974410427
1699600,5.92129254517219,6.41302074837541,414100.5800839559,8.036028924872785
1699700,5.921363718921008,6.413092464579439,414104.85666460334,8.036089740232303
1699800,5.921436541775853,6.413157940599818,414109.30456976587,8.036164270264864
1699900,5.921500098879546,6.413211352206208,414114.5912281179,8.03623476284166
1700000,5.9215694502253795,6.41330206836797,414119.32340292813,8.036290523260705
1700100,5.921628232240754,6.413400818039802,414123.7947523025,8.03639257191604
1700200,5.921697741834986,6.4134823663828815,414128.7093180458,8.036501758434294
1700300,5.921768404196102,6.413576553705698,414133.0180756299,8.03658468732431
1700400,5.921830522432793,6.413651263717795,414137.64593772526,8.036678858483382
1700500,5.921888981149246,6.413706376275204,414142.31597070827,8.036744079116124
1700600,5.9219587682752035,6.413763388056839,414146.624728797,8.03681030663345
1700700,5.922034580816126,6.413835032236006,414151.28937845636,8.036911751198232
1700800,5.922093708067663,6.4139115804576265,414156.25553693407,8.037017593656335
1700900,5.922174358491069,6.414009054268937,414160.8009737857,8.037071997661478
1701000,5.922248091422968,6.414077924204447,414165.10532454407,8.03712856408713
1701100,5.922323811508826,6.414157001978508,414169.4001652741,8.037242309346706
1701200,5.922383934037758,6.414237191395348,414174.1482549863,8.037326372968623
1701300,5.922463350536976,6.41430426140881,414178.95397874695,8.037404651560927
1701400,5.922539812518716,6.414396280331138,414183.8093984,8.037516375942488
1701500,5.922597760756469,6.414472957423639,414188.7493418493,8.037577464236508
1701600,5.922674924178473,6.414551620099446,414193.60798145557,8.037627003758756
1701700,5.922738160589202,6.4146106403360825,414198.24945949466,8.037694202001461
1701800,5.922799483397005,6.4146929453937895,414203.451628573,8.037795440767782
1701900,5.922857719246954,6.414791473124271,414207.93303278665,8.037902622600937
1702000,5.922936021600509,6.414879037277458,414212.54610623216,8.037997400738565
1702100,5.923013374160144,6.414944932073777,414217.31440721534,8.038054949822627
1702200,5.923072256594233,6.415003022569611,414221.5943229935,8.038135090962346
1702300,5.923145457950305,6.415071549262078,414226.566765704,8.038219924792367
1702400,5.923219997660451,6.415129714591338,414231.11481616733,8.038292153697686
1702500,5.923298762726822,6.4152084105475335,414235.5951014328,8.038347608171826
1702600,5.923373956315322,6.415276353568751,414240.5540304511,8.038405400086384
1702700,5.923446772978841,6.415371277273027,414244.83448737056,8.038495171979532
1702800,5.923505123025913,6.415449853256443,414249.5523815696,8.038602446110737
1702900,5.923569262099609,6.415546593715465,414253.79713513516,8.038654773439982
1703000,5.923646784237248,6.4156053982448045,414258.0147019948,8.038710341880666
1703100,5.92370633724642,6.415696669049352,414262.2411228369,8.038802872554013
1703200,5.923765009447594,6.41578832795074,414267.02227408305,8.038914275721789
1703300,5.923832560188993,6.4158444864357564,414272.0964555368,8.039003733736994
1703400,5.923897194616714,6.415909354184289,414276.6985176384,8.03907246152917
1703500,5.923971473912305,6.415973757496512,414281.0210745865,8.039172888837832
1703600,5.92404212062537,6.416027460720939,414285.76639770315,8.039278756597204
1703700,5.9241220994154595,6.41610808758266,414291.002411407,8.039369693193217
1703800,5.9241917740086585,6.416188280780288,414296.1306528128,8.039449395068196
1703900,5.924253905583293,6.416258775820076,414300.4748923569,8.039558441814085
1704000,5.92432495264735,6.4163535182725475,414305.04879204923,8.0396533107689
1704100,5.924390147230772,6.416442689255554,414310.21386411245,8.03976200053352
1704200,5.924457306428398,6.416534381518644,414315.04094174504,8.039864436708982
1704300,5.924523051045902,6.416622326253129,414319.9324351402,8.03995606395779
1704400,5.924600402127608,6.4167113703096,414324.61908667657,8.040058704886407
1704500,5.924675987639367,6.416782025186781,414329.5467167569,8.040130680297086
1704600,5.9247497150381365,6.416868718414106,414333.91007856635,8.04017824038312
1704700,5.924814333848845,6.416919660896026,414338.13633215457,8.040285234411588
1704800,5.924886941139302,6.416991417907134,414343.13131443324,8.040338424198689
1704900,5.924964143555857,6.41707745665362,414347.33136436186,8.040449673870626
1705000,5.925043164581403,6.417150514937141,414351.5248739339,8.040522084144378
1705100,5.9251033111653415,6.417248369867154,414356.44772359345,8.040608174224166
1705200,5.9251619216806,6.417341584928139,414361.19600961544,8.040657100424706
1705300,5.925225252794903,6.417434236875893,414366.25629061036,8.040752184976059
1705400,5.925289262417519,6.4175101822592975,414370.8601052882,8.04084594144649
1705500,5.925351121992115,6.41760390012925,414375.10839389404,8.040939865201741
1705600,5.925424598785589,6.417676820233252,414379.79053131375,8.04105153557973
1705700,5.925484669352496,6.417733209515928,414384.78884280904,8.041138465366537
1705800,5.92555907424829,6.417807812727391,414389.65368849214,8.041202435315334
1705900,5.925615094117356,6.417864809083146,414394.132681127,8.041307187555931
1706000,5.925678202432605,6.41794907376353,414398.5952872193,8.041377640225926
1706100,5.92575675933002,6.418019121132638,414403.7333959474,8.041427583420402
1706200,5.925820160683813,6.418108239720026,414408.7483821015,8.041491930850693
1706300,5.9258876151338615,6.41820302635016,414413.58054543077,8.041594528744351
1706400,5.925960580609186,6.418270517773231,414418.55218777305,8.041684779303614
1706500,5.92603297880181,6.418335787298593,414423.5101878873,8.041793291653692
1706600,5.926102216372094,6.418409718335953,414427.75491040095,8.041892755445923
1706700,5.926158533275277,6.418472015535349,414432.8328598254,8.041960617210506
1706800,5.926233613451881,6.418528833593927,414438.01681947836,8.04203998752341
1706900,5.926312345884977,6.418581967870701,414442.8636545344,8.042106291859978
1707000,5.926382698047153,6.418642369265271,414447.7412355518,8.042218302220258
1707100,5.9264435573157215,6.4187289787178745,414452.3883151335,8.042277783404403
1707200,5.926515198758259,6.418795005906722,414457.56972410163,8.042375420210105
1707300,5.92657570035837,6.418877821316709,414462.10683803103,8.042430238987157
1707400,5.9266484745803645,6.418933802549325,414467.07432902354,8.042526590806062
1707500,5.92672491755398,6.41898784469877,414471.64372614486,8.042634974369015
1707600,5.926799668294972,6.419050921826104,414476.7565453419,8.042702585814954
1707700,5.9268692930024365,6.419100067088445,414481.07153569366,8.042761200868314
1707800,5.926939758102229,6.419154331544193,414485.88248006214,8.042829862140188
1707900,5.9270015494627,6.419208781840865,414490.6643510671,8.042941748153202
1708000,5.927080643412636,6.4193029695113175,414495.23759315594,8.04300436926512
1708100,5.927145118830717,6.419364573098946,414499.4033679474,8.043058206727853
1708200,5.927215034093853,6.419431917705241,414503.91780009004,8.043166582586187
1708300,5.927275445612575,6.419511099659197,414508.9667648669,8.043216754999603
1708400,5.927352019746725,6.419574260784845,414513.5011644246,8.04326579573744
1708500,5.927415186120398,6.419662382997997,414518.3001126653,8.043354135069684
1708600,5.927492738832787,6.419751919911527,414522.610933418,8.043439718857012
1708700,5.927558921895998,6.419837040764169,414527.71688820055,8.04353169020323
1708800,5.927615983903742,6.419886639863683,414532.830539624,8.043617170367535
1708900,5.927676838441635,6.419945950254821,414537.14487219503,8.043687240377189
1709000,5.927752484213562,6.420032472676941,414541.46854671167,8.043748932076396
1709100,5.927828196732776,6.420100435626481,414546.2885424261,8.043856742164069
1709200,5.927889270863041,6.420192529396786,414550.8442317049,8.043946685129725
1709300,5.927962513848178,6.420285434339815,414555.0050823147,8.043999779122222
1709400,5.928035626736957,6.420380999891284,414559.48722401756,8.044107664960558
1709500,5.928096938805086,6.42044204773266,414563.92808676406,8.044180482874912
1709600,5.928153723591918,6.4205292112629,414568.8136552476,8.044227021593276
1709700,5.928230813288414,6.4206155703543715,414573.7395296619,8.044334833628284
1709800,5.928292148883878,6.420704943091513,414578.1400996518,8.044411062794824
1709900,5.928360726989554,6.4207626030192495,414583.2968017649,8.044513822637368
1710000,5.928435027623558,6.420841885252,414587.49065565295,8.044612234352812
1710100,5.928491308992049,6.4209044450594615,414592.2877174215,8.044693137646687
1710200,5.928565734621787,6.421000629308728,414596.5495513911,8.044800072136953
1710300,5.9286317565086675,6.421069004775291,414600.86795380735,8.044858712215412
1710400,5.9286877241585385,6.421152896059598,414605.8882814923,8.044927612615124
1710500,5.928763393687544,6.421205125296497,414610.31082067994,8.0450348981475
1710600,5.928823780750047,6.4212768030200555,414614.8986212749,8.045128204884787
1710700,5.9289015206064075,6.4213588580479035,414619.92450292374,8.045211243720766
1710800,5.928966067378554,6.421447978228927,414624.06509540806,8.045314204849491
1710900,5.929022404083774,6.4215137584307485,414628.3309742271,8.045414062957503
1711000,5.929083628688158,6.421609406455277,414633.3818776599,8.045493121079971
1711100,5.929156888666961,6.421663327678872,414638.2874149477,8.045552970346938
1711200,5.929230423105322,6.421734788991539,414642.5972233714,8.04565662001675
1711300,5.929307946596841,6.421810762481702,414647.5306907186,8.04576258653107
1711400,5.92938516189486,6.421894656500324,414651.9422234684,8.04581235382636
1711500,5.929445564965492,6.421957359408246,414656.2612797188,8.045875546394987
1711600,5.929504468392008,6.422044198291127,414660.5661254059,8.04592425888422
1711700,5.929565666362029,6.422113277134655,414665.0009561093,8.046020144466443
1711800,5.929620449106156,6.422188862874822,414670.03325918695,8.046116253699926
1711900,5.9296782820746,6.422241131242085,414675.07655194536,8.0461774902067
1712000,5.929750327725652,6.4223101512078555,414679.49597733235,8.046272755302224
1712100,5.929821034932801,6.422372006581846,414684.27043965535,8.046361315767658
1712200,5.929877275842626,6.42245078116663,414688.52666388167,8.046431502688796
1712300,5.929943750603528,6.422531020219893,414692.8202763182,8.046491307779677
1712400,5.930015348579559,6.4226225331589735,414697.02386151586,8.046592510358828
1712500,5.9300880662214315,6.42269826025665,414701.38426450174,8.046698821811214
1712600,5.930152765193858,6.4227870429875225,414705.65099114034,8.046797921280339
1712700,5.930208324264547,6.422860291077048,414709.78154691507,8.04690755909086
1712800,5.930283677944385,6.4229504013470615,414714.8710491864,8.046960301073122
1712900,5.930352229812725,6.423035635095948,414719.70590990596,8.047051751573237
1713000,5.930425449680745,6.423128065475142,414723.8157454941,8.047116186443407
1713100,5.930483298668617,6.423191794216967,414727.9391216225,8.047213027161334
1713200,5.930555851139917,6.423255296115593,414732.1422740282,8.047280901441866
1713300,5.93061678485653,6.42334836951913,414736.40985952737,8.047359373699853
1713400,5.930693917305076,6.423421276137546,414741.01774922945,8.047437940219766
1713500,5.930755498147482,6.4234966917909855,414745.5761739233,8.047500071474623
1713600,5.930824692815908,6.42354718345163,414749.7366039146,8.047566534182689
1713700,5.930901302109108,6.42359756191228,414754.0063368077,8.047663405664618
1713800,5.930979086848541,6.423680287300864,414758.33498749364,8.047752197481325
1713900,5.931050920244533,6.4237737247818565,414762.7992196064,8.047807925422498
1714000,5.931120488115115,6.4238239905675645,414766.9239369675,8.047898836540677
1714100,5.931182595184925,6.423897203201382,414771.7555440015,8.047963467804697
1714200,5.931241625858959,6.423953537371226,414776.51552303124,8.048069528179502
1714300,5.931314220692459,6.424039454176253,414781.3789281898,8.04815466906721
1714400,5.931377422443133,6.424101086662675,414786.2885300085,8.048217578784419
1714500,5.931451775754871,6.424161392112035,414791.38009180716,8.048267897591767
1714600,5.931525018929813,6.424245388381337,414795.6158226841,8.048372719081149
1714700,5.931579460635087,6.424306564702748,414800.4346286943,8.048426424274618
1714800,5.931639406441698,6.424375679522878,414805.32578840543,8.048475021369631
1714900,5.931710369264408,6.424430501544281,414809.79516218405,8.048559444239034
1715000,5.931785718272008,6.424523371600265,414814.2413945302,8.048608060017557
1715100,5.931860869920899,6.424589282159495,414818.54775916744,8.04870120289538
1715200,5.931918589600037,6.424670086847941,414822.6859698196,8.048778665682777
1715300,5.931996132537011,6.424732071510535,414827.3197332327,8.048873277103514
1715400,5.932071356648832,6.424823721889072,414832.2274033851,8.048939811487587
1715500,5.932139901875812,6.424874998364082,414836.5334657537,8.048987998495555
1715600,5.932196724247896,6.424938078471525,414841.4917733314,8.049074198427911
1715700,5.932268551794141,6.425017035139121,414845.85473584937,8.049182093814668
1715800,5.932332499984181,6.425082091274957,414850.2809815761,8.049278752374398
1715900,5.9324080945521045,6.425154998910983,414854.45798617066,8.049334392322239
1716000,5.932474300893288,6.425236550665251,414859.04680728394,8.049435546694564
1716100,5.932547897167687,6.425301567359363,414864.0304907159,8.049517453016694
1716200,5.932614165352123,6.425358565040111,414869.0904106072,8.049620840548252
1716300,5.93268319397054,6.425407778714241,414873.6613127008,8.04969835158265
1716400,5.932759620954948,6.42547448016359,414877.840816965,8.0497581836348
1716500,5.93283301584603,6.425553937135445,414882.71825673495,8.049846998862106
1716600,5.932903694003598,6.425641037583662,414887.3641689939,8.049914222831124
1716700,5.932959953295433,6.425697782734185,414892.0833884259,8.049998568496635
1716800,5.933015484310931,6.425761340849374,414896.18918952305,8.050075880986306
1716900,5.93309257603958,6.425840810994423,414901.21867121174,8.050132195496928
1717000,5.933167157440118,6.425929974563195,414906.0665642283,8.05019737366616
1717100,5.93324240406518,6.425981156219201,414911.1010741694,8.05025943448903
1717200,5.933315736300369,6.426074445830229,414915.7804518863,8.050345263779903
1717300,5.933373349095522,6.426143568282617,414920.078314321,8.050427466350042
1717400,5.933435987086101,6.426237467087362,414924.5053355441,8.050521515910743
1717500,5.933501148845525,6.426292246103233,414928.78439601435,8.050593170149597
1717600,5.933573530660718,6.4263564136134805,414932.910619279,8.050646885720797
1717700,5.933638858590812,6.426420566707829,414937.81229455804,8.050719550325503
1717800,5.933708228894154,6.426470374388669,414942.70889958873,8.050811808898565
1717900,5.93377981561677,6.426525458031929,414947.2062859895,8.050859383475615
1718000,5.933846302773373,6.426618822482406,414952.0926812729,8.050918708081745
1718100,5.933920389871281,6.426685431146094,414956.5580998487,8.051027832427694
1718200,5.933982426154939,6.426770933525304,414961.5207035306,8.051129828416068
1718300,5.934051144171285,6.426846757277857,414965.7485318808,8.051210311883757
1718400,5.934109454367803,6.42693829330843,414969.82498670276,8.05127480577332
1718500,5.934183785931214,6.427017992441887,414974.32417672686,8.051320788104723
1718600,5.934243386447427,6.427110472178682,414978.83681910747,8.051396129413202
1718700,5.934318550032809,6.427175798988673,414983.85109896574,8.051473430397431
1718800,5.934381772536588,6.427250244900772,414987.9477545147,8.051533506223658
1718900,5.934452245792654,6.427307679253639,414992.15568493406,8.051633676275415
1719000,5.934513108878269,6.427375053029488,414996.66979550355,8.051732569301267
1719100,5.934567558089706,6.427444807191212,415000.75408079644,8.051815938553403
1719200,5.934642273313006,6.427535263775894,415004.88159739744,8.051914239939261
1719300,5.934711497615752,6.427603787879994,415009.3219756253,8.052008355693845
1719400,5.934780122894887,6.427686426318781,415013.67743083584,8.052060965979896
1719500,5.934854171532131,6.427751192193675,415018.0881638388,8.052166929316252
1719600,5.934929068151193,6.427821139497397,415022.38398068305,8.052238951667357
1719700,5.93498448728784,6.4278808808572725,415026.849148229,8.052343585927456
1719800,5.935039361268679,6.427935125513729,415031.8081745788,8.052411953201064
1719900,5.9351023765887705,6.428011672818217,415036.072652999,8.052481598579478
1720000,5.935177695640885,6.428072241372619,415040.28214340477,8.052553687169302
1720100,5.935250302433721,6.428158507699987,415044.9656085571,8.052602225232922
1720200,5.93531428476267,6.428235224894882,415049.49345529877,8.052711156855151
1720300,5.9353842931626,6.428294806095926,415054.3288498876,8.05279950588589
1720400,5.935440484702263,6.428376182085023,415058.91430595104,8.052875965396181
1720500,5.935498647298049,6.428432918179186,415063.67757202056,8.052960025561152
1720600,5.935561028621232,6.428507448433224,415068.617405066,8.053061800849362
1720700,5.9356312184359075,6.428573831450577,415073.00004037935,8.053167233603196
1720800,5.935689186553508,6.428625121583921,415077.7786237911,8.053229459093318
1720900,5.93575087250835,6.4286993042584974,415082.1053720653,8.05333595744863
1721000,5.9358128728888495,6.42878630752476,415086.3408887331,8.053394243550228
1721100,5.93587973999716,6.428867312413729,415090.7009265247,8.053438954387719
1721200,5.935937937961629,6.428956706932032,415095.48333473783,8.053520171658036
1721300,5.9359964595789565,6.4290239221041405,415099.7434194783,8.053618976817479
1721400,5.936071932465871,6.429089150107143,415104.2131876537,8.053694542246957
1721500,5.9361471392499165,6.429141112298551,415108.77693807054,8.053794619388317
1721600,5.9362045555491605,6.429231154833494,415112.95701629185,8.053889767630219
1721700,5.936267285712568,6.429285208400239,415117.50579820655,8.053955172527992
1721800,5.936326321180224,6.429335919369051,415122.03644850425,8.054014361576183
1721900,5.9363862318592275,6.429390049772646,415126.6578771916,8.054071761145316
1722000,5.936444059420687,6.429450753768373,415130.8291282399,8.054169128694552
1722100,5.936500527351027,6.429509541141822,415135.76621028665,8.054269802954549
1722200,5.936559308158861,6.429560820508599,415139.8458602608,8.054377514708472
1722300,5.936621921758297,6.429608727205449,415144.449520494,8.054422147619148
1722400,5.93669672757986,6.429675440714876,415148.46849634754,8.054501406772344
1722500,5.936753575898386,6.429745091853618,415153.29601253866,8.054567850100526
1722600,5.936820271358608,6.4298362424687925,415157.4719790629,8.054653119136571
1722700,5.936894684239475,6.429907245774899,415162.1434480426,8.054740439343076
1722800,5.936962452713024,6.429992142130435,415166.3603234623,8.054825284797028
1722900,5.937037435922584,6.430069902329266,415171.03546138655,8.054880619254781
1723000,5.937091726875503,6.430157766115665,415175.5859861072,8.054940792549708
1723100,5.937159872284963,6.4302317977517705,415179.99834687763,8.055017189682903
1723200,5.937230030622425,6.430322283585541,415184.4352434889,8.05508037388337
1723300,5.937291245487475,6.430406801129442,415189.41179072147,8.055139515561534
1723400,5.937362042102243,6.430490443563707,415194.0829727928,8.055187489569457
1723500,5.9374244355243455,6.4305717867349115,415198.53949571593,8.055254918538704
1723600,5.937489042308046,6.430652260314612,415202.7403702999,8.055299894132986
1723700,5.937557204256189,6.430733337068816,415207.253230658,8.055382659937543
1723800,5.937631036042738,6.43079063175419,415211.9500902447,8.055439711417712
1723900,5.937698666695005,6.430864932609919,415216.7012848474,8.055531862330286
1724000,5.937769333270945,6.430953967331955,415220.9519252242,8.055583481883538
1724100,5.93783126691219,6.431009273449617,415225.85119855026,8.055643855112166
1724200,5.93789055965326,6.431063739923701,415230.55466480274,8.05570473799675
1724300,5.937958360688354,6.431149681282646,415235.20529451413,8.055755076305314
1724400,5.938017496541036,6.4312162310620975,415239.2645838285,8.055825221047746
1724500,5.938076564954066,6.431306868343654,415243.46984455583,8.055886660561281
1724600,5.938147549603434,6.431368623624387,415248.3592410274,8.055990020298356
1724700,5.938211964749286,6.431445655564164,415252.76308743306,8.056034805273763
1724800,5.9382758605049375,6.431524494274045,415257.3246338062,8.056099038175967
1724900,5.938335190391059,6.431602575138264,415261.5060479861,8.056152225955515
1725000,5.938403705476866,6.431655276471193,415265.93785465095,8.056255899528628
1725100,5.938457459825618,6.4317028783656465,415270.72872955183,8.056335318414238
1725200,5.938525806082359,6.431783590957894,415275.11340676853,8.056421656487403
1725300,5.938598596649475,6.431848146485318,415279.650982955,8.056497381405489
1725400,5.938659637154692,6.431934526072863,415283.7364304933,8.056557292716295
1725500,5.938717024655334,6.432007939534795,415288.4544633241,8.056612013042354
1725600,5.938777249936833,6.43208069750037,415292.8434667595,8.056680244162347
1725700,5.93883555202641,6.432167556060762,415297.02577270434,8.056777867811942
1725800,5.938910008190305,6.4322511735864865,415301.8300852962,8.056865372485777
1725900,5.9389726919586785,6.43234204480121,415306.27432957664,8.0569510946385
1726000,5.939025408663436,6.432413305362436,415310.2525044338,8.057055425931102
1726100,5.93908312682626,6.432469345913925,415314.72101372597,8.057134859471777
1726200,5.939149109727579,6.432522790966428,415319.0308138897,8.057199364898135
1726300,5.939203594613438,6.4325895216779045,415323.75771564146,8.057270265422034
1726400,5.939269984536147,6.432678942288795,415328.5908166422,8.057325661714232
1726500,5.939330713620407,6.432747631575302,415333.4191151672,8.057385771296989
1726600,5.939399415060045,6.432831455147111,415337.52542844205,8.057493018032748
1726700,5.939462240555628,6.432899086908573,415341.86198809324,8.057563008556475
1726800,5.939534716979258,6.432960020807716,415346.4554500295,8.057610619274001
1726900,5.939587741687603,6.4330356356155525,415350.42439728585,8.057689248924369
1727000,5.939640189266903,6.433098707864038,415354.64715161046,8.057737943727671
1727100,5.939694444215161,6.433188524773181,415358.9805010264,8.057810123291066
1727200,5.939750087985954,6.433245234991751,415363.8703891075,8.057889687577248
1727300,5.939805709140406,6.433334586461725,415368.381194892,8.05794606065524
1727400,5.939860883861331,6.433393231516824,415373.1014973184,8.058029136768798
1727500,5.939927880630949,6.4334822135065055,415377.3090938263,8.058131781704326
1727600,5.939995624516498,6.433571017027519,415381.47876584186,8.058209402463417
1727700,5.940065414358215,6.433653428577054,415385.9514283134,8.058273927938778
1727800,5.940129712518934,6.433740085969912,415390.46543916175,8.058336256884207
1727900,5.94020231080337,6.43380735781103,415394.80295352306,8.05842505744287
1728000,5.9402616060136655,6.4338927081461055,415399.256911994,8.05848716690428
1728100,5.940329020508559,6.433946834714711,415403.47946729674,8.058575124731291
1728200,5.940402227677085,6.434033943308652,415407.58744502516,8.05868096877741
1728300,5.9404659126562285,6.434106870384419,415411.56003976206,8.058748448174677
1728400,5.940538820193111,6.434187882612603,415416.3087701014,8.058823489597575
1728500,5.940604662344488,6.434271270898256,415420.3920748442,8.05891835656952
1728600,5.940668032976837,6.434352111790729,415424.8787665819,8.058982956451441
1728700,5.940732896478462,6.434442833710627,415429.3366621164,8.059068571513732
1728800,5.940794552138593,6.434516012503029,415433.94216147484,8.059118380047675
1728900,5.940862166101443,6.434600446560368,415438.4798123674,8.059217335294242
1729000,5.940928810318818,6.434678500266326,415442.425502152,8.059281258466392
1729100,5.940982549450712,6.434748336974376,415446.9673234178,8.059331867953901
1729200,5.9410357965743215,6.434797211188671,415451.57256525947,8.059425368571448
1729300,5.941104411310289,6.4348454986727806,415455.68856370304,8.05949685583951
1729400,5.94117348863101,6.434900018652593,415460.12619062036,8.059560684078635
1729500,5.941233170892118,6.434980338397868,415464.8706100238,8.059626618348995
1729600,5.941303752043558,6.435045263997856,415469.0773432202,8.059705051477625
1729700,5.94136076456586,6.43513468284881,415473.41141156264,8.059806626099627
1729800,5.941415619345908,6.435225328140234,415477.61657278676,8.059878119840821
1729900,5.941476405074995,6.435303352764012,415482.3023927703,8.059940582724554
1730000,5.941531143247365,6.43538259887143,415486.24249867245,8.060043260338977
1730100,5.94159216028676,6.435471419459053,415490.9154695594,8.060143612177656
1730200,5.94166020473702,6.435544777112151,415495.58446970297,8.060204127195407
1730300,5.941713727750765,6.435597010177168,415500.0326693046,8.060266017014266
1730400,5.941779682473411,6.435660336057759,415504.22587067285,8.06031015079779
1730500,5.941849787953102,6.435751565054165,415508.5900281645,8.06036430718981
1730600,5.941920704587434,6.435806982922526,415512.78704486485,8.060448721573552
1730700,5.941987799763743,6.435864911840088,415517.6744818567,8.060537551680286
1730800,5.942061021264627,6.435940164711599,415521.7686736051,8.060597015284538
1730900,5.942119905172007,6.436011719197668,415526.45740996714,8.060670423214068
1731000,5.942189711186729,6.436099580199266,415530.85851853155,8.060776678227809
1731100,5.942250799041685,6.436176690951883,415535.24958499224,8.060848557465379
1731200,5.942316450818106,6.436245216218224,415539.45783147216,8.06089811180304
1731300,5.942386892957771,6.436317467105641,415543.62324128713,8.06094263494811
1731400,5.942460407477297,6.436372370197682,415548.4040595435,8.060992087684115
1731500,5.942529973766544,6.4364473291538,415553.0248739425,8.061096396837934
1731600,5.942588220799368,6.4365078837662955,415557.2150915605,8.061143113817105
1731700,5.942658448894088,6.436596472742471,415561.1760977786,8.061242896988633
1731800,5.942724097802363,6.436686167804676,415565.73822594463,8.061330074728422
1731900,5.94278003600268,6.436747006446159,415569.70648103417,8.061391036635916
1732000,5.942842767382354,6.436811589621976,415574.53122106567,8.061460797849866
1732100,5.942898267661259,6.4368831612839505,415578.69905415864,8.061513199533486
1732200,5.942950883481865,6.4369496690895085,415583.2220288544,8.061583639155591
1732300,5.94300333140045,6.437005690956496,415587.6070528538,8.061675309681421
1732400,5.943074648043589,6.437066028167538,415591.9846622952,8.061721442315651
1732500,5.943136549159693,6.437115990813554,415596.77838397276,8.061804247571919
1732600,5.9431986305148286,6.43718439534543,415601.0095378579,8.06187303340998
1732700,5.943260418303026,6.437257057108987,415605.6714725061,8.06192094379711
1732800,5.943319789181457,6.437312009777787,415610.1766449726,8.061964377397297
1732900,5.943377228935644,6.437393907430883,415614.28543831245,8.062052803830289
1733000,5.943437642801422,6.437472835505368,415618.4491777475,8.062144915831334
1733100,5.943494288139322,6.437552234738777,415622.88664137793,8.062231062757128
1733200,5.943552634262068,6.437631017640074,415626.9733639608,8.06228563911495
1733300,5.943606672356419,6.43770760921418,415631.4710760376,8.062341114775698
1733400,5.943669579316662,6.43778605623502,415635.7227291482,8.062421773691874
1733500,5.943731890223545,6.43787622221967,415639.7887461599,8.062481848353784
1733600,5.943785667827089,6.437935468580814,415643.8724053915,8.062558482071964
1733700,5.943847368202874,6.43800202755916,415648.60239930346,8.06264722522614
1733800,5.943909237900818,6.4380672295293255,415653.274526704,8.06274112137158
1733900,5.943961697214782,6.438128864430997,415657.3564843604,8.062806524239873
1734000,5.944030406934717,6.438187577956157,415662.19930005167,8.062896711086733
1734100,5.9441014250834066,6.438268348278926,415666.57143248845,8.062945109261317
1734200,5.9441553782396035,6.4383467667216046,415670.8266029437,8.063050195702843
1734300,5.944224635041608,6.438407457141588,415675.2101882548,8.063104932810525
1734400,5.944298438970299,6.438475996006398,415679.77656176494,8.063173754321245
1734500,5.944353901018889,6.438551762332683,415683.9156537356,8.063243375290213
1734600,5.944407002572873,6.438633800290716,415688.17331208807,8.063300345682391
1734700,5.944469226047279,6.438688464657494,415692.64216979285,8.06339306897234
1734800,5.944520863946829,6.438742922705428,415697.13764568855,8.063491295356922
1734900,5.944583570138379,6.438810348825323,415701.17210738274,8.063558244924673
1735000,5.944651119612631,6.438883624346794,415705.7765088681,8.063610116896735
1735100,5.944717500064776,6.438941434121909,415709.8203210526,8.063654321579694
1735200,5.944780577367368,6.439027882348895,415714.62648985354,8.063737754752493
1735300,5.944833211114462,6.439076393407847,415719.3006103382,8.063830016797537
1735400,5.944888593221346,6.439123659135041,415723.95893037476,8.06391739088499
1735500,5.944946671058708,6.439212683829906,415727.8795946193,8.063995578836558
1735600,5.945018364815901,6.439274069488155,415732.4681470184,8.064078114101248
1735700,5.945074392252072,6.439350428444214,415736.83754867286,8.064177474066451
1735800,5.9451412796503815,6.439411828097009,415740.8502988125,8.064277674877575
1735900,5.945193937685552,6.439473163328117,415745.57836141903,8.06433793678874
1736000,5.94525375927497,6.439530096054128,415750.07414634025,8.064382921034873
1736100,5.945323249191564,6.439580070078098,415754.08475047816,8.064453244812789
1736200,5.945374677152454,6.439651646118675,415758.3008673383,8.064513062862448
1736300,5.945443136412982,6.439720343418103,415762.3683516424,8.064611787264372
1736400,5.945495695131667,6.439795268457719,415766.9445883068,8.064704065592194
1736500,5.945548058372799,6.439865957751447,415771.32267374813,8.064799607133764
1736600,5.945616082294586,6.4399264964986935,415775.5423186805,8.064890689510191
1736700,5.945685377559467,6.439989953424831,415779.4488478684,8.064953177673319
1736800,5.945751531761687,6.440077288825736,415783.5942468117,8.065044791923675
1736900,5.945818699113994,6.440138407737277,415787.69702791114,8.065119635011245
1737000,5.945888342074597,6.440193542019972,415792.1859436984,8.065193788142784
1737100,5.945947488841519,6.4402656679551935,415796.58607394196,8.06526531480591
1737200,5.946014992145851,6.440315436920473,415801.3284959974,8.065323167564872
1737300,5.946082288729178,6.440373530037184,415806.0113802227,8.065411348216818
1737400,5.946153662602779,6.440461435763214,415810.00462335505,8.065487482520785
1737500,5.946210468166814,6.440514687231211,415814.70173952525,8.065532898704312
1737600,5.946264829222072,6.4405736982919315,415819.1381289813,8.065598885594968
1737700,5.946333044561519,6.440622498564777,415823.054183269,8.065647243802044
1737800,5.946390343194217,6.440703780666105,415827.24573866866,8.06570575349525
1737900,5.946455146206658,6.440793035074361,415831.3058778179,8.065780846337368
1738000,5.94651157065259,6.440874662160418,415835.5312465837,8.065831325254605
1738100,5.9465737068414715,6.440964471332868,415839.7991465601,8.065920540688312
1738200,5.946631661982746,6.4410318398587485,415843.7313136085,8.065984073030483
1738300,5.946687098923407,6.441084722523912,415848.29379257,8.06608532639742
1738400,5.946759288071095,6.4411524144892525,415852.2035356743,8.0661894345912
1738500,5.946828388230858,6.441202418462744,415856.3254377913,8.0662699756699
1738600,5.9468974797370855,6.441277547229235,415860.27720457,8.066364360407293
1738700,5.94695135200433,6.441361452638003,415864.1310602893,8.066418763081131
1738800,5.947014827600345,6.441448487830959,415868.8367876395,8.066472264331884
1738900,5.947080020267238,6.441502148772477,415873.43587495235,8.066573870947783
1739000,5.947146383793562,6.44157235276526,415877.6559163921,8.066649136771892
1739100,5.947218677661261,6.441649091370109,415881.5283966483,8.066699616746329
1739200,5.947278574707658,6.441716136971612,415885.6478039147,8.066742538241886
1739300,5.947351093532902,6.441770211680287,415890.04138358607,8.066806957108218
1739400,5.947406914069329,6.441851779089286,415894.39889032464,8.066882503746514
1739500,5.9474751336343985,6.441939411866796,415898.8693716646,8.066967768256836
1739600,5.947546430473846,6.442014617077521,415903.3511397946,8.067031522254489
1739700,5.947613338131896,6.442095335645457,415908.0804664721,8.06712709859242
1739800,5.947673131403505,6.44217576017191,415912.31807469256,8.06721112891549
1739900,5.947725647053231,6.442248558277232,415916.9313539718,8.067257594158283
1740000,5.94779575738602,6.442321626330496,415921.4386441208,8.067358531220162
1740100,5.947847043663087,6.442385802186836,415925.86227188143,8.067403826721526
1740200,5.9479035633436395,6.442455768052311,415930.49278458924,8.067486985285884
1740300,5.947965131643088,6.442540307627637,415934.6794945365,8.067567253982771
1740400,5.9480242246191635,6.442614522421346,415938.8739685804,8.067611831530458
1740500,5.948096038771321,6.442670927055502,415942.82099081844,8.067707977458861
1740600,5.948162286972189,6.442742862316077,415946.9894523163,8.067792153689474
1740700,5.94823439504705,6.442817114751465,415951.3555357639,8.067851258413018
1740800,5.9482928157477355,6.442876249299718,415955.82150107,8.067916755878633
1740900,5.948357633962403,6.442944606177788,415960.2389587246,8.067995302917058
1741000,5.948416762818548,6.442999860351195,415964.65723331744,8.068047602786363
1741100,5.948485679042089,6.443088275747945,415969.2807484602,8.068148464284983
1741200,5.948550972667267,6.443133956296543,415973.4281651966,8.068192499219965
1741300,5.948614388339588,6.443186722858443,415977.3775916989,8.068264961272435
1741400,5.948680145471687,6.443242324949767,415981.51616139535,8.06831585591723
1741500,5.948751475281933,6.443301735464242,415985.9835680064,8.068370988380638
1741600,5.948823175176746,6.443352187867862,415990.11046851403,8.068438779757482
1741700,5.948885773874987,6.443419767991188,415994.03003922093,8.068494237440547
1741800,5.948954123200497,6.4434821736776975,415998.07753756456,8.068560013325605
1741900,5.94901137774807,6.4435493499592775,416002.5285659143,8.068617480760645
1742000,5.949080560705948,6.443633039375284,416006.76566411514,8.068707639168817
1742100,5.949145435870958,6.443702932809505,416010.8736270325,8.068764422739754
1742200,5.94921745860957,6.443749303713095,416015.4437052411,8.068829825165997
1742300,5.949285788863996,6.4438192442660505,416019.30920381285,8.068883237951592
1742400,5.949355502964414,6.443873106147715,416023.6050208721,8.068948178272663
1742500,5.949422085928809,6.443921107885331,416027.60070749413,8.069034848356322
1742600,5.949493225954854,6.443996290633167,416031.43757717917,8.069122924952135
1742700,5.94956263260436,6.444078681311046,416035.9732775505,8.06920087019241
1742800,5.949626617310719,6.444150343007143,416040.6185895382,8.069290565048162
1742900,5.949679888675424,6.444238117584384,416044.7066684273,8.069375287392011
1743000,5.949740990218222,6.444314423324107,416049.4339904666,8.069440214279975
1743100,5.949803737182231,6.444402535473486,416054.06064826285,8.069483895728062
1743200,5.949858771181279,6.4444758233737724,416058.6198724602,8.069552627895785
1743300,5.949909447287218,6.444529642553063,416063.0346011467,8.06962481807133
1743400,5.9499807809439185,6.4446129341971075,416067.57454794075,8.069713802163502
1743500,5.950044973706297,6.444681037137789,416071.9260736293,8.069809003585826
1743600,5.950115170994344,6.444745536111431,416076.4834867655,8.06990307897762
1743700,5.950186314955196,6.444811264240993,416080.95154743444,8.069986629465372
1743800,5.950250829780836,6.444873774870517,416085.4242607637,8.070060369599828
1743900,5.950309613107356,6.444941739195949,416089.29826021835,8.070135851749868
1744000,5.950372525936657,6.445016914912273,416093.3168910573,8.070199019748761
1744100,5.950424211434791,6.445098918657144,416097.3972950722,8.07026546950788
1744200,5.950484571825184,6.445164245880296,416101.37593827775,8.070326375451828
1744300,5.950552815718788,6.4452172317174306,416105.1707179451,8.070395444778738
1744400,5.950603487152551,6.445265664731008,416109.85709927557,8.070442923362338
1744500,5.950660615709714,6.445346830652118,416114.4480416048,8.070496274885617
1744600,5.950729134022834,6.44541916689438,416118.51564128656,8.070579665248726
1744700,5.950780723886642,6.4454688044095585,416122.7829012396,8.070624126787942
1744800,5.950836139822125,6.4455458279572655,416127.3415812863,8.070708820189333
1744900,5.9508916828538965,6.445631272585051,416131.2779619526,8.070803023505352
1745000,5.9509453856694,6.445690498992757,416135.71816179965,8.070874580957245
1745100,5.951007287616663,6.445773979687802,416139.7197748406,8.070936418776114
1745200,5.9510605661431075,6.4458375625245194,416144.35623791773,8.071031640117251
1745300,5.951126696792885,6.445917370284411,416148.70249906555,8.07112709108226
1745400,5.951183335386921,6.4459800263107745,416152.7600070238,8.071226783816494
1745500,5.951241980154763,6.446050488790556,416157.122726629,8.071321171653004
1745600,5.951308590762441,6.446114886289656,416161.3338589559,8.071415199317075
1745700,5.951360368682384,6.446193305433067,416165.1409346738,8.071486214513914
1745800,5.951424368994408,6.446259623316055,416169.0572656309,8.071584117829275
1745900,5.951495928765158,6.446311352146401,416173.2026496571,8.071648290327564
1746000,5.951549977897139,6.446365921861778,416177.50947599724,8.071710603649846
1746100,5.951615344591003,6.446421728769006,416181.33086646395,8.071763057735344
1746200,5.951686725203518,6.446486383765355,416185.75755739893,8.071856967122347
1746300,5.951738474412453,6.446540136230709,416189.85267220874,8.071926672132838
1746400,5.951789807601385,6.446586222229302,416194.26968008425,8.071981772908554
1746500,5.951841097504749,6.446653950826654,416198.7917758689,8.072075676428083
1746600,5.951894390489838,6.446725098450061,416203.3065339585,8.072142972389816
1746700,5.951946422631012,6.44680388420873,416207.7155236917,8.0721961459256
1746800,5.952007072510433,6.446853934383575,416211.7483371965,8.072238295787189
1746900,5.952066164395004,6.446921335033154,416216.2051260244,8.072332221099314
1747000,5.952127947294506,6.4469888843350205,416220.6139146306,8.072382552704745
1747100,5.9521831461331045,6.447056663492915,416224.3848513738,8.072468222510794
1747200,5.952233900733595,6.4471435753913084,416228.6865290282,8.072532658276627
1747300,5.9522876344618085,6.447229933851395,416232.9478679663,8.072634151428762
1747400,5.9523557547593615,6.447301056012439,416237.4874128299,8.072725030927717
1747500,5.9524203388956,6.447355187692024,416242.11569673725,8.07278391964788
1747600,5.952486215134784,6.447442128607474,416246.5863100776,8.07286738892265
1747700,5.952544695679145,6.4475256469051985,416250.7667019836,8.072924632964124
1747800,5.952605253691132,6.447608899318833,416254.9545908127,8.073012813769497
1747900,5.9526612242202495,6.447694193513382,416259.4008995372,8.073106585867118
1748000,5.952714867532584,6.44774107284576,416264.01427954016,8.0731780427089
1748100,5.952777494631156,6.447816667965056,416268.45037732576,8.073262817091406
1748200,5.952843948160136,6.447895078311743,416272.2944718655,8.073340143953239
1748300,5.952896521300784,6.44796763577462,416276.5245566585,8.073432576907505
1748400,5.952951131216561,6.448032663136078,416281.0964050666,8.073514526378014
1748500,5.953005885946427,6.448090870395569,416284.9992897206,8.073611195133086
1748600,5.9530750849772,6.4481499658292005,416288.89671311836,8.073687596914134
1748700,5.953136254615886,6.448217795625815,416293.3736810858,8.073784935226806
1748800,5.953192985036832,6.448270195904057,416297.56449035107,8.073841983547943
1748900,5.953253946650931,6.4483392388680985,416301.71532528504,8.073937313359629
1749000,5.953312354858128,6.448383479812145,416305.9079325671,8.07402951290464
1749100,5.95337170988143,6.448435986427625,416309.929148293,8.074085169833735
1749200,5.953429924531219,6.448515790922597,416314.2654739435,8.074127351300433
1749300,5.953484446944143,6.448576016619482,416318.86836990423,8.074227567991011
1749400,5.953543844356627,6.448657973686998,416323.18458015396,8.074285657873387
1749500,5.9536042986300535,6.448704668497733,416327.5753286621,8.074333631748043
1749600,5.953665040363728,6.448782161681058,416331.5229755752,8.074386244231995
1749700,5.953732895441162,6.448865057017248,416335.2627036178,8.074452420398412
1749800,5.953785373539162,6.448918597155101,416339.272074153,8.074540420976499
1749900,5.953845470355734,6.448983798257013,416343.7137386396,8.074609595438847
1750000,5.953895305400739,6.449030568370895,416348.30367806845,8.074673108778809
1750100,5.953961778386721,6.449091707722447,416352.7131086118,8.07474125885819
1750200,5.954024140502419,6.449162884639601,416356.988339141,8.074800939170935
1750300,5.954079276951344,6.449244201655095,416360.8748098852,8.074888333038926
1750400,5.954142620672804,6.449291048497804,416365.16838477046,8.07498913637733
1750500,5.9541958917737725,6.449364412286731,416369.35767926864,8.07503945410994
1750600,5.954262802712125,6.449424478390359,416373.8471667949,8.075114733818962
1750700,5.954316278011996,6.449475491622093,416377.7613690566,8.075161347516175
1750800,5.954381508721997,6.449554116464413,416382.2836405816,8.075212844559532
1750900,5.95444602163276,6.449616108634975,416386.30614147714,8.075309235975473
1751000,5.954498239985386,6.449700093998971,416390.5599034192,8.075375311351898
1751100,5.954561103174897,6.449768538450945,416394.8649215988,8.075419365349697
1751200,5.954627920522201,6.449853333405683,416398.86754753767,8.075462519108095
1751300,5.95468423543966,6.449908124082216,416403.2762350934,8.075524249804541
1751400,5.954742721357607,6.449965892707656,416407.7540120865,8.07558506925248
1751500,5.954797955842738,6.450048195683622,416411.8014167215,8.075648649057916
1751600,5.954860264507648,6.450126123289784,416416.40401689714,8.075718652272037
1751700,5.954921587193373,6.450176447883607,416420.2304568778,8.0758084130523
1751800,5.95498719263846,6.450238276740056,416424.0996158527,8.075899381367108
1751900,5.955038164449947,6.45031656586668,416427.99413689104,8.075948119257745
1752000,5.9551051278349245,6.45039201850786,416432.5096140446,8.076018489589115
1752100,5.955159872502236,6.450467793042423,416437.0051126199,8.076094155200563
1752200,5.955227818012455,6.450537713463319,416440.88505448174,8.076182294865067
1752300,5.9552802915815555,6.450609627493442,416445.3564738021,8.076228249124998
1752400,5.95533789644988,6.450689737239098,416449.09856762015,8.0763171063444
1752500,5.955406557501619,6.450753673889614,416453.2136673064,8.076375656721462
1752600,5.955473981248044,6.450832143945945,416457.2769386648,8.076426967894863
1752700,5.955533884308566,6.450902410073474,416461.4522360689,8.076486732608611
1752800,5.955588014599557,6.450987766000076,416465.57053392066,8.076535559271681
1752900,5.955643600069373,6.451061544060167,416469.66406963306,8.076623958031321
1753000,5.95571399699551,6.4511328163326205,416474.1450878181,8.07667552762094
1753100,5.955764097579,6.451189745904572,416478.3669964716,8.076722536332223
1753200,5.955826253329667,6.451272831522861,416482.7650259997,8.076804705138223
1753300,5.955880398135504,6.451324382143167,416486.7118571655,8.07686384793549
1753400,5.955948874326237,6.451373456927034,416490.6162035729,8.076907346464656
1753500,5.956011160086192,6.451431889102841,416494.611991904,8.076967293747588
1753600,5.956068817636918,6.451477926410465,416498.3184304696,8.077018902840825
1753700,5.9561248583986535,6.451561547115989,416502.27331684006,8.077088092392781
1753800,5.956178888929851,6.451644723343975,416506.4632675471,8.0771467187558
1753900,5.956237888782677,6.451721295369862,416510.52943301963,8.077224323626789
1754000,5.956291675405013,6.451789584625678,416514.7949932772,8.0773030092378
1754100,5.9563500434024865,6.451855055928432,416518.6407403967,8.077381406106808
1754200,5.95640143774176,6.451928437202533,416523.1255184042,8.077438052572468
1754300,5.956460887818888,6.451975009648777,416527.3638042425,8.077494503885394
1754400,5.956520603062421,6.4520213902600405,416531.68391455343,8.077539128137287
1754500,5.956589838480596,6.45207130911098,416536.10408174375,8.077618908364624
1754600,5.9566495396753965,6.452148541556113,416539.9233924845,8.077709633849231
1754700,5.956708942114401,6.452230416579912,416543.96312729147,8.07777916929099
1754800,5.956768558451185,6.452273670118041,416548.52919003105,8.077846187224647
1754900,5.956834802764818,6.45233886563821,416553.0064290382,8.077905552815892
1755000,5.956901388798311,6.4524179648991495,416557.5011815535,8.077990763277096
1755100,5.9569601083147194,6.452493989146739,416561.5658322651,8.078084654979202
1755200,5.957013470909245,6.452541350799851,416565.83513374766,8.078144006519729
1755300,5.957082852251863,6.452590392534901,416570.1804406587,8.078200026166659
1755400,5.957134462685651,6.4526661172710185,416574.1430922554,8.078266785528875
1755500,5.957200455408679,6.452721101625615,416578.645972533,8.078358442078466
1755600,5.957259710732561,6.4527822358949765,416582.9427153923,8.078457335785282
1755700,5.957322271331843,6.452844672140506,416587.27468075685,8.07851018527915
1755800,5.957373879568362,6.452913081282522,416591.6086494,8.078589332862547
1755900,5.957429120798535,6.452991230285018,416595.8516579368,8.07868458663058
1756000,5.957489982890239,6.453044938161102,416599.96690971905,8.078768658569407
1756100,5.957541869076607,6.453096762818573,416604.41677253717,8.07886574766983
1756200,5.957609155356393,6.453180116278891,416608.41276540706,8.078923146952558
1756300,5.957664064792882,6.453223655760107,416612.33039816964,8.078974479725657
1756400,5.957733435709838,6.453272336516446,416616.01166619785,8.079025687364682
1756500,5.957784060971881,6.453345559646526,416620.3351911388,8.079077843754007
1756600,5.957836721997295,6.45340537686201,416624.8602376859,8.079156429509066
1756700,5.957903691973262,6.453460830125503,416628.8192703341,8.079226980325787
1756800,5.957959130561627,6.453519564194714,416632.7283558253,8.079275682971758
1756900,5.9580135103453875,6.453603463701153,416636.6055623962,8.07937194629409
1757000,5.958069668976067,6.453649582562823,416640.96863885847,8.079469419703011
1757100,5.9581240030376,6.453700531272895,416644.9879992398,8.079511983441149
1757200,5.958179775645351,6.45375736565956,416648.72917430697,8.079584391406835
1757300,5.958233030645946,6.453817161155492,416653.20892764337,8.079625005642319
1757400,5.958301539078892,6.453895568137185,416657.38361521665,8.079710770878764
1757500,5.958365151826866,6.45397887727852,416661.65705250116,8.079755979089228
1757600,5.958417204558695,6.454063471483689,416665.94013216195,8.079811944096658
1757700,5.958479555781467,6.454130728943463,416670.2915626758,8.079891573669117
1757800,5.958544045732055,6.454203533234485,416674.3211322859,8.079954577243733
1757900,5.958600991795075,6.454261850331733,416678.81853698863,8.080007562812506
1758000,5.958658827650719,6.45434566319201,416683.1147220525,8.0800555891308
1758100,5.95871699794899,6.454398916907433,416687.4045102214,8.080119914282633
1758200,5.958776155923732,6.45444514004776,416691.06422307884,8.080164998797331
1758300,5.9588374850049695,6.45451036530367,416694.78550302563,8.080250339190338
1758400,5.958890484774318,6.454564559958059,416698.7507226587,8.080308954629244
1758500,5.958958359045097,6.454612488620145,416703.2032418678,8.080387899458694
1758600,5.959009632603866,6.454658023852876,416707.74872451456,8.080458995758683
1758700,5.959061169052933,6.454736858202598,416712.2408057382,8.080544328237048
1758800,5.9591231738224595,6.454780571200127,416716.0697173361,8.080602749282091
1758900,5.959171921788883,6.454840356418482,416720.3173716161,8.080665973307052
1759000,5.959234779976338,6.454902553105285,416724.72633436014,8.080718007010438
1759100,5.959289923606984,6.454961602020822,416728.826916825,8.080771847583403
1759200,5.959342839138835,6.455005634137212,416732.80593427806,8.080862510702007
1759300,5.95941109417343,6.455083707805101,416736.8900770243,8.080958086153993
1759400,5.959465119133061,6.455162983383116,416740.6682267799,8.081052705277335
1759500,5.959527448691196,6.455231802511243,416744.99818984186,8.081124093585482
1759600,5.959593549550816,6.455308284097506,416749.11074018705,8.081203956129992
1759700,5.95966237413864,6.455371342087526,416753.5035089141,8.08128900965826
1759800,5.95972789120895,6.4554519334422915,416757.93960977043,8.081336909545286
1759900,5.959796824844507,6.455513068047104,416762.35537411575,8.081431779470337
1760000,5.959854765095193,6.455589521804359,416766.6568875157,8.081501575606683
1760100,5.9599188461062385,6.455662092143614,416770.8980460345,8.081587512457087
1760200,5.959979995613863,6.455742394260332,416774.8158491092,8.081658301135894
1760300,5.960048944925328,6.455805641455304,416779.2206061678,8.081707246927595
1760400,5.960102509570081,6.455889338068538,416783.5704587253,8.081779819371375
1760500,5.960159904210287,6.4559723113001235,416787.7668725512,8.08183659382954
1760600,5.960228090408605,6.45603452356246,416791.78370060225,8.081922194837869
1760700,5.960291553403633,6.456095786673424,416795.69245470694,8.08199394899626
1760800,5.960341503780681,6.456156581230552,416799.63084398146,8.082034575040904
1760900,5.96038967901869,6.456223649599403,416803.577217149,8.082103072048335
1761000,5.960438310230221,6.456299806650012,416807.3842149805,8.08219768529993
1761100,5.9604973429848815,6.4563454906167115,416811.7774717502,8.082254536292776
1761200,5.9605583344102255,6.456420408981437,416816.15828297444,8.082324468847247
1761300,5.960618861962065,6.456465760997794,416820.3484170613,8.08237107545697
1761400,5.96068627876019,6.456514392357143,416824.82491987356,8.082466695632409
1761500,5.960735077164662,6.4565967565409315,416829.0170132453,8.082523001874307
1761600,5.960795878339889,6.456664016495106,416832.7741903763,8.082571418605257
1761700,5.960850554680627,6.456718640489811,416836.7059921372,8.082655856844436
1761800,5.960908721816223,6.456763003790102,416841.1081124115,8.082701585570447
1761900,5.960971428207574,6.456818954220006,416844.85224647267,8.082760488269663
1762000,5.961027233105802,6.456884228376377,416849.08145443024,8.082830058891261
1762100,5.961081815418141,6.456940334167706,416852.83856496256,8.08287613382408
1762200,5.961138003340787,6.457013921432713,416857.2432688571,8.08294817782366
1762300,5.9611899258914525,6.457077185260657,416861.5261270156,8.082998806282193
1762400,5.961253343466552,6.457151576506567,416865.7156813985,8.08305743339938
1762500,5.961319022256179,6.457231849254849,416870.043629944,8.083112403561678
1762600,5.961380599818789,6.457286749272229,416874.405366182,8.08315439210959
1762700,5.961441056862852,6.4573308485819965,416878.11979025166,8.08323147844942
1762800,5.9614976914831095,6.45739123535258,416882.51970639726,8.083328911624475
1762900,5.961564508475164,6.457445101752207,416886.90334470756,8.08340019763695
1763000,5.96161817845432,6.4575284225418965,416891.1838722952,8.083446745473653
1763100,5.961679895489853,6.457586591808106,416894.92333913,8.083529689070307
1763200,5.961741059246822,6.457643416687029,416898.844583063,8.08357337878249
1763300,5.961800393536502,6.457721530716353,416902.65711587126,8.083642195023941
1763400,5.961861108937846,6.457767921771788,416906.8866337073,8.083687963093553
1763500,5.961927606009906,6.457823016184174,416910.81469688914,8.08373732232879
1763600,5.96197809859836,6.4578984689457215,416914.80109193653,8.083801225732019
1763700,5.962029954989561,6.457960128867421,416918.87302367965,8.083862836619831
1763800,5.962079518511945,6.458037570325031,416923.31771071575,8.083936399344557
1763900,5.962129233976938,6.458119199948645,416927.13902325905,8.084026723058296
1764000,5.962179319524634,6.4581837563701265,416930.8185532468,8.084076383659339
1764100,5.962246093920254,6.458234270235532,416935.29505658377,8.084163078826883
1764200,5.962303026524776,6.458279498655966,416939.2098310231,8.084250295224145
1764300,5.962360642798636,6.458340529732603,416942.9894327822,8.084329337004757
1764400,5.962411970743771,6.458416296384268,416946.7841478775,8.084399176388638
1764500,5.962462409533383,6.4584811913359506,416950.6338556611,8.084493266845266
1764600,5.96252628707121,6.458564246506972,416954.85788834747,8.0845373734675
1764700,5.962590965996421,6.458626098215159,416959.26905996306,8.084607969074623
1764800,5.962650465251081,6.458690033916831,416963.44735285034,8.084664723805474
1764900,5.962705797986924,6.45874393512955,416967.8758700414,8.084737706042482
1765000,5.9627650612365475,6.458813297397763,416971.5762991148,8.084782696146316
1765100,5.962813708249733,6.458879064598325,416975.7901442365,8.084861000033834
1765200,5.962862017059431,6.458931150331905,416979.7767335295,8.084942147668606
1765300,5.962911063438612,6.459013893042639,416983.5642664848,8.085017901155698
1765400,5.962970228533622,6.459096501126801,416987.91451678233,8.085114685841155
1765500,5.963034407232528,6.459154035261926,416991.8326930447,8.08518501714521
1765600,5.963100615250812,6.459207485976355,416995.77699669584,8.085252405652323
1765700,5.96315850184802,6.45927015156435,417000.1955225049,8.08534263692322
1765800,5.963206721004162,6.459312923394272,417004.4617036249,8.085391150395509
1765900,5.9632654638078,6.45937207917497,417008.16506874905,8.085470762459826
1766000,5.963330975953081,6.459414697729259,417012.14732609823,8.08553524986651
1766100,5.963386701844195,6.459497006785594,417016.0805095104,8.085582876616911
1766200,5.963451970262537,6.459579830763499,417020.430247848,8.085645710609992
1766300,5.963513587796008,6.45963863459946,417024.75376042846,8.085731982433291
1766400,5.9635755503072545,6.459684186068007,417028.7095037917,8.08580309841055
1766500,5.963632640638455,6.459751359158376,417032.7419311518,8.08588903569491
1766600,5.96368432200836,6.459815308059748,417037.03238836344,8.085935192751997
1766700,5.963747592704671,6.459891870671731,417041.34749413334,8.086029364390157
1766800,5.9638023703417495,6.459974426647197,417045.07490737515,8.086080574347857
1766900,5.963865709228328,6.460044272782155,417049.1571618552,8.086157944163338
1767000,5.963926364047523,6.460108095357959,417053.4945261239,8.086249933114978
1767100,5.963985303922159,6.460160388097648,417057.39962554525,8.086324154140124
1767200,5.964049000275621,6.46020816535425,417061.6705291556,8.086367168655482
1767300,5.964110395953823,6.460273770255334,417065.4033134977,8.086415726803336
1767400,5.964169226171952,6.460350823966691,417069.6109984197,8.0864963395933
1767500,5.964220890661549,6.460430342488004,417073.79234088265,8.086550566004867
1767600,5.964280504081884,6.460476922548906,417077.5883696972,8.08662839533749
1767700,5.964334329639382,6.4605436067454445,417081.85874665907,8.086710480258363
1767800,5.964387093401679,6.460623410437158,417085.5339102732,8.08677201675699
1767900,5.964442113841713,6.460675554537875,417089.34463317523,8.086866777079402
1768000,5.964494633774854,6.460719823980498,417093.5661673285,8.086960696026834
1768100,5.964553067551341,6.4607907542046,417097.2521033301,8.087013718086762
1768200,5.96461312273652,6.460855579590562,417100.9092997916,8.087062252127652
1768300,5.9646741828297385,6.4609042187487695,417104.4760558424,8.087128061384707
1768400,5.9647257220998915,6.460968130080883,417108.13532167365,8.087184491808124
1768500,5.964782827150878,6.461050918754236,417112.55995541555,8.087242186844644
1768600,5.964844840723691,6.4610968786992595,417116.4629864719,8.087335498144794
1768700,5.9649005075718815,6.461141212918484,417120.286026963,8.087409988080893
1768800,5.964966914709006,6.4611862375828615,417124.65395036805,8.087449438150674
1768900,5.965034062255817,6.461245650492645,417128.26824458386,8.087500565482769
1769000,5.965096993304239,6.4613011331912595,417131.815096807,8.087564322654648
1769100,5.965160812830041,6.461361764634024,417136.183740491,8.087626254621648
1769200,5.965225398300658,6.461438207851354,417139.9484814846,8.08770507279553
1769300,5.965283595607429,6.461492345191037,417143.80427607195,8.08776610089596
1769400,5.965333600260668,6.461534465449629,417148.1197735263,8.087809257250509
1769500,5.965385098313115,6.461576509000928,417152.4819287648,8.087854460389295
1769600,5.965445841112296,6.46162464597702,417156.1087591932,8.087897051455034
1769700,5.965496716950264,6.461695270154372,417159.8133806769,8.08795681059725
1769800,5.965545816066302,6.461752770004477,417164.0323749645,8.088034697492565
1769900,5.965597444046699,6.461814315105757,417168.1019055891,8.088124208071012
1770000,5.965657311758639,6.4618752822719445,417172.2306693299,8.088188965918675
1770100,5.965705163744018,6.461934863722262,417176.2171019793,8.088242147322264
1770200,5.96575741602515,6.461987152424606,417180.2845395059,8.088302069915656
1770300,5.965812751361097,6.462049961386305,417184.0687112951,8.088394551971144
1770400,5.965872296214134,6.462105121475101,417188.09307960357,8.088476296132503
1770500,5.965929795902597,6.462181861464288,417192.15763312695,8.088539384022205
1770600,5.965986792173075,6.462225450515086,417196.0940373936,8.088592738379726
1770700,5.966039157270234,6.462266945916151,417199.8712244603,8.088664665418898
1770800,5.96609980541291,6.4623173561782465,417203.9157649204,8.088749219753614
1770900,5.966154189550175,6.462378532024636,417207.65314572165,8.088810679081877
1771000,5.9662208614751195,6.462432494407625,417211.9551677203,8.088865031936306
1771100,5.96627791868547,6.462506822615261,417215.68538832647,8.088933243609315
1771200,5.966344669750436,6.4625561347429485,417219.60567541246,8.089002788250633
1771300,5.9663932516105564,6.4626280930559705,417223.37491057906,8.089061525171346
1771400,5.966452515597891,6.46270013145318,417227.5867829472,8.089130914412586
1771500,5.966503580381276,6.462746722158631,417231.22309271235,8.089219090582844
1771600,5.966564823185473,6.462788687058909,417235.2797737819,8.089261804410373
1771700,5.9666289231685345,6.46284212956397,417239.1752785078,8.089341560138541
1771800,5.966686307147108,6.462900585756417,417242.8786998949,8.089408759178841
1771900,5.966742256449181,6.4629644960188255,417246.7878812048,8.089493000124767
1772000,5.966807622546986,6.463026860348246,417250.62081498234,8.089549532907444
1772100,5.96686082370862,6.463107049246084,417254.9450700041,8.089594372184676
1772200,5.9669116945977825,6.463174794167552,417258.58448155236,8.08964363109581
1772300,5.966965238446616,6.463248633465794,417262.95546518586,8.089699947387366
1772400,5.967012487124196,6.463294031618254,417267.10236470395,8.089771426052327
1772500,5.9670731036202955,6.4633632860105505,417271.2647741521,8.089841391310264
1772600,5.967138779554786,6.463409892449698,417274.99705732474,8.089932599544108
1772700,5.967194726948246,6.463489164730296,417279.25316307374,8.090017127453432
1772800,5.967250958277128,6.463540191795217,417282.8586394886,8.090107424289146
1772900,5.967315551163574,6.463608258235614,417286.3678566638,8.09014711989004
1773000,5.967380851473137,6.463667898187181,417289.99165336514,8.090209423802815
1773100,5.967437524533845,6.463735987825993,417294.15679942357,8.090289612578136
1773200,5.967484350540668,6.463798963852061,417297.967407596,8.090338447069557
1773300,5.96753770766051,6.46387828787205,417302.0598799263,8.090404182747939
1773400,5.967594837762762,6.463927875762369,417306.0033414973,8.090484672644683
1773500,5.967653650456883,6.463978403760296,417310.0820079426,8.090562094698193
1773600,5.967716458864872,6.464037304743854,417314.0619334388,8.09060243711632
1773700,5.967774631090231,6.464092470264629,417318.3192895513,8.090691179711252
1773800,5.967831283464148,6.46416619754645,417322.4849075298,8.090733472690252
1773900,5.9678880243879995,6.464221670895873,417326.44500326464,8.090795118777752
1774000,5.967949204455668,6.464269499446822,417330.70197149424,8.09084755420732
1774100,5.967996164208287,6.464326043093548,417334.2402246761,8.090934728423754
1774200,5.968052944008109,6.464383377346483,417338.5703416834,8.090984475010844
1774300,5.968101071341544,6.464463819965764,417342.2301384852,8.091039806839586
1774400,5.968157811494199,6.464505140595294,417345.80503274855,8.091122855562908
1774500,5.968215206244722,6.464571915726341,417349.8838849726,8.091182394191977
1774600,5.968261661367672,6.464650160198799,417353.81954354484,8.091232516108349
1774700,5.968322634623117,6.464728117396825,417357.56942474225,8.09129430342137
1774800,5.968370429291558,6.4647786678057075,417361.3618524403,8.091377854127714
1774900,5.968434705073612,6.464827440905218,417364.99660954886,8.091457289776612
1775000,5.968489128573835,6.464889394120812,417368.5520399043,8.091504817852314
1775100,5.968540719610572,6.464939372849183,417372.77266397426,8.09156835210384
1775200,5.968601073819466,6.46501717306469,417376.2580941401,8.091612449654267
1775300,5.968660907658356,6.465074800265779,417380.12753816275,8.091667568781938
1775400,5.9687246985974545,6.46514833449405,417384.15132021764,8.091741073613221
1775500,5.968777230509929,6.4652179925170765,417387.68151210545,8.091783016383859
1775600,5.968826489204209,6.465289279836672,417391.4015258681,8.091837723763492
1775700,5.968888916074434,6.465364893175128,417395.4320076961,8.091894164210226
1775800,5.968943901781468,6.4654340427682255,417399.45272715297,8.091951047004697
1775900,5.969006092200526,6.4654889364928065,417403.74274260266,8.092043712179539
1776000,5.96906378826882,6.465543438231013,417407.81826506177,8.09210405199211
1776100,5.969111732926216,6.465602828023618,417411.74487696576,8.092147478789153
1776200,5.96916691228649,6.465645871216957,417415.4688018746,8.092240457273157
1776300,5.969228502964463,6.465725398422928,417419.6894071286,8.092316792527596
1776400,5.969287806567901,6.465780453024272,417423.48728305724,8.092373159546025
1776500,5.969349816840987,6.465848082977516,417427.2632583527,8.092415065175704
1776600,5.969412794799581,6.465890788364014,417431.3436772814,8.092468826079115
1776700,5.969465179784671,6.465965892497613,417435.42329138546,8.092551941677884
1776800,5.969524147361928,6.466037518525469,417439.04889784404,8.092605978136817
1776900,5.96957425421251,6.466086804071723,417443.02713230747,8.092677044398696
1777000,5.9696294592555965,6.466137776877038,417446.876215412,8.09273112155806
1777100,5.969678856559514,6.466193097735416,417451.0596743109,8.092789726743582
1777200,5.969733409555027,6.466252413148694,417454.52700908895,8.092872961861222
1777300,5.969790294415981,6.466330888270793,417458.4023564502,8.09292134139098
1777400,5.969840837151734,6.466384659909153,417462.3664194794,8.092974554363332
1777500,5.969890126916292,6.466439188367802,417466.5748640133,8.09305445526434
1777600,5.969938680918094,6.466517057068411,417470.2192717776,8.09313977147362
1777700,5.970003448236127,6.466562983714529,417474.3535975806,8.093200154207166
1777800,5.970057532646954,6.46663684962653,417478.1443765139,8.093251908563264
1777900,5.970113216723392,6.46667809925265,417482.1330832383,8.093297385760716
1778000,5.97016541041639,6.466748172422462,417486.06530255446,8.093353289109519
1778100,5.970212158045208,6.466796198847937,417489.5251194692,8.093400226035957
1778200,5.970275860813455,6.466875487759722,417493.3842938275,8.093463376811854
1778300,5.970331957569358,6.466927205456499,417497.58371419786,8.093520709646743
1778400,5.970391003325272,6.467000859911372,417501.2845897629,8.09357204054676
1778500,5.970449192979347,6.467045418040209,417504.83696301124,8.093631140966592
1778600,5.9704988705024205,6.467090144650751,417508.3066792354,8.09369859876633
1778700,5.970548822640497,6.467159844654146,417511.87563596445,8.093775406326786
1778800,5.9706069808234705,6.467213451131031,417515.69889396656,8.093843745079786
1778900,5.970666409718392,6.467264565757685,417519.9293057085,8.093911966774519
1779000,5.970727532050745,6.467308340060899,417523.78345413663,8.093999030945081
1779100,5.970783849205984,6.4673723308596,417527.85516389925,8.09404325539076
1779200,5.970839445858722,6.467439709594596,417532.07396471506,8.094092199950055
1779300,5.970891838450789,6.467483936414588,417536.0655227779,8.094170156592387
1779400,5.970947652776872,6.467530665730836,417539.7059683955,8.094259671749176
1779500,5.970993887292549,6.467579127884701,417543.99857262324,8.094338502703684
1779600,5.971051499612962,6.4676505427194515,417547.9804443183,8.094424518883562
1779700,5.971098549047347,6.46771089525269,417551.7337594465,8.094490964305578
1779800,5.971146488005734,6.4677531997053235,417555.4460650078,8.094568497271222
1779900,5.971203992424879,6.4677966308256325,417559.37733972364,8.09464262361871
1780000,5.971265214436303,6.467848968888766,417563.5569467605,8.094687714135425
1780100,5.971327810496422,6.467927769821973,417567.00989746256,8.094735319313731
1780200,5.971378581548667,6.467989712416084,417570.7158728805,8.094797436531978
1780300,5.971429505672144,6.468060355287485,417574.886327984,8.094866644631049
1780400,5.971476028222354,6.468136267147607,417579.0115687724,8.094933094715019
1780500,5.971528126843334,6.468194303862368,417582.75767431693,8.094977842862457
1780600,5.971589817886801,6.4682483049987365,417586.771993827,8.095063829533494
1780700,5.971644298058958,6.46830056837035,417590.75632032374,8.095153927640638
1780800,5.971708742801735,6.468377101519637,417594.9690748913,8.095230242888523
1780900,5.971774067541523,6.468418592547681,417598.84889186884,8.095274633396652
1781000,5.971824130739118,6.468485641713338,417602.32336804917,8.095312861779156
1781100,5.971887026613872,6.4685301157957005,417606.3090194293,8.09539239615901
1781200,5.971939209059546,6.468580525034096,417609.7502337353,8.095434587948155
1781300,5.971995402144111,6.468630734874958,417613.70552145154,8.09549818742295
1781400,5.972055857117948,6.468679308212597,417617.63177401555,8.09559110943184
1781500,5.97210227647951,6.4687430849642436,417621.882833047,8.09565005336494
1781600,5.972162488799264,6.4688047285068,417625.66994957515,8.095717837101263
1781700,5.972211351921759,6.468848694980668,417629.38196431776,8.095759902266254
1781800,5.972266353429311,6.468891206539976,417633.03228791105,8.095807470986232
1781900,5.972313579729606,6.468964995026276,417636.98829299153,8.095879244196812
1782000,5.972376354864206,6.469037737912505,417640.91981461504,8.095958023192539
1782100,5.972435336823064,6.46909127199481,417645.037525258,8.096011560996773
1782200,5.972484805757603,6.469146972354239,417648.98019478703,8.096095174196737
1782300,5.972548971341172,6.469209530431416,417652.76782502636,8.096176667238987
1782400,5.972612863410683,6.469284853209444,417656.8210015789,8.096233234698424
1782500,5.972659792496751,6.469347931927,417660.87502555654,8.096283197594586
1782600,5.972713367188532,6.469397310597994,417664.6045256613,8.096371413180785
1782700,5.972767926221299,6.469462763326629,417668.7749988832,8.096421388792105
1782800,5.972826333129506,6.469518279077418,417672.370880418,8.096492733986706
1782900,5.972873889710102,6.469566751980677,417676.3309368914,8.096544946812386
1783000,5.972923231219598,6.469619561170875,417679.9420856824,8.096610378401673
1783100,5.972982110332275,6.469659865631979,417683.69912982214,8.096673713522948
1783200,5.973039315909661,6.469714638459575,417687.1799383019,8.096729814771184
1783300,5.973086142902526,6.469788139858427,417690.85808754916,8.096788068968719
1783400,5.973148704416476,6.469843695913034,417694.34809226554,8.09685011803175
1783500,5.973205951835852,6.469916624444625,417697.85161473695,8.096901956520792
1783600,5.973262556011275,6.469976247191902,417701.3307905574,8.096992242552782
1783700,5.973322213018902,6.470033165575183,417705.36501381994,8.097060841224643
1783800,5.973368575522899,6.4700736545393065,417709.44547463476,8.097137124280996
1783900,5.973430708460887,6.470118187518588,417713.03558404365,8.097179039603443
1784000,5.973491189939098,6.470187197011536,417717.26318692975,8.097230310677766
1784100,5.973555129594722,6.470265484545268,417720.7002513438,8.097279092040253
1784200,5.97361379397256,6.470311804288145,417724.3679874594,8.0973497963379
1784300,5.973675863258813,6.470390523361477,417727.99144046375,8.09743485999189
1784400,5.9737263045945515,6.4704623378485175,417731.68169414275,8.097483402072811
1784500,5.973772261188413,6.4705024545919265,417735.3698188362,8.0975287860447
1784600,5.973834461742873,6.470562287947968,417739.5880173966,8.097582189249776
1784700,5.973890052485427,6.470616890112696,417743.28345747484,8.097674005849575
1784800,5.973939075401328,6.470673531625341,417747.38542132656,8.097734199556909
1784900,5.973989279766516,6.470717762569682,417751.125365918,8.097802597528013
1785000,5.974046070601531,6.47077020501823,417755.35120651976,8.097884618050529
1785100,5.974101083614298,6.470830793046426,417759.2523907401,8.09796256035004
1785200,5.974149040841952,6.470898149533012,417762.671548147,8.098017085224495
1785300,5.974212410283121,6.470962820252203,417766.7388785098,8.098087575185138
1785400,5.974270717825758,6.471019298298167,417770.1602898863,8.098133944401209
1785500,5.974325278683594,6.471067935362426,417773.93999266333,8.09817801441823
1785600,5.974377064424757,6.4711210388729405,417778.0866336894,8.09823453069762
1785700,5.974424614422787,6.4711880316990085,417782.22911241505,8.098287820664636
1785800,5.9744832889153265,6.47122984158575,417786.20091126004,8.098331945491152
1785900,5.974542774208966,6.471294180906963,417790.27802649833,8.098422425401811
1786000,5.974595290997824,6.471372577444934,417794.067730594,8.09851215480304
1786100,5.974648230673429,6.471446360230093,417797.95545167604,8.098578745850272
1786200,5.974697448192358,6.471508489978994,417801.39198079123,8.098640811655901
1786300,5.9747437264618295,6.471570296242361,417805.3278911364,8.098697047839355
1786400,5.974807559218866,6.471617270852936,417809.3985744471,8.098774898371396
1786500,5.974868066601313,6.471674151887803,417813.293566205,8.098842158485283
1786600,5.974928088742238,6.471715784214,417817.3854223005,8.098885552483772
1786700,5.974978011352937,6.471793119758823,417821.32191547385,8.098936417800642
1786800,5.975022752203004,6.471837748835107,417825.51328282687,8.099003364145112
1786900,5.975077611315782,6.471908977715103,417829.3863279999,8.09906225103329
1787000,5.97512689208442,6.471972333715708,417833.0875011081,8.099103394015332
1787100,5.9751820939452855,6.472048882706029,417837.0624945466,8.099164776249092
1787200,5.975234486383738,6.472089500306593,417840.8593222545,8.09920930006246
1787300,5.97529727856737,6.4721477836631,417844.8369482467,8.0992985342187
1787400,5.9753592927632795,6.472192460508891,417848.9269241378,8.099389828272107
1787500,5.975413859169567,6.472245729851746,417852.4484167776,8.099472237247818
1787600,5.975470602934251,6.4722975610363696,417855.8361159967,8.099519258346385
1787700,5.975521127688332,6.472375861452856,417860.00938338117,8.09956039257471
1787800,5.975577272111973,6.472441931281137,417863.9977568768,8.09961167049522
1787900,5.975623069752718,6.4724838182947915,417867.80640141637,8.09968496440728
1788000,5.975674596053074,6.4725337239945,417871.70980421896,8.099722704685181
1788100,5.97572319884737,6.472585158617564,417875.6765732003,8.099812089048978
1788200,5.9757700857485005,6.472643050438774,417879.38769392343,8.099867046215333
1788300,5.975831772553324,6.472711043929714,417883.4050958625,8.099955546155877
1788400,5.97589215887346,6.472752954275819,417887.02679869934,8.099996474472185
1788500,5.975951699375034,6.47281897038447,417890.91529477085,8.100085341964702
1788600,5.976011706648786,6.472891487854018,417894.719373292,8.100126784534462
1788700,5.976066697398391,6.472940450511341,417898.8833604235,8.100166576676395
1788800,5.976125296273675,6.472986159965148,417902.32168179913,8.100208133536938
1788900,5.976189002947831,6.473059243541393,417905.96109212085,8.10027350592456
1789000,5.976250920904528,6.473135158515697,417909.40226852,8.100356633575435
1789100,5.976302239661253,6.473204924288882,417912.76863457455,8.10043402828802
1789200,5.97635194201791,6.473274827988755,417916.200487427,8.100524335790046
1789300,5.976401502191269,6.473332280513964,417920.1022763247,8.100575037029854
1789400,5.976457625708434,6.473395007876861,417923.675373342,8.100664104057167
1789500,5.976514275901212,6.473434444334436,417927.77752016013,8.1007164207112
1789600,5.976571606560064,6.473505517160557,417931.4324918388,8.100784756965934
1789700,5.976628596683121,6.473563927607816,417935.5966298072,8.100844896316836
1789800,5.976674941370868,6.473628915780096,417939.1272926466,8.100897837054706
1789900,5.976724937349151,6.473684794053401,417942.62110135733,8.100947937781967
1790000,5.976773470489177,6.473758242947014,417946.2239136655,8.101007548475396
1790100,5.976821631395957,6.473809773600705,417949.7894165689,8.101074092911734
1790200,5.976866308658473,6.4738747523640185,417953.863549445,8.101137627619028
1790300,5.9769166299925,6.473932572015944,417957.7207503113,8.101225922234883
1790400,5.9769698957603765,6.473978805656418,417961.37353084,8.101301020261069
1790500,5.97701649743722,6.474025570538497,417965.41122628085,8.101373767070838
1790600,5.977066026281407,6.474080520257461,417968.78800853144,8.101463517395276
1790700,5.97712658991135,6.474137532088527,417972.19771524484,8.10151863772513
1790800,5.977185892280901,6.474191362257084,417975.7044014062,8.101596402314318
1790900,5.977234034520495,6.474254725350717,417979.2322355946,8.101646019687344
1791000,5.97728746094933,6.474315414681736,417983.255883868,8.101711486093224
1791100,5.977346397974512,6.4743648704699925,417987.01094770926,8.101757637674723
1791200,5.977402431572768,6.474432695280971,417990.58990059624,8.101796020999547
1791300,5.977463434254246,6.474475950642213,417994.6350741547,8.101853774744516
1791400,5.977524259193803,6.474542468717649,417998.0418821942,8.101929299160133
1791500,5.977586866065389,6.474605630314873,418001.5107398658,8.101974209093123
1791600,5.977637356890276,6.474646166984123,418004.84745675133,8.102025524152577
1791700,5.977692685012383,6.474699440129199,418008.2904509823,8.10208215895572
1791800,5.977749208972354,6.474774814288622,418012.19288548466,8.102167885699792
1791900,5.977803834402737,6.474833850414106,418016.1640381149,8.102248794330475
1792000,5.9778530663573575,6.474873273518108,418019.5468422529,8.102301535556558
1792100,5.977912400813026,6.474924818282629,418023.03843012615,8.10234075076762
1792200,5.977966343510484,6.474969813757081,418027.0354462613,8.102420765511047
1792300,5.97801182962342,6.4750453271947634,418030.9604555378,8.102500718293733
1792400,5.978063554440583,6.475093213102859,418034.5705481307,8.102550897416554
1792500,5.978109526477418,6.475145390897429,418037.96068485733,8.102611182281938
1792600,5.978163575317466,6.47518723467135,418042.0580490966,8.10268067865836
1792700,5.978219243902774,6.475251528771438,418045.71770123794,8.102769357053578
1792800,5.978278699446227,6.475328521646891,418049.8020431523,8.102819700191231
1792900,5.978324368673764,6.475373771349915,418053.3703809331,8.102861080439704
1793000,5.978382261390097,6.4754209031036565,418056.9820274473,8.102901697003714
1793100,5.978445399021065,6.475491256839616,418060.55852410896,8.102982685079985
1793200,5.978500299476097,6.475551320914747,418064.57088170486,8.10304708261817
1793300,5.978546852909418,6.475607682002777,418068.5683940139,8.103088980339018
1793400,5.97860021405441,6.4756731738947915,418072.34922812757,8.103169716501657
1793500,5.978661723936566,6.475737464755994,418076.2687397267,8.103230468006267
1793600,5.978718357771299,6.475782654015254,418080.169552564,8.103267949645954
1793700,5.978772101709987,6.475832377163263,418084.27781475027,8.103330903465855
1793800,5.97882931844687,6.475887019143757,418087.72397864325,8.103392613795792
1793900,5.978880111927848,6.475939498859466,418091.65746860625,8.103449957026731
1794000,5.978926197761317,6.475992244500831,418095.4885218875,8.103534548693055
1794100,5.978980265520296,6.476052615637681,418099.44918323413,8.103613940791838
1794200,5.979031731031921,6.476113536324739,418103.2467719306,8.103678155381925
1794300,5.979083118516288,6.4761862063074815,418106.8290488597,8.10375169647269
1794400,5.9791300770440605,6.476226933513143,418110.87376801274,8.103793018096876
1794500,5.979189750084228,6.47627861385721,418114.6834540993,8.10387486355827
1794600,5.979236226287449,6.476319920660487,418118.64850428066,8.10392326998416
1794700,5.979288120285494,6.4763628294191244,418122.014382361,8.103972730248714
1794800,5.9793501959471955,6.476406954423928,418125.5818927639,8.104017412982271
1794900,5.9794040790805045,6.476466685222976,418129.3576324952,8.10405959909579
1795000,5.979452919079133,6.476506261735704,418133.02494039206,8.104146141158683
1795100,5.979500046005359,6.476559810253646,418136.5805594436,8.104211985637408
1795200,5.979557870099473,6.476621656410024,418140.5017439373,8.10426438181686
1795300,5.97961013486664,6.476671072838109,418144.50733228313,8.104307417559289
1795400,5.9796627500673125,6.476737147541496,418148.02699980536,8.104379759807149
1795500,5.979713248257072,6.47678294594341,418151.7192714124,8.10443101344967
1795600,5.979758126261364,6.476838240777283,418155.4853425548,8.104478933213601
1795700,5.979807348662695,6.476880508282428,418159.60154333606,8.104565796279168
1795800,5.979855277331866,6.476946522869477,418163.00733227783,8.104627033696598
1795900,5.9799100991597145,6.477007316958953,418166.3886209066,8.104692018679284
1796000,5.9799610974178865,6.477070768607254,418170.3950381469,8.104751141493413
1796100,5.980014073263634,6.477128106170931,418173.70386027533,8.104831619164642
1796200,5.980073907425155,6.477199078166823,418177.7930476392,8.104871671743272
1796300,5.980123721121585,6.477263095721275,418181.40996169794,8.104938312560554
1796400,5.980177180106012,6.4773081195091615,418184.9104819893,8.104980993777318
1796500,5.980224251160935,6.477362241549427,418188.71882790636,8.105042421649852
1796600,5.980267973295381,6.477407494454385,418192.0852970921,8.105081071355624
1796700,5.980317585112798,6.477483102317305,418195.7839084267,8.105129274593471
1796800,5.980361834517296,6.477553960723121,418199.50631656253,8.10520578733848
1796900,5.980412042447809,6.477595942404069,418203.4723090662,8.10528209686362
1797000,5.9804660463304335,6.477636672502237,418207.1122706363,8.105357493420705
1797100,5.980517467703503,6.47770561226451,418210.5284824059,8.105442583246464
1797200,5.980578682716451,6.477762823113356,418213.87157226074,8.105488845515834
1797300,5.980637423982172,6.47780965085893,418217.2831659241,8.105570160622168
1797400,5.980687814211747,6.477866472050956,418220.7670793793,8.105620901811335
1797500,5.9807323960154175,6.477941209333198,418224.36733869585,8.10569850203455
1797600,5.980779223265262,6.477983194336683,418227.7938676729,8.105755486922238
1797700,5.980834697747095,6.478046411906522,418231.3272852293,8.105830162997893
1797800,5.980886678693392,6.4780970339722765,418235.11941876926,8.105904406185532
1797900,5.980947542125855,6.478146573216613,418239.1397422186,8.105955867164207
1798000,5.981009664849423,6.478217910482198,418243.1678620605,8.106026222193538
1798100,5.981066751560874,6.4782815631664565,418246.8335838957,8.10609438276082
1798200,5.98111827722267,6.478338574432118,418250.6252990666,8.106142150169525
1798300,5.981171170181389,6.478377269503511,418254.46072224533,8.106208606934574
1798400,5.98122563140939,6.478437378525392,418258.4423913606,8.106290252621717
1798500,5.981275819283934,6.478498599881293,418262.21586467704,8.106332612736193
1798600,5.9813262920797765,6.4785537750285505,418266.287414486,8.106370348200235
1798700,5.981373893971679,6.47861672949253,418269.6730434267,8.106418293814318
1798800,5.981425289177449,6.478677935604752,418273.69959600945,8.106490978483858
1798900,5.981472259876973,6.478735358153365,418277.56323636236,8.106566686375483
1799000,5.981518709875756,6.478775680902666,418281.4404133779,8.106614425621327
1799100,5.981573375701575,6.4788389389875665,418284.84125691594,8.106685970827096
1799200,5.981619465360708,6.478891304860747,418288.1488187391,8.106733460915919
1799300,5.981679617919193,6.4789320133608355,418291.8987414741,8.106787898255567
1799400,5.981725942111113,6.478990375756946,418295.711264033,8.106829464101693
1799500,5.981780498033245,6.479055885448388,418299.6978866735,8.106906443916525
1799600,5.9818356670328185,6.47912473346065,418303.199759604,8.106948980677377
1799700,5.9818966665202735,6.479167209202181,418306.4892376703,8.107032049845294
1799800,5.981939802833634,6.479230897293824,418310.3955492199,8.107071202983239
1799900,5.981988476360489,6.4792765796251945,418314.0422869256,8.107152376965804
1800000,5.982039661673999,6.479346530147623,418317.445858712,8.107209050236138
1800100,5.982096166017455,6.479390659585155,418321.44568967854,8.107252888409102
1800200,5.982146891162574,6.47944412980986,418324.87095199694,8.107340978244306
1800300,5.982200146920967,6.47951421993824,418328.16057481844,8.10738879031145
1800400,5.982259608027675,6.47956533879723,418331.49445525487,8.10745480923723
1800500,5.9823027143056855,6.479613539504226,418335.06019653566,8.107499268890397
1800600,5.9823548949059395,6.4796579347849095,418338.8457706941,8.107554792201848
1800700,5.9824135322449585,6.479701592861381,418342.6817293261,8.107622774112228
1800800,5.982462416096962,6.479764200710952,418346.68773618154,8.107691330120517
1800900,5.982509756564516,6.479820509040409,418350.27160632075,8.107758644296693
1801000,5.982553937081138,6.479891469695187,418353.9400555594,8.107846290089126
1801100,5.982613735821164,6.479966424277227,418357.54709580325,8.107897307817474
1801200,5.9826709480803935,6.480027322123562,418361.50918321265,8.107956829836121
1801300,5.982727324331031,6.480076546890502,418365.45712960645,8.10800991361952
1801400,5.98278735152877,6.480126255954825,418369.4731089813,8.108087650035555
1801500,5.982831965700917,6.480169589629699,418373.42865243985,8.108160148222447
1801600,5.982892852650464,6.480239177288643,418376.7907122627,8.108197871998186
1801700,5.982954117355761,6.480293333826739,418380.7217018917,8.10827528806579
1801800,5.983007595193187,6.480340214642535,418384.15720029216,8.108348514193402
1801900,5.983058173622621,6.4803805457555175,418388.1522544498,8.108433376322687
1802000,5.983104499563274,6.480447204551486,418391.88037047145,8.108475146225055
1802100,5.983154665407491,6.4804955347957645,418395.3818876609,8.108516236833264
1802200,5.983206247997664,6.480559475347248,418399.0627899613,8.108600355788905
1802300,5.983254266973603,6.4806112104043425,418402.8312285105,8.108654042248396
1802400,5.983298109739371,6.480684908869166,418406.78394627816,8.108716085028755
1802500,5.983343014633789,6.480738648002136,418410.42200327443,8.108779419033574
1802600,5.983393257220745,6.480783110025361,418413.83832901355,8.108859146905022
1802700,5.9834465072952145,6.480826160672108,418417.4918171859,8.108930528517732
1802800,5.983502625494743,6.48088464412388,418421.14199024404,8.108989821521014
1802900,5.983562798943195,6.480959790478871,418424.903696695,8.109051922051814
1803000,5.98361012301312,6.481033238811389,418428.320443059,8.109129416910362
1803100,5.983663526384407,6.481103252167077,418431.9484680886,8.109176329372573
1803200,5.983723537429232,6.4811779957520494,418435.5286779906,8.10922008758254
1803300,5.983784909748403,6.481227356523909,418438.9761035581,8.109301272466233
1803400,5.9838338350027325,6.481295663684464,418442.7115031764,8.109355575613488
1803500,5.983880408200263,6.481334449083926,418446.08291549474,8.109396664899913
1803600,5.983930365151493,6.4814042995028505,418450.05174617394,8.10947367526567
1803700,5.983984572140744,6.481453177609703,418453.56517002237,8.1095161737106
1803800,5.984038746687666,6.481498198924875,418457.2089748869,8.109554387617239
1803900,5.9840838502456375,6.481547143249629,418460.8467757247,8.109633085298311
1804000,5.984130710305172,6.481588656541999,418464.80628414475,8.109718917120196
1804100,5.984184733399426,6.481648748208057,418468.09613440465,8.109802750310198
1804200,5.984232249551025,6.481710784380451,418471.79139429244,8.109882666453826
1804300,5.984275797627314,6.481760339579603,418475.2222912923,8.109969915194274
1804400,5.984325724263188,6.481831949005524,418479.1023270028,8.110048144764313
1804500,5.984384506337799,6.481877437533266,418482.64547863236,8.110112445180425
1804600,5.984433029413646,6.481922465188265,418486.3017385554,8.110157695939135
1804700,5.984493366238425,6.481990783246366,418490.27965548553,8.11023267846281
1804800,5.98455139878925,6.4820611992652575,418493.879582576,8.110274130210225
1804900,5.984596743863085,6.482105050158943,418497.1652646168,8.110318157063631
1805000,5.984641912540549,6.482158644519746,418501.1437812711,8.110400593923371
1805100,5.984700816709262,6.482213104031226,418504.5547272349,8.110451046106762
1805200,5.984761675560792,6.482268811064979,418508.11254385725,8.11052542073683
1805300,5.984815453928448,6.482327360217743,418511.9328315291,8.11056655863399
1805400,5.984868834462912,6.482365510598308,418515.1694475475,8.110647490729143
1805500,5.984917542382505,6.482418516016155,418518.70284000045,8.11069904229456
1805600,5.984963102852655,6.482486016902685,418522.56526158884,8.110750073168681
1805700,5.985011674163775,6.482537012169594,418526.0430205926,8.110813686828482
1805800,5.98507157200694,6.4826054242838715,418529.7041920617,8.11088278254923
1805900,5.985119979149821,6.482658332761509,418533.34413798037,8.11092770053605
1806000,5.985162643766323,6.482720368434402,418536.80590082466,8.110964659032932
1806100,5.985219216770027,6.482768159789113,418540.79830863903,8.111022898526906
1806200,5.9852693781119415,6.482808350152553,418544.1315062408,8.111080347543258
1806300,5.985325232204627,6.482879953426129,418547.79442215926,8.111124001789419
1806400,5.985384005166945,6.482947200804073,418551.3809053856,8.11117888449264
1806500,5.985431988821432,6.483003177695156,418554.9924410549,8.111216014243032
1806600,5.985475472877285,6.483067579526749,418558.9217474199,8.111277152350343
1806700,5.985522701621046,6.483111390897715,418562.58961924695,8.111357473278016
1806800,5.985566170834627,6.483179732496797,418566.521400049,8.111419675164111
1806900,5.985617559238422,6.483240478680565,418570.178797156,8.1114575081366
1807000,5.98567007414282,6.483313429637702,418573.5460914491,8.111524029662812
1807100,5.985723147590067,6.483363941364605,418577.0454834411,8.111563180319221
1807200,5.985768210007801,6.483402635152867,418580.6313503063,8.111632326997182
1807300,5.985811186908526,6.483474586127373,418583.945106767,8.1116706695749
1807400,5.9858538385962525,6.483540878539696,418587.78145505826,8.111728331996288
1807500,5.985912937272486,6.483604887033384,418591.65670821624,8.111812687710403
1807600,5.985958272120578,6.483652967666081,418594.9429964746,8.11185611942216
1807700,5.986018162008323,6.483696202017244,418598.50714512396,8.111914702360973
1807800,5.9860633644669585,6.483733698013849,418602.1962417079,8.111980826694037
1807900,5.986109199912528,6.483798744503814,418606.12801925384,8.112036544056174
1808000,5.9861648719115035,6.483866750605306,418609.8964634943,8.112078863616762
1808100,5.986219953402517,6.48391929733656,418613.2340376329,8.112139997259494
1808200,5.986268337198419,6.483965730748204,418616.83180668164,8.112223026149955
1808300,5.986323422471347,6.484009667929789,418620.765742054,8.112262594511265
1808400,5.986365840219706,6.484074686611414,418624.26451628405,8.11232770765689
1808500,5.986412268770154,6.484147568636167,418628.0089946693,8.112391484536923
1808600,5.986456960285787,6.4841850619857455,418631.2161623768,8.112458822688266
1808700,5.986515866355495,6.4842343804886875,418634.4352563412,8.112498635828057
1808800,5.986566189138587,6.484308183810351,418637.7277879474,8.112537826146362
1808900,5.986620359174928,6.484354837404221,418641.6389522839,8.112579061863798
1809000,5.986665588155107,6.484425739420883,418645.1940965815,8.112625962575814
1809100,5.986716044568774,6.484486953504041,418648.53775536834,8.11268685060904
1809200,5.986766499863699,6.48455857063808,418651.8016932611,8.112747082216295
1809300,5.9868178376051615,6.48463196527891,418655.58308948885,8.112784109651736
1809400,5.986873725658729,6.484690934728364,418658.91462986905,8.112860565691737
1809500,5.986917101574336,6.484747819854959,418662.54695416,8.11291026869742
1809600,5.9869738799960555,6.484794913735223,418665.9887930856,8.112967324105867
1809700,5.98703415194128,6.484846088814976,418669.3251951113,8.113027436883575
1809800,5.9870776009090285,6.484898605342077,418673.21013587987,8.113106069866674
1809900,5.987121496924291,6.48495912716519,418676.56987734966,8.113179689112869
1810000,5.987180539941976,6.485026915234909,418680.5317225542,8.11322000602062
1810100,5.9872355710109515,6.485095654712248,418683.7341175125,8.11330200347566
1810200,5.987289988482443,6.485134698733892,418687.5446942548,8.113373383630595
1810300,5.987342273064581,6.485190114437771,418691.31686901604,8.113449018780193
1810400,5.987396521820331,6.485245160190741,418694.99131300324,8.113505063302751
1810500,5.987448820672526,6.485311584295367,418698.8914111342,8.113584664822849
1810600,5.987498772115183,6.485370178859811,418702.5419371427,8.11363358239603
1810700,5.987541771260297,6.4854347326744035,418706.36635249056,8.113682183172598
1810800,5.98759429734878,6.485473463643135,418709.5556208388,8.113734917421027
1810900,5.987637438460294,6.485533968171347,418713.28113796294,8.113797739804856
1811000,5.987696608771225,6.485593188548958,418717.21727280004,8.113849292292553
1811100,5.987742611146237,6.4856419874196,418720.61924475926,8.113905986243159
1811200,5.987799735173827,6.4856849111987,418724.16633102973,8.113969184457737
1811300,5.987851537159542,6.4857494919389,418727.90137730626,8.11400549897685
1811400,5.987902394480615,6.48579876186873,418731.45653274964,8.11407847759347
1811500,5.9879521443800625,6.485855075760857,418734.75791050313,8.114133219902909
1811600,5.987994895033419,6.4859142257733975,418737.98565806414,8.11420346187473
1811700,5.988037366822727,6.485981553770298,418741.5621515556,8.114272477362372
1811800,5.98809290532088,6.486047034593191,418744.74141430797,8.11434485022164
1811900,5.988138377126329,6.486109620927632,418747.9635951,8.114392827776022
1812000,5.988185931731177,6.48617898236511,418751.83205558156,8.114428686031278
1812100,5.988230306738717,6.486236807499743,418755.4040782615,8.114490622416632
1812200,5.988288744179791,6.486304147872853,418759.2177776244,8.114530734644552
1812300,5.988335875321078,6.486347352339429,418762.4036501352,8.114610562549979
1812400,5.988390902414271,6.486400904271596,418765.8419146926,8.114688256821273
1812500,5.988439557071566,6.486453217567903,418769.08453611715,8.114762815180859
1812600,5.9884914311892175,6.486490284861099,418772.38344826497,8.11480736887915
1812700,5.988536953422532,6.486562926431832,418776.17230953265,8.114870416366582
1812800,5.988595047507856,6.486627881864645,418779.9900484601,8.114909348328695
1812900,5.988636927921289,6.486675351996372,418783.7642996508,8.114945143589729
1813000,5.988684574434033,6.486733413228241,418787.0933462972,8.11499445333365
1813100,5.988743286237674,6.486794696228247,418790.94420681335,8.115050432598922
1813200,5.988790383201536,6.486847985557403,418794.7496286658,8.115113521122817
1813300,5.988846093672456,6.486889190849779,418798.52303110674,8.115189199712884
1813400,5.988888081176396,6.486952543272167,418802.40841963555,8.115249938902943
1813500,5.988943335159327,6.487003156082529,418805.8776863607,8.115315182621698
1813600,5.988988280694776,6.487068908098896,418809.79782446765,8.115384306075388
1813700,5.989045581089721,6.487126341807965,418813.0670464602,8.115439083661055
1813800,5.989094830253662,6.487180895154482,418816.72540718375,8.115475115319972
1813900,5.989141778402259,6.487236602766312,418820.2841374745,8.11554387211001
1814000,5.989192917673008,6.487277030611139,418824.02741235925,8.115612782018655
1814100,5.98924244221185,6.487327252376213,418827.4747867103,8.115691851502547
1814200,5.9892970488116575,6.487373724234903,418831.1032541727,8.1157634701855
1814300,5.989352481924743,6.487430462454216,418834.946579232,8.115840161667487
1814400,5.989400345376122,6.4874882295182275,418838.33876009117,8.115885528774141
1814500,5.989456167202555,6.4875481418661805,418841.6176311225,8.115941645489034
1814600,5.989509667784834,6.487619909839721,418844.8991822615,8.116015307064776
1814700,5.9895581386225905,6.487656808608854,418848.633719471,8.116066398506446
1814800,5.989603668146295,6.487698844379075,418852.31480877683,8.116126705232906
1814900,5.989646246214056,6.4877410405864415,418855.9188115158,8.11617007832201
1815000,5.989689963325194,6.487785123877233,418859.73374331114,8.116215673515386
1815100,5.989737111543385,6.48784057620121,418862.8890807662,8.116275940399463
1815200,5.9897844654510255,6.487912966331131,418866.7312633515,8.116325522574238
1815300,5.9898317023773835,6.487966580540242,418870.61539569515,8.116371579002177
1815400,5.989880958059349,6.48802098161961,418874.49078902235,8.11644422878943
1815500,5.989935476939893,6.488092417963818,418878.2215458069,8.116512781574704
1815600,5.989988641022908,6.48813463892467,418881.82836074394,8.116592721954312
1815700,5.990036100871734,6.488179144924387,418885.58726197924,8.116658095071744
1815800,5.9900775051519,6.488227061508858,418888.7639921691,8.1167023332794
1815900,5.9901269963107975,6.488267200936902,418892.01113310456,8.116770511187688
1816000,5.99018267650644,6.488310756974068,418895.4774943712,8.116819100524285
1816100,5.990240474123092,6.488367350940269,418899.06361088395,8.116896211548172
1816200,5.990290962159949,6.488435404090737,418902.878766285,8.116967182685997
1816300,5.990348449380294,6.488498247082019,418906.2591254934,8.117016162544418
1816400,5.990400462868947,6.488558859804476,418909.5298236211,8.117056988428596
1816500,5.990456912943449,6.488602691290255,418912.6872650586,8.117114888264764
1816600,5.990500630807609,6.48867044948599,418916.10247071827,8.117170554233125
1816700,5.9905464293117525,6.488741041673314,418919.66140249383,8.11723134256387
1816800,5.990590241538596,6.488786843418615,418923.4976738221,8.117276925903601
1816900,5.9906348503793225,6.488833841136903,418926.71990022546,8.117322672223516
1817000,5.99069308330197,6.488875084839881,418930.6039338116,8.117379860108812
1817100,5.990750258738051,6.488945965162377,418934.1800975796,8.117433952464387
1817200,5.990808616671285,6.488998574634648,418938.06190274254,8.117469304494119
1817300,5.990858127539342,6.489039740580397,418941.77483541035,8.117528019053214
1817400,5.990909500463683,6.489103328473344,418945.5783058233,8.117600652026644
1817500,5.990965731277431,6.489142827613155,418949.36506141507,8.11763908645973
1817600,5.991021826830063,6.489209117005301,418953.0789595258,8.117700375394394
1817700,5.991071930965414,6.4892687431844704,418956.2517185438,8.117756442079509
1817800,5.991114797562266,6.48931343298788,418959.99162344774,8.117794747628995
1817900,5.991158358039174,6.48937421104245,418963.2394250523,8.117864071918865
1818000,5.991200774583157,6.489419809680157,418967.06069520715,8.11790045398745
1818100,5.9912532688389275,6.489482801640592,418970.37336602376,8.117978562660209
1818200,5.991307348511041,6.4895338088634675,418973.8517241754,8.118041662730208
1818300,5.991354660616912,6.489574032199299,418977.4297863637,8.11808388512128
1818400,5.991396054641907,6.48964146658563,418980.6551393504,8.11816601560765
1818500,5.991440794579152,6.489702422921933,418984.4847426581,8.118209260953458
1818600,5.9914937474489545,6.489739129234735,418988.2398581525,8.118270969435358
1818700,5.991550105583944,6.489793221268089,418991.5527215907,8.118340028385683
1818800,5.991607185307894,6.489844963415616,418994.9271200776,8.118377758264474
1818900,5.991658430218369,6.489909230740111,418998.68608875864,8.118417976385937
1819000,5.991710916822624,6.4899753989075375,419002.1278831422,8.118494460306064
1819100,5.991768132580322,6.49002731149795,419005.4958871163,8.118549259206544
1819200,5.991809966663012,6.49009621219218,419008.8217688367,8.118591150403105
1819300,5.9918521972732215,6.490161197316861,419012.0101268998,8.118650422737534
1819400,5.991906145271081,6.490204314782315,419015.5674628046,8.118703050941921
1819500,5.991964066667246,6.490247576685941,419019.16356894234,8.11878098509728
1819600,5.99201079957835,6.490311503820089,419022.490699539,8.118858809682973
1819700,5.992052188270815,6.490362183218827,419025.6321346407,8.118920457008514
1819800,5.992100580649982,6.49041953895464,419028.9952713841,8.118982640100889
1819900,5.992157876317391,6.49047922998364,419032.17877755855,8.119028039455378
1820000,5.992207842229205,6.490526012391223,419035.8810703207,8.119084130887261
1820100,5.992263879333141,6.490579068845048,419039.3409383373,8.11912927559959
1820200,5.9923187829425455,6.490648260303297,419042.71540875675,8.119200591322182
1820300,5.992366882274117,6.490689877094605,419046.3967318851,8.119278340403083
1820400,5.992423773254678,6.490759502950057,419049.6788992256,8.119355150281477
1820500,5.992468669410063,6.490817047916071,419053.1851525405,8.119422721704149
1820600,5.992512862291757,6.490873309954573,419056.6186664444,8.1194866947813
1820700,5.992557466115929,6.490938874265865,419059.85416799237,8.119538851916307
1820800,5.9926097482186265,6.4909794796958264,419063.68694317114,8.119577759003475
1820900,5.992659014853694,6.491043939615664,419067.08473842737,8.119644516579474
1821000,5.992705355193501,6.491103869262322,419070.2402874959,8.11970152781136
1821100,5.992755976063578,6.491154294117514,419073.35944269673,8.119768302709536
1821200,5.992797099351478,6.491197720793359,419076.5656377591,8.119838804507955
1821300,5.992847291165224,6.491259885946795,419080.352025436,8.119893125752027
1821400,5.992892420048616,6.491327206995149,419084.04015769117,8.119928511627759
1821500,5.992949590054544,6.491384221704661,419087.46986767737,8.119976269201237
1821600,5.993008118579035,6.491431297221669,419090.79294654704,8.120018444471977
1821700,5.993054417865419,6.491483727950942,419094.5829516907,8.120086343053782
1821800,5.993102237422401,6.491543560737064,419097.7832331293,8.120135887299458
1821900,5.993143650973206,6.491609125775055,419101.4308414588,8.120170502887207
1822000,5.993191679819292,6.491659894470934,419104.8399583261,8.120243419947341
1822100,5.993236279166627,6.49172888969247,419108.0112006173,8.120304718807011
1822200,5.993289540029596,6.491796222175493,419111.63296184706,8.120370265638
1822300,5.993343854258494,6.49183445002187,419114.74277342064,8.12040766280204
1822400,5.9934006080419024,6.491897009566342,419118.483145949,8.120448698091709
1822500,5.993449557613451,6.491937907382047,419122.2738599903,8.120489347965465
1822600,5.993499656467089,6.491989947983434,419125.392138016,8.120567036289714
1822700,5.9935490126511874,6.492040230286529,419129.1752156263,8.120626663803204
1822800,5.993607231367212,6.492102750482248,419132.4272337567,8.120704414069225
1822900,5.993662155081036,6.492143797400452,419135.5312712311,8.120758421684338
1823000,5.993714240846089,6.492211267542197,419138.7221405215,8.120794801345921
1823100,5.993765344753675,6.492263031493864,419142.0039504717,8.120838623045977
1823200,5.993816088840933,6.49232889998944,419145.5194591153,8.120904029692673
1823300,5.993871776096268,6.4923912691170385,419149.18278224644,8.120981510434097
1823400,5.993927889688794,6.492462222599073,419152.94488258567,8.121061985902479
1823500,5.99397007683882,6.492524257357607,419156.7368748119,8.121139569254687
1823600,5.994017859820735,6.492560904773305,419160.3878516807,8.121176809595442
1823700,5.9940697372647325,6.492621145125883,419164.2062234698,8.121253360375091
1823800,5.994126743612392,6.49267426408297,419167.449482086,8.121303423500118
1823900,5.994174502969086,6.492716602669627,419170.7764690128,8.121378007941685
1824000,5.994223536445857,6.492752799442675,419174.55580874527,8.121414776462345
1824100,5.994276837133839,6.492805895273164,419177.7366408198,8.121453761420709
1824200,5.994329472711018,6.492875413647546,419180.92971252714,8.121500418420872
1824300,5.9943733510326185,6.492928328470331,419184.21383535874,8.12158183184509
1824400,5.9944276548437125,6.492986203280074,419187.8019507498,8.121634233032985
1824500,5.9944787782615085,6.493043559818077,419191.25396962016,8.12169073804858
1824600,5.994532600345177,6.493114243383409,419194.51616292825,8.121728286253873
1824700,5.994580529589526,6.493168421017996,419197.58632828976,8.121802243249231
1824800,5.994625573842743,6.493227422454443,419200.6540129162,8.12187967398676
1824900,5.994666339366455,6.493296272653011,419203.906913447,8.121929644142817
1825000,5.994715669487154,6.49335289944321,419207.2566272469,8.121976387628045
1825100,5.994771487966483,6.493397290744341,419210.66936425096,8.122015456122709
1825200,5.994823932103246,6.493441628474428,419214.0161116273,8.122085992395979
1825300,5.994866770884719,6.493500208753893,419217.68092596444,8.122150258183174
1825400,5.994911756833966,6.493565975529853,419221.0271197694,8.122225939767956
1825500,5.994964495292108,6.493632413522782,419224.4478623408,8.122291039172076
1825600,5.995015733733775,6.493693345267891,419227.94335474225,8.122358811018513
1825700,5.995068385986369,6.493758214174017,419231.1159567729,8.122401105054493
1825800,5.99512183758082,6.4938037949639735,419234.59702728194,8.122461040354828
1825900,5.995165140064908,6.4938670189010095,419238.009282239,8.122531512606859
1826000,5.995208977484701,6.493905238443532,419241.5308240249,8.122597293610516
1826100,5.995259820076226,6.493967142908334,419244.8101408175,8.122649890765475
1826200,5.995310985070767,6.494012508240198,419247.8971542437,8.122695112815505
1826300,5.995360120592532,6.49406313903215,419251.4111929698,8.122744831804475
1826400,5.995415614327953,6.494127736931061,419254.5037114482,8.122799522351452
1826500,5.9954717420033345,6.49416712451579,419258.0948835556,8.12286963679508
1826600,5.995521898374289,6.494229677220859,419261.6343138955,8.122948292340709
1826700,5.995572990490972,6.494298972122454,419265.2717463415,8.123016316606519
1826800,5.995619719496819,6.494349892796601,419268.8979627364,8.123075827627426
1826900,5.995660707315753,6.494420011799713,419271.96311610105,8.123118431605322
1827000,5.995718207028225,6.494476171526834,419275.13672344416,8.123175123047705
1827100,5.995759643387775,6.494512311102709,419278.39153567975,8.123211047203139
1827200,5.995799681669221,6.4945491255315275,419281.99392252305,8.123264764932516
1827300,5.995840672309539,6.494597473432862,419285.29344464483,8.123313317619358
1827400,5.9958965771806465,6.494647775497386,419288.51921556704,8.123385048115425
1827500,5.995944982723494,6.494685510636749,419292.2696573971,8.123418759761323
1827600,5.995997009524646,6.494735561211696,419295.62754304596,8.12345805267443
1827700,5.996053123260412,6.4947938822942834,419299.18880271964,8.123505370009342
1827800,5.996108815220285,6.494859458273535,419302.81554881786,8.123569404726855
1827900,5.9961577560797705,6.494896725434058,419306.4600511541,8.123607690631399
1828000,5.996209478279191,6.494942096617633,419309.86160368676,8.123651128517249
1828100,5.996259585461187,6.494989865030196,419313.0585855964,8.123708612044947
1828200,5.996303926311672,6.495043949829642,419316.3027787484,8.123776487778192
1828300,5.996349614093309,6.495093508608888,419319.54582004476,8.12382601584136
1828400,5.996396536728375,6.49515884416925,419322.62766169204,8.123873913235686
1828500,5.9964448765354454,6.49521502680425,419325.8231753284,8.123912812515943
1828600,5.99649056574883,6.495259470941789,419329.3009677506,8.123967636079513
1828700,5.996541354885226,6.495327486809401,419332.6995263009,8.124022546915835
1828800,5.996583790630774,6.495397283087464,419336.301952934,8.12409399827241
1828900,5.9966340712876445,6.495464730547211,419339.46212882566,8.124137041512606
1829000,5.996676798342808,6.495518773424357,419343.148865137,8.12418392484949
1829100,5.996722492410841,6.495571190129436,419346.675313415,8.124238534375355
1829200,5.9967721104372895,6.49562103943066,419349.8278433981,8.124294759211685
1829300,5.996818809198277,6.495684217971139,419353.0800797812,8.124372068279765
1829400,5.996872126110107,6.495734477018544,419356.71280247485,8.124414664954827
1829500,5.996924974833395,6.495786521809478,419359.7693493885,8.124485905590516
1829600,5.996969453864778,6.4958331213055125,419363.0835315969,8.12452170829263
1829700,5.997020037837495,6.495880799013039,419366.4284860128,8.124570388076288
1829800,5.997067189964823,6.49594512541485,419369.6424566233,8.124616481432907
1829900,5.997122596652389,6.49600177329206,419373.073050817,8.124663783374652
1830000,5.997167420792993,6.496039761521296,419376.73008148716,8.124698788561908
1830100,5.997213154927191,6.496101663584351,419379.87397677894,8.124743922820697
1830200,5.997269746218291,6.496151825541373,419382.92084380466,8.124814203227984
1830300,5.997310703616809,6.496207309564,419386.2688466758,8.124876394936168
1830400,5.99736369827089,6.496277201733044,419389.8612375341,8.124942811056904
1830500,5.997409786490563,6.496328125365042,419393.04376709985,8.125012704808682
1830600,5.997465132380393,6.4963792459824,419396.14819540066,8.125071585923576
1830700,5.997509696573354,6.4964150270057734,419399.50118650764,8.12510680486997
1830800,5.997559210272906,6.496484394583845,419403.2354923234,8.12514816499247
1830900,5.997601965522067,6.496528425885497,419406.37696943665,8.125183511767244
1831000,5.997653285454964,6.496573996927842,419409.6118272942,8.125234134759902
1831100,5.99769592336122,6.49662661312366,419413.1516558568,8.12528480536194
1831200,5.997741807080571,6.4966661720805225,419416.6069308492,8.125363506601827
1831300,5.997787674841385,6.496712043802482,419420.0143678675,8.125397938848435
1831400,5.997837942805869,6.496769748281733,419423.60460825596,8.125435457612964
1831500,5.997881552510246,6.49683348799051,419427.3422893765,8.125484573486348
1831600,5.997923914747791,6.496875155394965,419430.8665727061,8.125535906001222
1831700,5.997976225785358,6.496936920190799,419434.416157406,8.12560945745132
1831800,5.998025138340096,6.496975815195935,419437.4911939953,8.125658538719119
1831900,5.998075555354226,6.497010942085277,419441.1198817399,8.12570162511988
1832000,5.998122076699362,6.497065184431263,419444.2710524579,8.125752885031671
1832100,5.998175480460361,6.497105468637981,419447.7074636851,8.125819019432145
1832200,5.998215103001741,6.497154392555073,419451.23945446697,8.125856910253667
1832300,5.998263492014439,6.497195366238313,419454.93020972784,8.125925996462879
1832400,5.998316724681347,6.497235372655351,419458.6451766215,8.125965566966952
1832500,5.99835653659441,6.497278476223165,419461.6581420325,8.126005692866595
1832600,5.998400322682051,6.497322966684534,419465.02535186923,8.126052924883346
1832700,5.998443860771894,6.497371029443501,419468.11913691997,8.126129204079641
1832800,5.998483839370014,6.497415744158445,419471.616478903,8.126194710404604
1832900,5.99852781754475,6.4974578047003915,419474.978221224,8.126253922066475
1833000,5.9985824539418875,6.497496459982498,419478.2750491222,8.126310290552205
1833100,5.998622475563544,6.49756473420768,419481.55664089654,8.126364967822603
1833200,5.998674453944986,6.497631668360175,419484.8054655398,8.126405089412668
1833300,5.998721517927443,6.4976683405627345,419488.10025817907,8.126440643923786
1833400,5.998776817919861,6.4977370087318835,419491.0999609951,8.12648446959413
1833500,5.998832027519401,6.497777416978466,419494.60376226826,8.126555319040156
1833600,5.9988868938528155,6.497836292124079,419497.59730616066,8.126616730443587
1833700,5.998930890941015,6.497899596722352,419500.58447773865,8.126678664192516
1833800,5.998976454920645,6.497952948195187,419503.925537045,8.126725758255768
1833900,5.999027503831193,6.497998211971112,419507.4306504819,8.126792410838513
1834000,5.999079715221913,6.498055579816956,419510.68606238236,8.126831907924107
1834100,5.999122733434719,6.498091118444849,419513.88416965626,8.126908943413385
1834200,5.999177455391183,6.498144919305569,419517.1307718475,8.126986275503702
1834300,5.999223767202528,6.49821405593536,419520.47942890885,8.127045467871914
1834400,5.999278547656954,6.49827337525405,419523.9362639448,8.127112794406289
1834500,5.999322772820972,6.498321961114468,419527.1373324308,8.127166016681715
1834600,5.999370362635465,6.498356945471973,419530.7402300456,8.127202480864272
1834700,5.9994204288301525,6.498406967588032,419534.0814517837,8.127267734200126
1834800,5.9994684553852045,6.498469834436671,419537.7577003372,8.127327254383303
1834900,5.9995187228249245,6.498505682865915,419540.8676965507,8.127405315059097
1835000,5.999562845290665,6.498561203665366,419544.5052484811,8.127446498922028
1835100,5.999608734733894,6.498617532647729,419547.7717315484,8.127505758352745
1835200,5.999663795202705,6.498683590397828,419551.3290183192,8.127566959537427
1835300,5.999714174959033,6.498737251147869,419554.3834099629,8.127643573726491
1835400,5.999765464950249,6.498782221166261,419557.4981974083,8.127710023631002
1835500,5.999808375688039,6.498823599374983,419560.8842668833,8.127764162970982
1835600,5.99985907129438,6.498872340764509,419564.3839046507,8.127837686419694
1835700,5.999903485799003,6.498912420982901,419567.5595057773,8.127908539423306
1835800,5.999942600513621,6.498966741197051,419570.77476498875,8.127979861040794
1835900,5.999985720218606,6.499030154281859,419574.1299895673,8.128029197971133
1836000,6.000033475298295,6.4990913884795285,419577.49687761493,8.128100234831798
1836100,6.000080570920841,6.4991280250626655,419580.95162807114,8.128180536476883
1836200,6.000135565975802,6.499188679049631,419584.482093647,8.128222642554048
1836300,6.000181140766039,6.499237510681604,419587.6825925334,8.128297264167083
1836400,6.0002289281441925,6.4993029427861355,419590.83325607574,8.128341804542591
1836500,6.000284764396861,6.499346416142034,419594.18878297147,8.128384876041403
1836600,6.000330513718198,6.499396512313988,419597.39310621907,8.12845339961685
1836700,6.000386631376984,6.4994588446375055,419600.37686853047,8.12851281998226
1836800,6.000438612878634,6.499520200124692,419604.06179433374,8.128569998909516
1836900,6.000484677738033,6.499576090428723,419607.5362046093,8.128607550240886
1837000,6.000525483057182,6.499630429260154,419610.8507489907,8.128668468490574
1837100,6.000577347296135,6.49969405206233,419614.4717629209,8.128721956881227
1837200,6.000620983860205,6.499749694276665,419617.6545467023,8.128757095190744
1837300,6.000676990838228,6.499813381672998,419620.9245001972,8.128824078470911
1837400,6.000719981116612,6.499870537980183,419624.27685130783,8.128897252453202
1837500,6.000760149552021,6.4999262572582355,419627.7398001433,8.12897286209184
1837600,6.0008121379412325,6.499980563183157,419631.0714908356,8.129014350957585
1837700,6.000867044945363,6.500043936908308,419634.5895730357,8.129092536637975
1837800,6.000918171392859,6.50009403836461,419637.78205715824,8.129127858096188
1837900,6.000973802901914,6.500131664960208,419640.87507140025,8.12916431999444
1838000,6.00102575155067,6.500183460582372,419644.20813872677,8.129207842849196
1838100,6.00107862675749,6.500225201453845,419647.74329502374,8.12926933604376
1838200,6.00111749140779,6.500289655059127,419651.33144114347,8.129328007418085
1838300,6.001169330089064,6.50033251176875,419654.3041226016,8.129375704606488
1838400,6.001218912599254,6.500369410259138,419657.394091155,8.129436692220331
1838500,6.001260955553326,6.500435799798192,419660.7510649871,8.129495642569704
1838600,6.001309320961886,6.500479934962393,419664.4265640453,8.129540018513236
1838700,6.001357567487226,6.500541175582142,419667.62462781864,8.129576999851192
1838800,6.0014091856801,6.500609226920719,419670.9771506871,8.129641449423787
1838900,6.001448533678199,6.500674392582801,419674.0224699116,8.129692409690925
1839000,6.001492692391985,6.500741766504399,419677.5767088719,8.129725690640436
1839100,6.001543788243492,6.5007878093290765,419681.2419984673,8.129787332404907
1839200,6.00158847254263,6.500826307409453,419684.39850429585,8.12984353918794
1839300,6.001632121621392,6.500891998715074,419687.9575814731,8.12989871771264
1839400,6.0016783111823875,6.500955112269232,419691.0518748776,8.129961013820088
1839500,6.001720575668965,6.501018805980581,419694.5503763709,8.130015917767262
1839600,6.001766324659513,6.501084096988377,419697.66215740476,8.130054412758016
1839700,6.001807394757989,6.501120412725672,419700.66650769045,8.130113959837807
1839800,6.001852666450253,6.501181941998105,419703.8805592866,8.13019167304453
1839900,6.001903360665286,6.50121887071523,419707.1065497951,8.130231244751588
1840000,6.001955455030518,6.501258212801055,419710.314908027,8.130301299298775
1840100,6.002001949467398,6.501303744291683,419713.55562846543,8.13036376711067
1840200,6.002054569911649,6.501363495384607,419716.8395416924,8.130439359811781
1840300,6.002099817973864,6.501429473074852,419719.78847357194,8.130504975213773
1840400,6.002147452558427,6.501495089509054,419723.07986376656,8.13058228041801
1840500,6.002196822977946,6.50155277237615,419726.3039870031,8.13063864924377
1840600,6.0022460186841755,6.501604322113615,419729.78054088535,8.130716840180325
1840700,6.002288706397023,6.501640945380832,419733.00769417954,8.130751854341918
1840800,6.002341913952193,6.501691563310794,419736.3189405924,8.130812309224986
1840900,6.002393846669092,6.501744443293776,419739.68790511606,8.130858164917315
1841000,6.002433288308455,6.501780975068808,419742.83309888444,8.130925468877683
1841100,6.002486522451095,6.5018262266805475,419746.2878398982,8.130960491411637
1841200,6.00252984484176,6.501862517108613,419749.2804472954,8.131038613378957
1841300,6.0025781494048,6.501910795705823,419752.24966198544,8.13107763636505
1841400,6.002630569209501,6.5019637261133765,419755.25500057504,8.13112240638652
1841500,6.002685817793814,6.502004643627456,419758.18344812194,8.131166383252896
1841600,6.002741042683637,6.502069043070196,419761.14865428925,8.131199998565965
1841700,6.002788168084595,6.50213077586297,419764.1404802156,8.131259945484926
1841800,6.002841743047487,6.502178503866374,419767.35704948613,8.131316791787231
1841900,6.002881354952849,6.502240694518977,419770.77087713557,8.131379298441443
1842000,6.002920384520174,6.502282513851561,419774.1035913613,8.131420133887438
1842100,6.002970722251408,6.50231706342135,419777.542902112,8.131477557657147
1842200,6.003017055642441,6.502366153917256,419780.81381457765,8.131555917519153
1842300,6.003072257873184,6.502432593867572,419784.14927785395,8.131618752464542
1842400,6.0031163945402755,6.502478168837153,419787.59345297446,8.131668194829286
1842500,6.0031609132037245,6.502519378952083,419790.81701921526,8.131714342028564
1842600,6.003210812877679,6.502582744348789,419794.07121779665,8.131790370664197
1842700,6.003260155908235,6.502620204194681,419797.12619043794,8.131842397707551
1842800,6.00330156825022,6.502681357771895,419800.16106188344,8.131888756391502
1842900,6.003345338630979,6.502734204385073,419803.2817243562,8.131937107076146
1843000,6.003400272350177,6.502793132722223,419806.2133270895,8.132012786448811
1843100,6.003447937857141,6.5028505340610865,419809.84220315167,8.13205448132755
1843200,6.00349898317191,6.502888479019059,419813.4137926356,8.13211394708112
1843300,6.003541405783363,6.502941305163949,419816.8806357843,8.132182791386066
1843400,6.0035870676119485,6.502989242726378,419820.0210234841,8.132241713620411
1843500,6.003627134900036,6.503026516908298,419823.3013079799,8.132319434878584
1843600,6.003666177822894,6.503068852743785,419826.5786308471,8.132367867137788
1843700,6.003714547291426,6.503131970280793,419829.76210852934,8.13244296954713
1843800,6.00375701907138,6.503189099494171,419833.1688612867,8.132499984396674
1843900,6.0038016818325275,6.5032335688105025,419836.7808049039,8.132542223226665
1844000,6.003843967227416,6.503272060007794,419840.05423765775,8.132583142527324
1844100,6.003887427433439,6.503330524932954,419843.3441702324,8.132652995055272
1844200,6.003929556529156,6.503367267025774,419846.793864648,8.13271193239414
1844300,6.0039717925003595,6.503423301595285,419850.0967600307,8.132749173514599
1844400,6.004023470450737,6.503472846267722,419853.103488538,8.132811569246577
1844500,6.0040735478567315,6.50353319809524,419856.07679149834,8.132871198631808
1844600,6.004117231360054,6.503573853782783,419859.2304109532,8.132918955456326
1844700,6.004164829094376,6.50362916734006,419862.7800083466,8.132955206740318
1844800,6.004215940947426,6.5036879683740105,419865.85473713663,8.133012931647084
1844900,6.004259055090886,6.503740515384114,419868.8793446368,8.133081687467422
1845000,6.004307242885789,6.50379705223244,419872.33916435693,8.133151258755928
1845100,6.004347729493311,6.503840310774576,419875.685476187,8.13318779045007
1845200,6.004392110890956,6.50387945494518,419879.1151786947,8.133253578627285
1845300,6.00444192053271,6.503942959979356,419882.3079973173,8.133299506641043
1845400,6.0044879510296845,6.5039938401327655,419885.4837257918,8.133376255503993
1845500,6.004537954036855,6.5040551569579925,419888.84162844374,8.133451888821826
1845600,6.004586112427789,6.504100563234934,419891.8277640735,8.133497356864053
1845700,6.004630606773216,6.504151413594147,419895.2574025134,8.133542938611813
1845800,6.004677134549764,6.504186718856832,419898.2586610598,8.133580936130683
1845900,6.004722355165333,6.504241955775253,419901.2731868729,8.133657629879298
1846000,6.004771115458965,6.504297135588608,419904.59225272824,8.133696934737054
1846100,6.004815795275392,6.504343250116194,419907.8193185063,8.133735073760835
1846200,6.004854162434233,6.504403067992824,419910.81066183327,8.13378397443989
1846300,6.004907278472395,6.504464588091015,419914.203527146,8.13385297970784
1846400,6.004958523485945,6.504525432395429,419917.1901679953,8.13392546935635
1846500,6.005009225945252,6.50457440021968,419920.3462355075,8.133960635964485
1846600,6.005057135613458,6.50461954943308,419923.9365732681,8.13400410172945
1846700,6.005110833492454,6.504659966983461,419926.9384629493,8.134063096214648
1846800,6.005153964813034,6.504699351690691,419930.1873662456,8.134110131773426
1846900,6.005207887045548,6.504758380355022,419933.4222341711,8.134179574850224
1847000,6.005259559470297,6.504807338585561,419936.8383253635,8.13423733894718
1847100,6.005302019224509,6.50486995147304,419940.20894166955,8.134298772637576
1847200,6.0053556443172225,6.50492468623124,419943.31668694166,8.134364951822501
1847300,6.0054069011463325,6.504962164058315,419946.84469791886,8.13443676779183
1847400,6.005445798124552,6.504995757025122,419950.3788087105,8.134475269871835
1847500,6.005496876660765,6.505056251813417,419953.79434275546,8.134538531396464
1847600,6.005536302432946,6.505112840738603,419957.3813435669,8.134584212810076
1847700,6.005584186394985,6.505167730172156,419960.65638139576,8.134650608478406
1847800,6.005629116989223,6.505219716581681,419964.0967120776,8.13470192043723
1847900,6.005670039007685,6.505284015906435,419967.3926572895,8.134769485372608
1848000,6.005722452018077,6.50534682423299,419970.8673132772,8.134837229407271
1848100,6.0057700056986905,6.505387487432434,419973.9491184812,8.134894682640885
1848200,6.00581829567628,6.505442370143061,419976.92090902576,8.134942870866047
1848300,6.0058591518205615,6.505497966022052,419980.2465114906,8.134988973779642
1848400,6.005905733867089,6.505555589108871,419983.51585737587,8.135034440336167
1848500,6.005949492474356,6.505614756255364,419986.6727674974,8.135078236864594
1848600,6.005993407909028,6.505661640347813,419990.0040643904,8.135134400087438
1848700,6.006031669328604,6.505700468036456,419992.9997031901,8.135203626213288
1848800,6.006080739333113,6.5057646489555445,419996.54976952093,8.135254355994173
1848900,6.006125106693878,6.505829119526513,419999.98787280486,8.135295915858979
1849000,6.0061671887375985,6.5058648193303235,420003.2961456129,8.135356379496557
1849100,6.006213535902061,6.505904930010299,420006.6568824318,8.13538952413546
1849200,6.006263283920711,6.505958418096985,420009.59811096085,8.135427814286285
1849300,6.006310058504108,6.506005867520661,420012.9607837785,8.135504145428238
1849400,6.006357831544111,6.50605223639807,420016.38274145086,8.135550701249132
1849500,6.006396231360983,6.506112900753139,420019.68633854616,8.135619956848693
1849600,6.006445773768284,6.506157368824388,420023.17909028794,8.135685495896109
1849700,6.006485209140106,6.506196841818227,420026.5529798465,8.135761395007728
1849800,6.006524124392801,6.506255232195882,420029.7181767589,8.135838155731077
1849900,6.0065740348394465,6.506311403724578,420033.2034478833,8.135891702777474
1850000,6.006613963764647,6.506370556879415,420036.17068404926,8.135965781984883
1850100,6.0066639451623765,6.506414088953944,420039.55789831385,8.136019763656375
1850200,6.006711017306361,6.506473272216876,420042.59076247836,8.136082140084355
1850300,6.006754630503147,6.506534569156826,420045.90214135306,8.136154169912347
1850400,6.006801937095756,6.506577834804407,420049.30860358686,8.136217222485435
1850500,6.006849773682011,6.506632482377176,420052.421642077,8.13628050911413
1850600,6.006898773050971,6.50667052243885,420055.4367945871,8.136329424858832
1850700,6.006951103833276,6.506726754395415,420058.6470677655,8.1363779266812
1850800,6.006991118695394,6.50679171167758,420061.54767456115,8.13642177070672
1850900,6.007037597465762,6.506841271505338,420064.8525273498,8.136498718144631
1851000,6.007089129926449,6.5068928009096325,420068.26599697646,8.136536294812949
1851100,6.007133161059753,6.506955162371788,420071.7135064455,8.136606055421911
1851200,6.007176996012604,6.507014029813678,420075.0560040559,8.13666598600641
1851300,6.007228178680082,6.507062000165708,420077.94714652473,8.136719196959966
1851400,6.007280470779077,6.507111202208516,420081.3987527921,8.136767337784473
1851500,6.007328155277718,6.507160853227141,420084.80905459047,8.136815709372096
1851600,6.007374973048825,6.507196958792773,420087.9459705456,8.136876218031937
1851700,6.007428024355711,6.507257093861514,420091.14889776066,8.13694560902862
1851800,6.007473854484872,6.507319379868636,420094.03481849405,8.137001850975556
1851900,6.007526116178024,6.507375497751356,420097.2864328127,8.137044183754595
1852000,6.007569499808841,6.5074365160613485,420100.3074190342,8.137095969472146
1852100,6.007614075320575,6.507476380428603,420103.1652919986,8.13713396695835
1852200,6.007666051789147,6.507524282996839,420106.6692656484,8.137195152774982
1852300,6.007708598848184,6.50757105779448,420109.5133292416,8.137269715966703
1852400,6.0077553505089325,6.5076242824913475,420113.01269935485,8.137315680123587
1852500,6.007806840097358,6.507688633273929,420116.43501037307,8.13734708958707
1852600,6.007855835142651,6.507740565773499,420119.3282349626,8.13738433679503
1852700,6.007908645374078,6.507801461197771,420122.4183944516,8.137444464429343
1852800,6.007953051703561,6.50785880957544,420125.29908399034,8.137485896854939
1852900,6.00800190889914,6.507908080562814,420128.47613975074,8.137520257194947
1853000,6.008042078662915,6.507967559290983,420131.4282053876,8.13756183014223
1853100,6.008089220209002,6.508003667613071,420134.5425181636,8.137621631873026
1853200,6.008140987681354,6.508043657739338,420137.6122008138,8.13768210828623
1853300,6.008185286008754,6.508095034092504,420141.130845223,8.13774759025076
1853400,6.00822587073148,6.50815220215745,420144.6420431422,8.137812647923335
1853500,6.0082651609530995,6.508190446491654,420148.10847078986,8.137885594187448
1853600,6.008312898188215,6.508226029651584,420151.62937044626,8.137941976882134
1853700,6.008361496508073,6.508263720801533,420154.6577215987,8.137982003550828
1853800,6.008402034489949,6.508309652339188,420157.5058524148,8.138054598977863
1853900,6.0084542660658276,6.508362318617446,420160.9821255303,8.138121820740421
1854000,6.008499654495622,6.508421734259455,420163.9790843894,8.138178094678961
1854100,6.008540456405554,6.508471432468228,420167.2011253284,8.138236010202208
1854200,6.008585151635854,6.508508393185667,420170.56145257084,8.138292839858316
1854300,6.008629357067286,6.508554188558777,420173.8932465694,8.138367211633172
1854400,6.008679770460352,6.508597915896328,420177.30460150004,8.138414271208665
1854500,6.008723368492033,6.5086343339223545,420180.3477667101,8.138473572887884
1854600,6.008762079019552,6.508695801900672,420183.3109220175,8.138511059408255
1854700,6.008803811753749,6.508740358067911,420186.51752027986,8.138568480022343
1854800,6.008842843021425,6.508787768508382,420189.4285535754,8.138600382392074
1854900,6.008890343688636,6.508838942659767,420192.38791231776,8.138666858977425
1855000,6.008931904238291,6.50887176689046,420195.8811086943,8.138703131232623
1855100,6.008974657673036,6.5089238492622465,420198.9316478543,8.13876725716842
1855200,6.009022819780346,6.508979626210339,420201.85452270234,8.13880851203336
1855300,6.009066553486699,6.509020610768041,420205.0805074107,8.138873172239961
1855400,6.009117088015548,6.509069748400862,420208.28944231186,8.138917711722636
1855500,6.009168273039688,6.509131944744007,420211.4020964998,8.138956846428206
1855600,6.009210789256572,6.5091926120775,420214.79244592733,8.139003416280666
1855700,6.009255519121024,6.509247081729732,420217.9310891507,8.139060653225398
1855800,6.009299559526688,6.5092894521502105,420221.3120191281,8.139123949824006
1855900,6.009345855020696,6.509352084985571,420224.7557351781,8.139184648860363
1856000,6.009386123461494,6.50938489288357,420228.19384086074,8.139230291531613
1856100,6.009425342398667,6.509437054296498,420231.36016706063,8.139299251827012
1856200,6.009462334913297,6.509479484127322,420234.23792442685,8.139361867839348
1856300,6.009500486260001,6.509525072338259,420237.4528362774,8.139396369264745
1856400,6.0095414405121454,6.509565465634334,420240.4636402679,8.139451034422766
1856500,6.009582842125496,6.509601730522999,420243.61202396237,8.139514771554653
1856600,6.009630808101422,6.509651588988723,420246.8021440669,8.139586880032336
1856700,6.0096809416125065,6.509686424334577,420249.95115568914,8.139641510731524
1856800,6.009728635772121,6.5097298444206455,420253.3657303295,8.13968000784609
1856900,6.009776479490988,6.509791287892725,420256.68617239234,8.139713013308636
1857000,6.009815379877297,6.5098357740636095,420259.79040601413,8.13975128895943
1857100,6.009863591379742,6.509875437164759,420263.0809114539,8.139805034565923
1857200,6.009913499152133,6.509920626253552,420266.326955244,8.139854062113292
1857300,6.009954336830504,6.509968027867165,420269.35924179235,8.139924294256245
1857400,6.01000686399612,6.510004608111678,420272.2620822588,8.13999815726208
1857500,6.010058692150643,6.510043109751752,420275.1912762007,8.140055142093775
1857600,6.010099387193171,6.510095151004705,420278.0273249282,8.14009625450907
1857700,6.010139219076796,6.510138342765389,420281.1765042439,8.140160628986914
1857800,6.010183659398952,6.510185352598659,420284.26063010393,8.140217026861064
1857900,6.010224267810118,6.510245030615344,420287.46237341006,8.140258283504549
1858000,6.0102682499081155,6.510300897533926,420290.8020326525,8.14032073594646
1858100,6.010318940748744,6.510353728390132,420293.9357201521,8.140352811111063
1858200,6.010365873090823,6.5103962059429055,420297.34420465154,8.14039125346748
1858300,6.010415424017816,6.51044770993235,420300.45102861803,8.140456502575613
1858400,6.010462315354321,6.51049299673868,420303.35272759944,8.140511064363057
1858500,6.01050293303209,6.51053514893429,420306.1461484144,8.140564969546501
1858600,6.010546708853866,6.510578402491191,420308.9728344349,8.140629990742466
1858700,6.0105885486603805,6.510617187853889,420312.18233917863,8.1406921791374
1858800,6.01063795205621,6.5106729410987425,420315.0008164874,8.14072448266512
1858900,6.010677085369564,6.5107090989188,420318.1690571902,8.140782277428944
1859000,6.010722463764941,6.510749842393038,420320.98096680484,8.140825978272531
1859100,6.010774694759666,6.510810739483527,420323.7800180723,8.140868844444325
1859200,6.010819554723657,6.510871121913583,420326.60840596416,8.140932305612573
1859300,6.010870643950424,6.510931984616396,420329.9512325752,8.14098113701062
1859400,6.010919297875389,6.51097607931196,420333.0748772165,8.141017405239118
1859500,6.010970187912956,6.511022695924427,420336.11381162476,8.141088707984474
1859600,6.011011941538766,6.511077126848012,420339.24498206546,8.141129775285092
1859700,6.01105886389144,6.511124781945064,420342.0856783741,8.1411999576853
1859800,6.011106958443055,6.511182261636172,420345.4768055604,8.141265863079463
1859900,6.011146255088144,6.511214726915445,420348.42751061014,8.14130324388066
1860000,6.011191219819019,6.511274537262539,420351.55452869675,8.141371492908336
1860100,6.011236447873066,6.511308725983164,420354.7986676012,8.141418747421783
1860200,6.011285953212702,6.511344219131867,420358.0525558958,8.141464796861095
1860300,6.011331888409042,6.511388164937268,420361.19545791385,8.141501365648946
1860400,6.011369036145604,6.511425991675751,420364.07235547993,8.14153922556718
1860500,6.01141953866134,6.511472270687294,420367.36067526013,8.141586268943941
1860600,6.011456601826593,6.511529663519566,420370.3015786954,8.141645052334477
1860700,6.011504193758316,6.511574361491293,420373.38407008623,8.141713317331307
1860800,6.01154637572535,6.511632643788656,420376.22699034057,8.141767358022854
1860900,6.011591498089331,6.51168675874119,420379.61728944344,8.141826661465489
1861000,6.011639385985361,6.511741428430272,420382.69467950525,8.141861748125066
1861100,6.01168501760697,6.511780511154112,420385.4801471336,8.141918440847084
1861200,6.011723597164827,6.511817139910154,420388.40343659563,8.14198510827315
1861300,6.011773613220254,6.511867980526144,420391.5662537636,8.142055561825613
1861400,6.011814409758583,6.511901612053201,420394.5196249322,8.142113843239427
1861500,6.011859051276904,6.511934887499767,420397.8623082384,8.142161622455632
1861600,6.011909437346365,6.511997500605424,420400.8945826678,8.142214568185638
1861700,6.0119612680861945,6.51205788464959,420403.90598391846,8.142287696573026
1861800,6.011999164596352,6.51210560282879,420406.9422674282,8.14232527956727
1861900,6.012038023940239,6.51215901221685,420409.8037390067,8.142388004394723
1862000,6.012076610152909,6.512207461371094,420413.0579372624,8.14243470164374
1862100,6.012114754582222,6.512256924529149,420416.3954620659,8.142508136963238
1862200,6.012157981419872,6.5123147390563485,420419.6186218449,8.142582107312668
1862300,6.012204439545342,6.512357621023301,420422.7330838696,8.14263984995384
1862400,6.012243543371934,6.512416497518944,420425.658618044,8.1426997271902
1862500,6.0122913948773835,6.512459358764313,420428.74290190276,8.142759434627186
1862600,6.012342647240218,6.512510599916368,420431.7285930348,8.1428229911127
1862700,6.012383890149451,6.5125701233402715,420434.8265334026,8.142871045016022
1862800,6.01242178917199,6.512630106236753,420437.6216203829,8.142911171762284
1862900,6.012463552304665,6.512680429344236,420441.0446714125,8.142979004541573
1863000,6.01251518556911,6.512738253519003,420444.31574075273,8.143052829933305
1863100,6.012553151575121,6.512788995820964,420447.69592671195,8.143121397436435
1863200,6.012605164468574,6.512825091098518,420450.5625953318,8.143192590556119
1863300,6.012652515646847,6.5128877284971045,420453.8540453687,8.143258570381814
1863400,6.012693892212426,6.512934506224554,420456.808102699,8.143292472614645
1863500,6.012738710378323,6.5129885565527585,420460.0282270829,8.14335485267568
1863600,6.012778495666667,6.513030877303082,420462.77542672266,8.143404386261123
1863700,6.012817434286643,6.513065683633627,420465.5875662998,8.143472586590805
1863800,6.012869118836113,6.513110217236567,420468.8852109353,8.143539109227424
1863900,6.012907312266064,6.513169316729157,420472.18888170813,8.143589913342758
1864000,6.01295529577985,6.513216590907663,420475.37810425455,8.143628983206911
1864100,6.012995261705385,6.51326083627242,420478.5983534849,8.143685573824655
1864200,6.013035930703555,6.513302101817598,420481.655500144,8.143753339387395
1864300,6.013077132584835,6.51334919839182,420484.7785283626,8.143794764972446
1864400,6.013120029810473,6.5134108669203155,420487.72520209587,8.14383835238091
1864500,6.01316504789095,6.513448881842755,420490.61772943736,8.14387782827622
1864600,6.013213882999698,6.513489256725516,420493.49594082806,8.143930510530174
1864700,6.013265535981604,6.513522464545579,420496.6603889486,8.143963111651937
1864800,6.013313864753698,6.513568816555498,420499.89391680487,8.144007505053509
1864900,6.013359238522937,6.513624280638228,420502.6989715885,8.144052264905717
1865000,6.013411113683897,6.51367049522332,420505.82769204484,8.144092343027157
1865100,6.013448319949298,6.513709042395433,420509.02617826936,8.144155673707647
1865200,6.013488134191186,6.513744434755245,420511.984928105,8.144200910114392
1865300,6.013530416681693,6.51379632865516,420515.15968398046,8.144252649083137
1865400,6.013569981769775,6.51384203502728,420518.05471708067,8.144292199778429
1865500,6.013610294692231,6.513887464458686,420521.4102334909,8.144356746061115
1865600,6.013648892551589,6.513926744218851,420524.2708406395,8.14439423472098
1865700,6.013691882487116,6.513968983001674,420527.0141669129,8.144448369198301
1865800,6.013734983979809,6.514024757643676,420530.07653850864,8.144507037369419
1865900,6.013784635039325,6.514067302169908,420533.0978960823,8.144538581780644
1866000,6.013824678281717,6.514110811548517,420535.92328767077,8.144588690189144
1866100,6.013863632229291,6.514162471056526,420539.29287901026,8.144630497447249
1866200,6.01390560869389,6.514199068459659,420542.0407928255,8.14466693807041
1866300,6.013945123965729,6.514260240601458,420545.1070103884,8.14471252102049
1866400,6.013988878414989,6.5143183985010475,420547.8284580205,8.144772648103185
1866500,6.014035872692477,6.514374498219825,420551.12056616746,8.144818712638623
1866600,6.01408604968619,6.514415816569213,420553.89263441827,8.144876446587924
1866700,6.014127624591493,6.514476437662971,420557.0110988283,8.144923118122259
1866800,6.014174656755143,6.514524908675551,420560.2490415188,8.144963836297233
1866900,6.014226120669116,6.514573293422116,420563.35560727486,8.144999684073035
1867000,6.014265515173768,6.514606041369319,420566.72641056724,8.145055352483912
1867100,6.01431221069584,6.514638523804801,420569.8182940847,8.145109639047346
1867200,6.0143592890371815,6.514688213024608,420572.8910703425,8.145161269512858
1867300,6.01440280282913,6.514731113828407,420576.1104256812,8.145214247165546
1867400,6.014439384425482,6.514778872193988,420579.00702964736,8.145256225940985
1867500,6.014476392474629,6.51483825394001,420581.8233231665,8.145329311043062
1867600,6.014515058128219,6.514883174500769,420585.19731517223,8.14539247977017
1867700,6.01455694896689,6.514919634067221,420588.314475409,8.14545279064785
1867800,6.014603157548591,6.514955028534128,420591.5129715393,8.145496290915258
1867900,6.0146424697868985,6.5150045862296375,420594.3787227813,8.145545048921992
1868000,6.014685604308739,6.515054119299166,420597.30590022693,8.145594208125488
1868100,6.014733731029328,6.515091939291222,420600.5852664181,8.14564953940182
1868200,6.014778122147335,6.515134138858505,420603.447277959,8.145686065365686
1868300,6.014821897751051,6.515174686132023,420606.16587089247,8.14574551768819
1868400,6.014868178813728,6.515219403079429,420608.9333902373,8.145785468621009
1868500,6.014906750048289,6.515254616641289,420612.241247966,8.145838703425737
1868600,6.01495168968065,6.515315088732239,420615.6016181344,8.145898127256725
1868700,6.014995812653775,6.515371521767134,420618.6531377243,8.145953236751682
1868800,6.01503371865451,6.515419711474555,420621.7053272573,8.145996583006712
1868900,6.015075122291739,6.5154525477337035,420624.810913087,8.146057130341177
1869000,6.015114936147536,6.5154973194872925,420627.6910102826,8.146119388610511
1869100,6.0151591042912305,6.515534775649432,420630.51006593014,8.146161311769545
1869200,6.0152030797492095,6.515585738659997,420633.3178639159,8.146204965149757
1869300,6.015249284375143,6.5156422844790995,420636.5602477004,8.146239028103905
1869400,6.015295605083433,6.515693402693397,420639.64053242124,8.146286715996872
1869500,6.015342882811756,6.51572520538113,420642.46025525616,8.146351539582668
1869600,6.015380660348427,6.51577052863302,420645.2181643413,8.146402208923456
1869700,6.0154289777129435,6.515830729251558,420648.55850325665,8.146437929221543
1869800,6.015465439312406,6.515874350038884,420651.32386494486,8.14647127363598
1869900,6.015510961446682,6.51592007496172,420654.37953067233,8.146530116192897
1870000,6.015554133611741,6.51595768695616,420657.24406666256,8.146575325854014
1870100,6.015591621601454,6.515991171817277,420660.5657358484,8.146619417138321
1870200,6.015629188668562,6.5160301608164835,420663.6167527667,8.14667486744396
1870300,6.015666705092405,6.5160798774733255,420666.48337575217,8.146729595785937
1870400,6.015715812928066,6.516121782008355,420669.7179145431,8.146781307963371
1870500,6.015758850722483,6.516177764452425,420672.8017355432,8.146843501987682
1870600,6.015794877679983,6.516216554353861,420675.5228682009,8.146905077047293
1870700,6.015844553239693,6.516258101828851,420678.8572368597,8.146966499062042
1870800,6.01588589527377,6.516301934480272,420682.0802094931,8.146997990401422
1870900,6.015927216281365,6.516344331042644,420685.3566450699,8.147060320635518
1871000,6.015965615399569,6.516406129566925,420688.2428591216,8.147097298901116
1871100,6.0160065644175225,6.516452346133683,420691.54703778215,8.147156476042595
1871200,6.016046721815868,6.516513967100673,420694.28069769155,8.147204626650575
1871300,6.016088639122962,6.516568234069868,420697.0751064791,8.147259608193126
1871400,6.0161361916020875,6.516601516398826,420700.3629431859,8.147317710328227
1871500,6.016185208442686,6.516662608632642,420703.51953987667,8.147355250891415
1871600,6.016221624532242,6.516719605803127,420706.5612409475,8.147410641680857
1871700,6.016268384607135,6.516751409795652,420709.85276974906,8.147456057783062
1871800,6.016314891089798,6.516785374274191,420712.68652656156,8.147518602420474
1871900,6.016350331474877,6.516841822116219,420715.96785540465,8.147553240740129
1872000,6.016390646104184,6.516888480894563,420718.9002217775,8.14758490050569
1872100,6.016437452715089,6.516924200531359,420721.9172311384,8.147617984606516
1872200,6.016476745250296,6.516978186378131,420724.65616686747,8.147651342514452
1872300,6.016515701649644,6.517039243495583,420727.72980243573,8.147688644274567
1872400,6.016564326096256,6.5170920243237225,420730.55070386495,8.14775127018827
1872500,6.016611236675162,6.517148655654424,420733.34343202383,8.147793607324271
1872600,6.016652884872436,6.517183018002444,420736.5298607919,8.147848566677915
1872700,6.016695976522218,6.51724391552849,420739.27255236066,8.147894136839811
1872800,6.016738852103314,6.517305108619071,420742.56869681226,8.147957601065842
1872900,6.016774466089579,6.517350006088042,420745.57267618075,8.148018865496356
1873000,6.016810742832102,6.5173939771409675,420748.36989714304,8.14805578315527
1873100,6.01685430446849,6.517452208112117,420751.6225225642,8.148103385958654
1873200,6.016902626641604,6.517502313882555,420754.6832165504,8.14817573693603
1873300,6.016942993522675,6.517541975900928,420757.4960393313,8.14822898710212
1873400,6.01698172125151,6.517585180561593,420760.3981838886,8.148287890982726
1873500,6.017017737906082,6.517619552307632,420763.1246964802,8.148343851447436
1873600,6.017063954190445,6.517656192893415,420765.82827531453,8.148411896265323
1873700,6.017109968616101,6.517696155114981,420768.9791954908,8.148451432553788
1873800,6.0171462870492105,6.51774891345138,420772.25842896843,8.148490797003225
1873900,6.017190779913802,6.517807267806743,420775.5236636095,8.148550230034662
1874000,6.017233076487098,6.517840771227662,420778.57924824953,8.14859527917772
1874100,6.017269456602028,6.517879714005165,420781.38999067753,8.148641621160314
1874200,6.017311887209422,6.517936650655334,420784.29206441937,8.148707326126212
1874300,6.017351868578198,6.517972241483987,420787.38675240433,8.148760668709826
1874400,6.017399870468467,6.5180053379775975,420790.31231877883,8.148806238158166
1874500,6.017440753704987,6.518036794182005,420793.1690147037,8.148840400078786
1874600,6.0174830657710165,6.518084586018423,420796.352859285,8.14888645625884
1874700,6.017530487049233,6.5181458812540285,420799.3921064129,8.148919001089242
1874800,6.017568926770338,6.518197306798311,420802.05430835293,8.14898375544758
1874900,6.017610135543065,6.518238228869461,420805.2280319166,8.14904506160544
1875000,6.017646659666936,6.518294951869017,420808.01312933775,8.149079891200543
1875100,6.017689271894144,6.518350005448194,420811.0299810643,8.14911743571796
1875200,6.017724725524144,6.51840702742474,420813.7693838156,8.149161149087202
1875300,6.017766863588997,6.518452574560381,420816.9270856526,8.14920741980841
1875400,6.017813069794676,6.51851329062331,420819.9985404898,8.149272851512402
1875500,6.017852824749719,6.518561499117919,420822.717434783,8.149305806082376
1875600,6.017890142950226,6.518617955240227,420825.4220466928,8.149341959457715
1875700,6.017925525718529,6.518651981723086,420828.32399192825,8.149371919181132
1875800,6.017970023161172,6.518696981958857,420831.2122371686,8.149415728818113
1875900,6.01800933095295,6.518732294779644,420834.10990494915,8.149484342574162
1876000,6.018051233710588,6.5187787418158445,420836.99365278997,8.149518585977653
1876100,6.01808711620849,6.518821157963834,420840.1467393572,8.149550668160247
1876200,6.018126559800925,6.5188585431640265,420842.89043121395,8.149585375562882
1876300,6.01816822151299,6.518904802667451,420845.65269843023,8.149653636609555
1876400,6.018205469979405,6.518963633184122,420848.7516062248,8.149697420787406
1876500,6.018243870076127,6.519005253148929,420851.76725084067,8.149729951993523
1876600,6.018292863073413,6.51905805132863,420854.8887273493,8.149795535358956
1876700,6.018328971343554,6.519104873652635,420858.17323937424,8.149831535337077
1876800,6.0183768655284355,6.519152323672361,420861.20703170786,8.149900052505274
1876900,6.018412136691365,6.519194080149088,420864.40655084304,8.149941805215589
1877000,6.018454553244195,6.51922995960158,420867.52080867044,8.14997898751191
1877100,6.018500158981678,6.519277258636036,420870.7164296032,8.150037424463195
1877200,6.018544753993837,6.519311953711237,420873.7437144543,8.150103077766849
1877300,6.018588536794594,6.519367470788496,420876.7903682952,8.150174599271518
1877400,6.018636116219497,6.51940804982907,420879.9010106283,8.15022228420681
1877500,6.01867638082913,6.519454991752456,420882.8401857653,8.150268580324918
1877600,6.018724046989037,6.519513753919356,420885.51298030786,8.15030139351755
1877700,6.018765666010253,6.5195533963402905,420888.2501973493,8.15036153236707
1877800,6.0188135307664234,6.519611007765208,420891.0897015489,8.150417638374487
1877900,6.018851786927996,6.5196559338746916,420894.22693069035,8.150452425582653
1878000,6.018889376042788,6.519697785107773,420897.2334237092,8.150500732185748
1878100,6.018931384484035,6.519731029222967,420900.2096234385,8.150556839429308
1878200,6.018968667795082,6.519783545165789,420903.21267040254,8.15060946912621
1878300,6.019014290852679,6.5198196076863875,420906.31590574817,8.150660226301124
1878400,6.019049850364468,6.519862247943269,420909.21778726904,8.150706375108516
1878500,6.019096425482677,6.519898075607673,420912.3087924542,8.15073560388881
1878600,6.019145471961231,6.519949968716708,420915.19573846704,8.150766285940884
1878700,6.019184469002603,6.519981227974703,420917.890884002,8.150801606730635
1878800,6.019233523622752,6.520016561992265,420921.0171983207,8.150856822921666
1878900,6.019274978126678,6.520051615747204,420924.15772904333,8.150898292481855
1879000,6.019315381984027,6.520109317447008,420927.3628877017,8.15095918033464
1879100,6.019357172250127,6.520159237671086,420930.3502421388,8.151002189789597
1879200,6.019395726372031,6.520196204010706,420933.3772501442,8.151052627259215
1879300,6.019439304164294,6.520228174273654,420936.08835328964,8.15112081044197
1879400,6.01948226994762,6.520272138483838,420938.80557942716,8.151171173811036
1879500,6.019530284961625,6.520313741974485,420941.4989453363,8.151201622318023
1879600,6.019574758523607,6.520357035661539,420944.7505951793,8.151267564251311
1879700,6.0196161226067035,6.520417076243135,420947.6566361709,8.151327520464335
1879800,6.019662356020937,6.520461145713964,420950.6301918134,8.151368666791088
1879900,6.0197114286230695,6.520492217664178,420953.7897305321,8.15141315851508
1880000,6.019755797070019,6.520544795826807,420956.7708635654,8.151456426636045
1880100,6.019801707765824,6.520582137087975,420959.8946709243,8.151512215985417
1880200,6.019836544269286,6.5206233373571,420962.9154466883,8.151543198323076
1880300,6.019878435054346,6.520674754576633,420965.7882290617,8.15157354762716
1880400,6.019921089325408,6.520728045157413,420968.92181559425,8.151610620118438
1880500,6.019968338078157,6.520771492990733,420972.0342535039,8.151676395978152
1880600,6.020006747054492,6.5208036799207525,420975.102024229,8.151712444156185
1880700,6.020047802085703,6.520860626333061,420977.727394876,8.151758082673599
1880800,6.0200949269895885,6.520908208651406,420980.477246728,8.151810837667647
1880900,6.020132885980554,6.520963620627711,420983.1477288187,8.151870761606865
1881000,6.020167750284476,6.521006622117259,420986.1162573475,8.151939773975517
1881100,6.02020586562609,6.521058226419526,420988.7957818529,8.152006098473265
1881200,6.020249967709118,6.52111323241875,420991.97013241064,8.152042704728274
1881300,6.020291863290553,6.521171478711402,420994.6690534534,8.152098540523125
1881400,6.020329903410558,6.521222859894855,420997.8330602878,8.152167597043361
1881500,6.020369389171613,6.521264025898138,421000.98059392435,8.152207771553984
1881600,6.02040707208132,6.521308593732067,421003.8030920072,8.152237127426533
1881700,6.020443117502841,6.521352831296203,421006.58713824255,8.152281009523161
1881800,6.020490761784771,6.521387325413891,421009.2469698218,8.152350895526698
1881900,6.020533679414969,6.5214249847046855,421012.437693713,8.152419249518504
1882000,6.020581124660861,6.521464646860444,421015.506244798,8.15247631388133
1882100,6.0206223505418155,6.521513344839807,421018.3809981452,8.152546916372623
1882200,6.020663998179443,6.521558790086193,421021.2002011003,8.152604747666507
1882300,6.020706618820911,6.52159501123831,421023.9962129999,8.152655325021305
1882400,6.0207422868469544,6.521637168325565,421026.6420031881,8.152695352531065
1882500,6.020790952739088,6.5216933415910106,421029.7060902798,8.152749948727346
1882600,6.020830962630735,6.521747397920726,421032.650315368,8.15279361210379
1882700,6.020874945621644,6.521790878158241,421035.4360868734,8.152830007533996
1882800,6.020913894549886,6.521843255158592,421038.08957198117,8.15287024926272
1882900,6.02095796926043,6.521879390793992,421041.1010474563,8.152905639556412
1883000,6.020997207048829,6.521938450227392,421043.8691482841,8.152972608137796
1883100,6.021041723683644,6.521971665355042,421046.7205968843,8.153005892084646
1883200,6.021082191475789,6.522013770329214,421049.3307873256,8.15304268045021
1883300,6.021123159774903,6.522048013382116,421052.189012413,8.153096349258526
1883400,6.021168776670946,6.522087370975112,421055.2933257268,8.153133557203482
1883500,6.021213721603698,6.522134985185728,421058.0478031222,8.153162694284312
1883600,6.021249334359581,6.522193373354452,421061.023600047,8.153225030121764
1883700,6.021297643480218,6.522233132771047,421064.20854140946,8.15329250533597
1883800,6.021341992028819,6.522272348686424,421066.84957088006,8.153362739473648
1883900,6.021379843641904,6.522307631901439,421070.0018538394,8.15340197203692
1884000,6.021424653372835,6.52236332104382,421072.88842885563,8.153432209625326
1884100,6.021460687058381,6.5223938808065665,421075.619088594,8.153474644017813
1884200,6.021504028776094,6.522450912770881,421078.68539837183,8.153507825958565
1884300,6.021540799000389,6.522492989589254,421081.3456588977,8.153563735588646
1884400,6.0215805866459275,6.522535040621448,421084.42888945696,8.153598652434066
1884500,6.021616093671466,6.522575066621616,421087.3166331679,8.153635244823848
1884600,6.021659859872049,6.522632156103809,421090.53781282384,8.153680051704015
1884700,6.021694905060727,6.522687675013869,421093.45076872583,8.153743212052301
1884800,6.021732467055188,6.5227224954069305,421096.3496229798,8.153774011323547
1884900,6.021772328542101,6.522771970238409,421099.33204410033,8.153813596116319
1885000,6.021811498581247,6.52281337963835,421101.97537405137,8.153853721486996
1885100,6.021854593593407,6.522856752247663,421104.89512259554,8.15389410664433
1885200,6.021902150835872,6.522893272435963,421107.97485609294,8.153927601936598
1885300,6.02193670057808,6.522931248407445,421111.1689170922,8.153964532753868
1885400,6.02198462357023,6.522971225104982,421113.9048798124,8.153994018851378
1885500,6.022025712957307,6.523017441186225,421116.7248355789,8.154052312696233
1885600,6.022064766440314,6.523056400706628,421119.82937166124,8.154105328104905
1885700,6.022103504848953,6.523113365823867,421122.7551577243,8.154159460223262
1885800,6.022141385219013,6.523144760566336,421125.38645038364,8.154217370647256
1885900,6.022177777357367,6.523180975300901,421128.0795829145,8.154283987929519
1886000,6.022217851318673,6.523229243120064,421130.6698320491,8.154330580932708
1886100,6.022264855981082,6.523264369998532,421133.50964086206,8.15436331838942
1886200,6.0223007663862145,6.523310111937982,421136.27937070583,8.154423194788103
1886300,6.0223488743728,6.5233587837005365,421139.30715978914,8.15445473356296
1886400,6.022396581015147,6.523416278585884,421142.5100198933,8.154510929440992
1886500,6.022435219662156,6.523458520308594,421145.6845062899,8.154570963974333
1886600,6.022480269207578,6.523502994851379,421148.4713525967,8.154630114917872
1886700,6.02251828118526,6.523536702924583,421151.1232054104,8.154694451420513
1886800,6.022563241645715,6.523586121232563,421154.05239013373,8.154755467668313
1886900,6.022606979190247,6.523641414979654,421156.64025762497,8.154788304710342
1887000,6.022654870296706,6.523694702224039,421159.81198626274,8.154817934297903
1887100,6.022698469606303,6.5237505360064905,421162.98965309473,8.154869896174306
1887200,6.022743312697409,6.523803040099371,421165.86595697526,8.154921794585707
1887300,6.02277856538217,6.523848494342307,421168.52569259994,8.154983530152963
1887400,6.022822251091816,6.523905690133454,421171.32241523906,8.155051745260657
1887500,6.022865930998557,6.5239591097718375,421173.91362607596,8.155088837552878
1887600,6.022912465945499,6.523994617309687,421176.84602072,8.155157006623869
1887700,6.022957837645493,6.524046132115085,421179.9112651589,8.155216589077314
1887800,6.022996135515595,6.524101075762707,421182.91527657944,8.15527658521843
1887900,6.023040495884691,6.524139254777078,421185.80548214715,8.155343899371989
1888000,6.023087585374827,6.52418714367048,421188.4664270625,8.15537401494873
1888100,6.023135605709541,6.524220178081049,421191.5677068648,8.155402540087556
1888200,6.02317009446606,6.524252207886195,421194.21595757414,8.155462061254
1888300,6.023205658607416,6.5243091603957355,421197.16266067064,8.155513573327674
1888400,6.023251012492182,6.524339680244515,421199.9921465742,8.155577364222559
1888500,6.023287026288096,6.524378894446698,421202.8842292115,8.155630451456098
1888600,6.023322421205442,6.524425870801625,421205.84576576215,8.1556656409866
1888700,6.023366480919469,6.524462481837223,421208.40934296435,8.155723017837959
1888800,6.023411062048717,6.524497418014451,421211.41450390173,8.155769012639556
1888900,6.023453029222439,6.524537202212361,421214.0589089401,8.155799752418769
1889000,6.023501125321072,6.524583780799082,421217.0421890671,8.155829454979681
1889100,6.02354245849773,6.5246249641248495,421219.8120628404,8.155878518293148
1889200,6.023588444932707,6.524669055338816,421222.5265229605,8.155932521728497
1889300,6.023622323484127,6.524723651829169,421225.31633217714,8.155961491927764
1889400,6.023666744192796,6.524767993405544,421228.3080450192,8.155993207284274
1889500,6.0237080646562156,6.524813314051276,421231.4552234047,8.156061354987683
1889600,6.02375219574838,6.524869393965252,421234.1090542501,8.156108969692257
1889700,6.023794625671525,6.524915037788516,421236.94920756225,8.15617226719563
1889800,6.023837857879511,6.524965206585178,421239.7218993114,8.156207581677855
1889900,6.023877615139328,6.525009853599413,421242.8123985906,8.156252889346971
1890000,6.0239198043060425,6.525047567723318,421245.7384441357,8.156291342708087
1890100,6.023955542755613,6.525084525108995,421248.5504630309,8.156328262532488
1890200,6.024000946479789,6.52511641924223,421251.22708661394,8.156363130017137
1890300,6.024038871553024,6.5251559542984685,421254.0562777394,8.156408691356246
1890400,6.024073265412784,6.525211203176772,421257.0219555416,8.156471433778282
1890500,6.024111874029838,6.525244937150269,421259.866742536,8.156504218795282
1890600,6.024148734337641,6.525286670391372,421262.4905201932,8.15656868764809
1890700,6.02419219460628,6.525319594066046,421265.1938734171,8.156617287428665
1890800,6.024225980193618,6.5253597795696345,421268.0112354843,8.156658093429726
1890900,6.0242649620217685,6.525410405205654,421270.8872004722,8.156690653455085
1891000,6.024305016337738,6.5254567963733905,421273.69246197294,8.156743400540742
1891100,6.02433891069954,6.525513357924247,421276.51576188224,8.15678163828577
1891200,6.024379168035765,6.525548236909064,421279.20120203175,8.156830426624236
1891300,6.024415729106276,6.5256051231541985,421281.8409994618,8.15689081714644
1891400,6.0244618861099095,6.525658258885753,421284.9738747061,8.15694647319584
1891500,6.024496848053295,6.525704898820714,421287.87178171164,8.156990402944686
1891600,6.024543769467873,6.5257556191917105,421290.767229225,8.157042671921577
1891700,6.024587395537752,6.525791831052786,421293.6683584503,8.157104427743839
1891800,6.024628651786683,6.525836552314615,421296.31214893906,8.157146835203534
1891900,6.024672745713791,6.525886177371986,421298.87766718434,8.157192045930291
1892000,6.024719146039913,6.525924717508992,421301.9705544168,8.157237519835768
1892100,6.024758986763094,6.525962866568975,421304.6644609127,8.157270768664338
1892200,6.024804537656631,6.525993117452918,421307.72651430976,8.157299801075444
1892300,6.024839525784484,6.526051834210484,421310.2944880103,8.157361742066934
1892400,6.024878752710773,6.526086291281281,421313.3627569373,8.157410417940461
1892500,6.024925226627152,6.52612986086487,421316.2048402882,8.157469723931083
1892600,6.024962730646669,6.526179688806415,421319.3243104519,8.157513416408023
1892700,6.024996068794405,6.526225183624296,421322.15871441807,8.157575121428065
1892800,6.025042808321478,6.5262759521195415,421325.0289050888,8.157633468121876
1892900,6.025085881074378,6.526312544671191,421327.7733965581,8.157674966817929
1893000,6.025124641635576,6.52637072297127,421330.5644992046,8.157736694562395
1893100,6.0251678393912735,6.5264065130026,421333.1780142226,8.157801599498734
1893200,6.025208017841005,6.526453783038914,421335.9218000249,8.157833788516617
1893300,6.025251496741876,6.5264954817960925,421338.9510345495,8.157869314624927
1893400,6.025288331854637,6.526533629798695,421342.0489476762,8.157898265284647
1893500,6.025334142231958,6.526575339621458,421344.70599405165,8.15794998606827
1893600,6.025375936290884,6.526620557992734,421347.7741237976,8.158009197344274
1893700,6.025409147944945,6.5266585269589745,421350.6684974561,8.158077346072512
1893800,6.025455324719122,6.526713893089141,421353.413226336,8.158135567006685
1893900,6.025495676527942,6.526757222832853,421356.5364264587,8.158168108685222
1894000,6.02553160753127,6.526787211616412,421359.64331599715,8.158220835334294
1894100,6.025576644591445,6.526835170946495,421362.21215267625,8.158273813445902
1894200,6.025613212914585,6.526866640074116,421364.90420402255,8.158328392116424
1894300,6.025652369103522,6.526901401042729,421367.7113426271,8.15837783958511
1894400,6.025686361014041,6.526937051730544,421370.66027100856,8.158424082064302
1894500,6.025721792152779,6.526978630028452,421373.44730305934,8.158453061718816
1894600,6.02576479835776,6.527030527613538,421376.0064391738,8.158518579338802
1894700,6.025809136797031,6.527066780925599,421379.0140142012,8.15857325271591
1894800,6.025846664675095,6.527096329665843,421381.89677202934,8.15863682679548
1894900,6.025889777715422,6.527132908215506,421384.66730061267,8.158670006386943
1895000,6.025936317469535,6.527162584963113,421387.18752417684,8.158723893627089
1895100,6.025977729136581,6.527211170448743,421389.7138589617,8.158764468453867
1895200,6.0260207991068855,6.527265666668356,421392.2992434265,8.158807904185556
1895300,6.026068159525397,6.527323106802798,421395.32673541835,8.158859223697695
1895400,6.026110830309223,6.527369058413371,421397.8973431787,8.158888406455718
1895500,6.026156363588946,6.5274134263728865,421400.8676982044,8.158927190112033
1895600,6.026193503064221,6.527468978523536,421403.967760722,8.158955684968268
1895700,6.026226746762983,6.527523199355664,421406.8368118905,8.159014259092038
1895800,6.026269693163348,6.527566713963065,421409.46637832775,8.1590511439795
1895900,6.026310154175155,6.527623908391257,421412.0813697215,8.159082628415737
1896000,6.026346492972656,6.527653844113265,421414.9547655018,8.15911151443658
1896100,6.026387338264961,6.527690872468815,421417.49207196827,8.159164815157071
1896200,6.02643032645059,6.5277242298264735,421420.1659348429,8.159209479707451
1896300,6.026470672931729,6.527772079027469,421422.8724133903,8.159257687383638
1896400,6.02650869541746,6.5278078367203465,421425.5644254379,8.159319094296892
1896500,6.026548180525239,6.527860170291737,421428.6083218687,8.159376672187733
1896600,6.026593569669012,6.527891155532134,421431.52726001304,8.15943278260712
1896700,6.0266377075677084,6.527944100736089,421434.5545689694,8.159474127555137
1896800,6.026676189863734,6.527983890559984,421437.3122032564,8.159527386878235
1896900,6.026719174509047,6.5280180536009995,421440.3641700033,8.159577481525025
1897000,6.026753190905215,6.528073839297546,421443.14104586747,8.159633689361563
1897100,6.026794229059024,6.528123558928735,421445.8005355055,8.159695947985432
1897200,6.026837421358297,6.5281698073424685,421448.44847960793,8.159737894671443
1897300,6.026877057495694,6.5282237415271975,421451.0655907728,8.159774438931167
1897400,6.026923635122469,6.528268987849945,421453.9960296709,8.159838283147588
1897500,6.026958714338944,6.528321007696756,421456.6892788987,8.159903388067713
1897600,6.027004204523395,6.528372109113541,421459.6701201133,8.159937448505186
1897700,6.027041064771416,6.528423672243397,421462.4875088484,8.159979029627802
1897800,6.027074303167409,6.528456781862047,421465.4280403804,8.160042081931046
1897900,6.027120137373321,6.5285023493891305,421468.03961190244,8.160085372308393
1898000,6.027158459296945,6.528547120225195,421470.68105338584,8.160123581097867
1898100,6.0271952742813495,6.528597388116621,421473.2151583348,8.160151653476428
1898200,6.027228860123522,6.528631982319812,421476.03562529717,8.160201164223876
1898300,6.027268480333886,6.528670648235687,421478.840945702,8.160249345298494
1898400,6.027307982893601,6.528708892027207,421481.6900052239,8.160280045189674
1898500,6.027351452151725,6.528749933944308,421484.72185617307,8.160317958394266
1898600,6.027395572890029,6.528801601504408,421487.3476197187,8.160351150344287
1898700,6.0274351260218,6.528853535183928,421490.11815391463,8.16039062986778
1898800,6.027467821538197,6.5288967661586295,421493.0888635773,8.160436400217908
1898900,6.027505518259326,6.528948184365981,421495.9026543303,8.16049952950746
1899000,6.027539120421892,6.5290003238200685,421498.41291136405,8.160529359137445
1899100,6.027573608840848,6.529052633154988,421501.3403486303,8.160557853238554
1899200,6.027608415464798,6.529091222237387,421504.38155304943,8.160595581147144
1899300,6.027649348440679,6.529130567004997,421507.34752442304,8.16063296592312
1899400,6.0276885256477035,6.529165684716839,421509.91388425,8.16069404018981
1899500,6.027722749073369,6.529214924969782,421512.6435664569,8.160749576308602
1899600,6.027757497753358,6.529268003223794,421515.4470697504,8.16079791018306
1899700,6.027803894635099,6.529306677066124,421518.1421746232,8.16084202089802
1899800,6.027847024381313,6.529335801091257,421520.810612088,8.160907737942987
1899900,6.027881137199791,6.529387070264056,421523.7275919558,8.160940642006176
1900000,6.027919793543123,6.529437052421358,421526.61231189803,8.160973785709176
1900100,6.0279643948485315,6.529471877454309,421529.347250235,8.16100575826242
1900200,6.02799901247409,6.529506300140853,421532.4083007455,8.161068405855808
1900300,6.02804330932091,6.529539154017436,421535.4028370199,8.161104890189588
1900400,6.028078746247657,6.529573656914307,421538.2823248039,8.161146874033095
1900500,6.028120952419621,6.529619055431963,421541.3223848538,8.161183155382286
1900600,6.028153763301838,6.529650763837131,421544.1481071332,8.16121527405742
1900700,6.028187806536664,6.529685445070601,421547.0423318357,8.161258577068514
1900800,6.0282259315088185,6.529741705383869,421549.63604661066,8.161310718862516
1900900,6.028272230938094,6.529781606286185,421552.4317201034,8.16135707038206
1901000,6.028315956615067,6.529815453497504,421555.36903792806,8.161412577404432
1901100,6.028354411269856,6.529867854054228,421558.1806183506,8.161440510581315
1901200,6.028399506267708,6.529911762536138,421561.0715999387,8.161477143461038
1901300,6.028443183186034,6.529956809257929,421563.91025899095,8.161529656103507
1901400,6.028476811457419,6.53001166044067,421566.7231848465,8.16156928969368
1901500,6.028509531991156,6.530063955575552,421569.6769286785,8.161625662791728
1901600,6.028553978565077,6.530100201309677,421572.3801990294,8.161688619842568
1901700,6.028596949359956,6.530157148710883,421575.34737551253,8.161751985480647
1901800,6.02864150337125,6.53018839105289,421577.9576593928,8.161790011567318
1901900,6.028680860562486,6.5302451991132875,421580.4977882641,8.1618476561327
1902000,6.028726559184425,6.530288891077942,421583.2607979759,8.161911971616238
1902100,6.028762729442129,6.5303398885693005,421586.3128957555,8.16194664030058
1902200,6.028803926938909,6.530385941684439,421589.2123440893,8.162010464537598
1902300,6.028847833761754,6.530423811042165,421592.17919726076,8.162046398460106
1902400,6.028890552586492,6.530463608991242,421595.14901228494,8.162079485070263
1902500,6.028934561706255,6.530517962861294,421597.9832243772,8.162145248818208
1902600,6.028972643117279,6.530556172728082,421600.98906712583,8.162182131990965
1902700,6.029018082591688,6.530593407406934,421603.71660003636,8.16221606739242
1902800,6.029051798797403,6.530640600064303,421606.39648794534,8.162264402310763
1902900,6.029086990852625,6.530696287805439,421608.959475693,8.162301920577619
1903000,6.029121596082827,6.53073515735584,421611.47021095717,8.162339635127768
1903100,6.029154716909733,6.530771702747978,421614.06044398434,8.162402527749192
1903200,6.029197391617025,6.530823494512423,421616.5959028402,8.162433236676623
1903300,6.0292410269125964,6.530866032183056,421619.29158897494,8.162477903625675
1903400,6.029283458634658,6.530911189882547,421622.13128255034,8.162506240936873
1903500,6.0293251495258655,6.53096746631393,421624.80778174853,8.162563754471586
1903600,6.029367946840702,6.531014278481166,421627.68575421115,8.162618190868834
1903700,6.029402477739308,6.531052095651028,421630.47104517306,8.162645670651182
1903800,6.0294401409206735,6.531107986749473,421633.25309820747,8.162698355093635
1903900,6.029476309164785,6.531149990702956,421636.19624049537,8.162731949911581
1904000,6.029517287664117,6.531197183253704,421639.1435852799,8.162783653813605
1904100,6.029560770138835,6.531238152164987,421641.7294237095,8.162846594967776
1904200,6.029603953723773,6.5312825192743205,421644.6191506161,8.162904312550546
1904300,6.02964221282963,6.531333559036934,421647.120710961,8.1629670937046
1904400,6.029674647708216,6.5313823256095995,421649.9852545799,8.163019477670325
1904500,6.0297208114946335,6.531434161895154,421652.67938867654,8.163070712519302
1904600,6.029763444381786,6.5314656434624325,421655.3326354842,8.16310529674194
1904700,6.029801728351286,6.5315173038884735,421658.0618649475,8.163171028718848
1904800,6.029847628084117,6.531568365424456,421660.5330509472,8.163198781040627
1904900,6.029885019782156,6.531597286518931,421663.24609977123,8.163226389753692
1905000,6.029925860682492,6.531636214980146,421666.0084690517,8.163266023903653
1905100,6.029970675601987,6.5316874498530915,421668.48137542175,8.16332479267704
1905200,6.030013465638671,6.531727630443708,421671.2659752669,8.163362771755388
1905300,6.030049008693555,6.531776032554053,421674.0527231373,8.163392946346642
1905400,6.030093433111301,6.531825613935326,421676.512307372,8.163427514956012
1905500,6.030127740771577,6.531881095875337,421679.51649725076,8.163471395235085
1905600,6.03016873044691,6.531918987057897,421682.4698895784,8.163511972530332
1905700,6.030211635892569,6.531960920083214,421684.95414227364,8.163553359516776
1905800,6.030245948079388,6.531991008176618,421687.8849461339,8.163601767305874
1905900,6.030291854371319,6.53204169439773,421690.3575164955,8.163637182649795
1906000,6.030336638155071,6.532075278419297,421692.8453155616,8.163670836390306
1906100,6.03037882882154,6.532117226344923,421695.8094435292,8.163703387844658
1906200,6.0304133061771825,6.53217210666528,421698.256400757,8.163733670276107
1906300,6.030451902213105,6.532224832931059,421701.0646153089,8.163782383563232
1906400,6.03049145787769,6.532271519571531,421703.54290548904,8.163843109395348
1906500,6.030535328761527,6.53230227148694,421706.26999502257,8.16388455760041
1906600,6.0305684713358945,6.532343546339184,421709.11970585113,8.163937593160988
1906700,6.030606207256281,6.532372016004338,421711.6791840513,8.163995098913084
1906800,6.030645748086936,6.532407664535681,421714.14263095707,8.164052643984325
1906900,6.030688851588476,6.532459309783735,421716.981390261,8.164110697655486
1907000,6.030732056748018,6.532500950699845,421719.76525354636,8.164170731909119
1907100,6.030773558520706,6.532551173647436,421722.4656441559,8.164209733894937
1907200,6.030811371466593,6.532588656812911,421725.4385096713,8.164272577835947
1907300,6.030845192822343,6.532618165461484,421728.3493557296,8.164305106141498
1907400,6.0308864819517725,6.532648909027781,421731.23527481384,8.164338804346267
1907500,6.030926722468734,6.532682272734365,421733.99686445616,8.164367172617993
1907600,6.030968365551747,6.532719161337978,421736.6614439212,8.164405948123683
1907700,6.031008904089015,6.532760515368099,421739.2971867259,8.164470068561547
1907800,6.031049802572018,6.532811287470042,421742.05265203974,8.164510437947166
1907900,6.031085031348318,6.532862030329335,421744.732669662,8.164566616409315
1908000,6.0311249179585,6.532916537128011,421747.27567860764,8.16462960849122
1908100,6.031168943888858,6.532950293418106,421750.12517191423,8.164683297484002
1908200,6.031202947399279,6.532980143150075,421752.8275540009,8.164710795075923
1908300,6.031239518339896,6.533008753113287,421755.65386021486,8.164769173987931
1908400,6.031283088648431,6.533041237399889,421758.1146691154,8.164800734432813
1908500,6.031327951564115,6.533086172152075,421760.6524302093,8.16486092295431
1908600,6.031362212904261,6.5331289062261195,421763.53906840197,8.164894252548264
1908700,6.031405458504635,6.533161211359072,421765.9791511757,8.164934779305408
1908800,6.031448860135652,6.533207259061994,421768.3964062659,8.16499090779294
1908900,6.031487386201685,6.533258324582872,421770.88306194026,8.165036897457387
1909000,6.031522681054129,6.533295955642742,421773.82037044724,8.165081815679539
1909100,6.031557150094841,6.533338477967549,421776.52597855474,8.165110269495994
1909200,6.031594930152303,6.533382694854412,421779.2693098667,8.16516501351577
1909300,6.03163824172965,6.533412688676717,421781.83014521503,8.165193237631062
1909400,6.031678235700764,6.53346564915182,421784.3216195983,8.165234251083048
1909500,6.031713618716353,6.533507825581458,421786.98480881087,8.165279762791894
1909600,6.031757233201297,6.533551856371586,421789.628845123,8.165335072597227
1909700,6.031795590779049,6.533590557091752,421792.5349247865,8.165387408987693
1909800,6.031833966395049,6.533629138063033,421795.1868709805,8.165451972851264
1909900,6.031865894698705,6.533679024187132,421798.16179743904,8.165495903492332
1910000,6.031902221908097,6.53372574474575,421801.04324887967,8.165545399318045
1910100,6.031941708916284,6.533768103830205,421803.44961441454,8.165576453183112
1910200,6.031982388889312,6.533797667965489,421805.9082204311,8.165630076487133
1910300,6.032015185368646,6.533825960897107,421808.6020957454,8.165668179066166
1910400,6.032057779148808,6.533870524489922,421811.57350249117,8.165696734789503
1910500,6.032096127362364,6.533910182833136,421813.98884439125,8.16576122664089
1910600,6.0321380966241245,6.533957986462504,421816.76968257345,8.165801098348474
1910700,6.032176844244926,6.534008844442133,421819.17520138546,8.165859313989973
1910800,6.0322157872699895,6.534052867186977,421821.6511487208,8.16591644508843
1910900,6.032258204431512,6.534095078604346,421824.1894797998,8.165955826435795
1911000,6.032296491852371,6.534150625833553,421827.0748684355,8.166015640893317
1911100,6.032336431057198,6.534203270024961,421829.5381238528,8.166045668225543
1911200,6.032378105828944,6.534235584883567,421832.29757524026,8.166086101776989
1911300,6.032423447941963,6.534281041450419,421835.12058230967,8.166114185666325
1911400,6.032457385873272,6.5343119508232,421838.0238923709,8.166151755730576
1911500,6.032497810178973,6.534361910665994,421840.72646003246,8.166206926932848
1911600,6.032541899170109,6.534414085005815,421843.266958004,8.16626984654279
1911700,6.0325794162072235,6.534448513660072,421846.2117522854,8.16630812972781
1911800,6.032617683552377,6.5344788990904075,421848.8242975282,8.166343455864745
1911900,6.032649474356047,6.53451265946303,421851.28982372204,8.166393560928045
1912000,6.032683588572601,6.534556867605846,421854.03388855135,8.166457993265512
1912100,6.032725557314234,6.534585444472921,421856.88118937134,8.166495302026448
1912200,6.032760058406329,6.534622287732964,421859.5265365255,8.166530579640774
1912300,6.032802285651791,6.534671586711505,421862.326443696,8.166583960804493
1912400,6.032847386080561,6.534711250171261,421864.75759577,8.166616433495472
1912500,6.03287924040072,6.534762350211608,421867.6681284181,8.166649742972911
1912600,6.032914033691521,6.534798227094904,421870.22261012683,8.166705833892633
1912700,6.032956642396939,6.534837606620325,421872.79978983523,8.166745001644296
1912800,6.032997322743537,6.5348728607529525,421875.68809837446,8.16679011111551
1912900,6.033042454113203,6.534925229638847,421878.6568048681,8.166825692608674
1913000,6.0330742735186655,6.534964183442534,421881.24333873624,8.166855077390146
1913100,6.03311788333754,6.534995740693214,421883.9704572723,8.166904795962761
1913200,6.033158469324262,6.53503578916611,421886.6279005065,8.166962879454463
1913300,6.0332010042445425,6.535088349208481,421889.3832909431,8.166994443693271
1913400,6.033232375823014,6.535140501474712,421892.04193625355,8.167039907750436
1913500,6.033269636342097,6.535193181434721,421894.8378199885,8.167079193855525
1913600,6.033304855876311,6.535242492932624,421897.7950420411,8.167111953062735
1913700,6.033341339272982,6.535278499899816,421900.2776195275,8.167146107187701
1913800,6.033382977200859,6.535320394863134,421903.1676350461,8.167195771021959
1913900,6.033420786230679,6.535362352049132,421905.9974365444,8.167247069415765
1914000,6.03346582114969,6.535408781151298,421908.42156999215,8.167280247546072
1914100,6.0335075809782195,6.535447967878853,421911.25906681514,8.167332579211477
1914200,6.033548722911082,6.535496515708896,421914.06386837154,8.167375596428977
1914300,6.033588637042697,6.5355407886137336,421916.55076747254,8.16741419296577
1914400,6.03362898719579,6.5355791715848515,421919.4201908784,8.167440572449582
1914500,6.033664654183797,6.535615774575209,421922.2949656642,8.167490568202043
1914600,6.0337055483140585,6.535652392533979,421924.9368335913,8.16751705776385
1914700,6.033740948654938,6.535698902845237,421927.81186865066,8.167552964081429
1914800,6.0337805304793735,6.535743736921694,421930.7308048643,8.167607019556577
1914900,6.033817644692853,6.535786836867719,421933.5588409046,8.167637376873067
1915000,6.033854521379453,6.535825150588388,421936.31850009976,8.167700403942488
1915100,6.0338919188842155,6.535868121817579,421938.8566208095,8.16773102638737
1915200,6.033933736693959,6.53590438567266,421941.4620295782,8.167786755013267
1915300,6.0339664879866834,6.535936974052163,421944.16320793383,8.167819465288012
1915400,6.033999654110103,6.535988617622612,421946.7269620179,8.167873184085453
1915500,6.03404210906125,6.5360246323823965,421949.6503367977,8.167908785032088
1915600,6.03408354250583,6.536075252638418,421952.53030286747,8.167952593794562
1915700,6.03412363220315,6.536114848033737,421955.34702914226,8.167999642224292
1915800,6.034159971075306,6.536168066266597,421957.8047995278,8.168034270526636
1915900,6.034200056587679,6.536220457255541,421960.6374936889,8.168093609111885
1916000,6.034234419251395,6.536260715846497,421963.4882298208,8.168133305065734
1916100,6.034276095292178,6.536314526970841,421966.06763775443,8.168180344660726
1916200,6.034309880711539,6.536345133780969,421968.5858834545,8.168211317738184
1916300,6.034348192929994,6.536395761725671,421971.4365670034,8.168249381953304
1916400,6.034389803413372,6.536428650425278,421973.9408122967,8.16829464719759
1916500,6.034430652215597,6.536482138959576,421976.5019040975,8.168353919799506
1916600,6.034470978353079,6.536511693438727,421979.1797303795,8.168394453971574
1916700,6.034511173549054,6.5365565747526695,421981.96230432525,8.168445001431941
1916800,6.034554995203753,6.536604325359916,421984.6456473661,8.168475780296246
1916900,6.034589846285966,6.536649928910239,421987.1163100224,8.168534793925112
1917000,6.034625508025924,6.536693389657351,421989.8798242088,8.168589724609825
1917100,6.03466209716662,6.53672287876075,421992.25418210524,8.168622284416404
1917200,6.034693414557472,6.536753833363637,421994.6461691825,8.168666240894696
1917300,6.0347372923637,6.536789029571909,421997.3190202192,8.16871493382997
1917400,6.0347742727550004,6.536820230552504,422000.05963181326,8.16877380532116
1917500,6.034805371662504,6.536861893880537,422002.9213348575,8.168825058585657
1917600,6.034841470888076,6.5369123033519045,422005.728447397,8.168880128237419
1917700,6.034885460520063,6.536945091471527,422008.09991852375,8.168933912879423
1917800,6.034921420687223,6.5369990230207815,422010.51953761646,8.16899720141989
1917900,6.034962420126575,6.53702869365972,422012.95888357045,8.16904195989511
1918000,6.035005389693213,6.537075969838753,422015.65588682814,8.169088251515332
1918100,6.035043055650828,6.537124588327685,422018.2199015135,8.169139148386568
1918200,6.035076915131112,6.5371610279285735,422020.6885906819,8.169187410104504
1918300,6.035108807382022,6.537196812030924,422023.43651482166,8.169234001603634
1918400,6.035146380508547,6.537232573999565,422026.05849136197,8.169287766711186
1918500,6.035188128507062,6.5372806116935145,422028.90570558497,8.169316947041656
1918600,6.035230096365903,6.53731249458953,422031.2713707457,8.169369032704415
1918700,6.035266683106496,6.537366550169909,422033.93094375625,8.169428110414978
1918800,6.035307130150934,6.537407599176996,422036.80943206773,8.16946786229048
1918900,6.035349692014521,6.537451870902622,422039.27836873895,8.169503319848724
1919000,6.035388364021698,6.537483130777783,422042.15822826576,8.169553694915741
1919100,6.035423599090083,6.537528694738895,422044.6190937012,8.169587060007757
1919200,6.035462648361649,6.537576006351503,422047.34564091015,8.169628623666698
1919300,6.035506121564139,6.537607377295247,422050.03894121794,8.169676887091464
1919400,6.03554592808049,6.537637121235375,422052.4195236919,8.169708196736783
1919500,6.035584867522754,6.5376694383643414,422055.3323978674,8.169735603789192
1919600,6.035624944777514,6.537710513819629,422057.8729506118,8.169777140234341
1919700,6.035656233080072,6.537740866242734,422060.6024396722,8.169815227644905
1919800,6.035696023980685,6.537781596294979,422063.4239887028,8.16986913339748
1919900,6.035733016766342,6.53781013244722,422066.31681939104,8.169918302276777
1920000,6.035776720632275,6.537855025906817,422068.93569321884,8.169981520393023
1920100,6.035817824849161,6.537896922870444,422071.4332244786,8.17003436293938
1920200,6.035848673163759,6.537946492544368,422073.9255871001,8.170094882346355
1920300,6.0358923429735984,6.537983644023345,422076.8046217335,8.170146588775005
1920400,6.0359349080806775,6.538011535478297,422079.2738315769,8.170184301615343
1920500,6.0359683549714385,6.5380540902575435,422082.0158937029,8.170229894955
1920600,6.036010860853436,6.5380899422015375,422084.5598604194,8.170288936102224
1920700,6.03604881683525,6.538125275685642,422087.31126031437,8.170340921290853
1920800,6.036079545704227,6.538166209110335,422089.8314507143,8.170395625657392
1920900,6.036118283973364,6.538194607116726,422092.457865172,8.170443597246653
1921000,6.036154971372884,6.538225656664548,422095.3236900496,8.170498401696811
1921100,6.036196825592002,6.538272496162929,422097.91156545246,8.17053665751555
1921200,6.036236619275593,6.538307913991763,422100.51344856026,8.170594180190893
1921300,6.0362722922012955,6.538341739972233,422103.0346481621,8.170630137182684
1921400,6.036306955741496,6.538383221906541,422105.53791541373,8.170684969098355
1921500,6.036348404986294,6.538433461613439,422107.88882722013,8.170736969991632
1921600,6.036382014682758,6.538474576484496,422110.4460283383,8.170783959275093
1921700,6.036424069387394,6.538510522239697,422113.0618449991,8.170837794746738
1921800,6.036466962849567,6.538556037375071,422115.64548454457,8.170873411779475
1921900,6.036506063022079,6.538585070938646,422118.2642803249,8.170918979790956
1922000,6.036538445329715,6.538627391906588,422120.96867617307,8.170947209659857
1922100,6.036581881958715,6.538662789673438,422123.7233718732,8.171005514969483
1922200,6.036623364712416,6.53869804681316,422126.0750849824,8.171033546150634
1922300,6.036662395112274,6.538736414818101,422128.47458744165,8.17106002972566
1922400,6.036699907651592,6.5387695697967105,422130.94663107983,8.171110077038461
1922500,6.0367403149278,6.538818598247955,422133.7630347153,8.171162162545981
1922600,6.036776543876945,6.538854951470186,422136.3482873967,8.17119574561112
1922700,6.036813137618055,6.538893546481059,422139.1355210015,8.171246263080477
1922800,6.036850680496495,6.538932742221285,422141.81352452224,8.17130776514293
1922900,6.036884198056172,6.538977362326031,422144.19111289264,8.171342143011929
1923000,6.036916245515987,6.53903070770027,422146.9787554633,8.17140156262576
1923100,6.036952484806546,6.539076557137043,422149.51691355766,8.171443031711657
1923200,6.036986454394159,6.539126089066088,422152.3772293935,8.171470611252108
1923300,6.037028912345336,6.53916479219653,422154.9715366245,8.171509862334963
1923400,6.037066294689175,6.539195757496382,422157.5311473895,8.171557781789128
1923500,6.037102853680561,6.539239123081713,422160.3719700543,8.171611885585119
1923600,6.037137888971557,6.539285530391249,422162.7418976119,8.171651090232189
1923700,6.037177811827309,6.539335314853246,422165.56909347314,8.171711134278468
1923800,6.037209275517333,6.539385876198692,422167.95822913176,8.171750510098274
1923900,6.037245157341991,6.539425550032738,422170.3947431951,8.171779751154755
1924000,6.03727783852564,6.539472528789826,422173.1972326484,8.171822481631523
1924100,6.037310911864857,6.539523525191723,422176.0314302621,8.17185213872878
1924200,6.03734811958306,6.539556004055662,422178.5756098815,8.17190115131456
1924300,6.037386313267913,6.539599666621416,422181.44648299867,8.171962897829705
1924400,6.037428458244397,6.539637248752235,422184.18523725495,8.172006146234615
1924500,6.037461643599179,6.539673111285342,422186.6420944167,8.172050921539654
1924600,6.037496365611404,6.539715440235914,422189.12702683854,8.172111052346384
1924700,6.037527257316217,6.539746763572054,422191.60531684326,8.172153616591805
1924800,6.037569944499786,6.539788667231742,422194.3042957391,8.172192730900617
1924900,6.037603755971264,6.539821124888189,422196.64538150176,8.172250735961704
1925000,6.037635523966584,6.5398721017262105,422199.5045152198,8.172287178811425
1925100,6.037673251889978,6.539919203132083,422201.8590807203,8.172326425361527
1925200,6.037708581249494,6.53995266544724,422204.16634201526,8.17236580975381
1925300,6.037745322752907,6.540002612038955,422206.8707942221,8.172414461748074
1925400,6.037784716596585,6.540032911461607,422209.6979362335,8.172443037680496
1925500,6.037826456334474,6.540077792163046,422212.2244059445,8.17247834513491
1925600,6.037863411649606,6.540123755081616,422214.9602393185,8.172507815082891
1925700,6.037901105027883,6.540169879824303,422217.4719788434,8.172553655427395
1925800,6.03794163359199,6.540209531089219,422220.0256722602,8.172588858382065
1925900,6.037981102985963,6.540254782951158,422222.653610226,8.172633244795598
1926000,6.038022372169983,6.540287868508812,422225.3341905062,8.17268681722542
1926100,6.038062667011787,6.540317680522426,422228.1105685373,8.172732665795387
1926200,6.038095303132453,6.54036762240594,422230.7329028799,8.172764232077228
1926300,6.038136972535806,6.540418828532985,422233.58985751116,8.172793089580786
1926400,6.038168009438684,6.540460099163134,422236.2522129511,8.172854895457455
1926500,6.03820820735654,6.540486877663164,422238.99931997596,8.17290418702104
1926600,6.038238369830374,6.540524348019597,422241.5891887183,8.17296537099008
1926700,6.038281673485559,6.540554218635237,422244.1736082042,8.17299811082202
1926800,6.038322505992658,6.54059334466431,422246.95342514734,8.17305561272122
1926900,6.038354388659939,6.540621804597,422249.53820617526,8.173094056777447
1927000,6.038385445824904,6.540665704679499,422251.8616590009,8.173125759046657
1927100,6.03841956104215,6.540716272242098,422254.15531057067,8.173172786709115
1927200,6.038451391641886,6.5407632459282645,422256.7814943811,8.173199507697243
1927300,6.038483721479149,6.540791109203383,422259.61716708826,8.173247557640211
1927400,6.038526306116401,6.540826367629632,422262.20717866765,8.17330960775953
1927500,6.038561448945339,6.540858472982786,422264.9781861046,8.173367202451791
1927600,6.03860116846549,6.540899400082688,422267.53782545845,8.173412423949111
1927700,6.038639764692665,6.540942220624797,422270.15073464595,8.17347372114502
1927800,6.038673718259746,6.540973992761588,422272.6765877789,8.17352405758924
1927900,6.038709395247034,6.541026129584247,422275.2601125493,8.17358184988848
1928000,6.038750784749885,6.541072906117366,422277.78736802185,8.173631393263857
1928100,6.038785180623302,6.541120233559072,422280.190551211,8.173658701593444
1928200,6.038819813052088,6.541158116211052,422282.54777128383,8.173686489600074
1928300,6.038862872758128,6.54119138680666,422284.89324212924,8.173721614915893
1928400,6.038900209391114,6.541227650935062,422287.5415108399,8.173747121373754
1928500,6.0389333281292545,6.541268520760311,422290.05202140164,8.173773438003773
1928600,6.038970880005059,6.541314853268869,422292.80921107595,8.173812374396174
1928700,6.0390065571821685,6.541352111829094,422295.6323263148,8.17384558966624
1928800,6.039046252440852,6.541401475586617,422298.133402777,8.173902085482267
1928900,6.039077088877429,6.541428611103467,422300.4499578684,8.17395077741225
1929000,6.0391161969836755,6.541472063123253,422303.25970733823,8.173996266103753
1929100,6.039157004879033,6.541515338541826,422306.07863635285,8.17404252457253
1929200,6.039190287678938,6.541565820904866,422308.5283851696,8.174102051606681
1929300,6.0392308650162585,6.541606718034094,422310.8331541251,8.17414676559446
1929400,6.039269983014514,6.541646998629021,422313.4755063459,8.17418854351473
1929500,6.0393052504950715,6.541678469656126,422315.93693066423,8.174241206668084
1929600,6.039339528985915,6.5417211758351295,422318.36282025673,8.17429383585468
1929700,6.039372584098382,6.541765595066323,422321.171817388,8.174342435599769
1929800,6.039406428734129,6.541801909027945,422323.46346388414,8.174381600057506
1929900,6.039447869890931,6.541846733791077,422325.8754056998,8.174421350488334
1930000,6.03948026733048,6.541873556474987,422328.4293354313,8.17445141806319
1930100,6.0395147298244245,6.541909050696327,422330.702674801,8.174493104544537
1930200,6.039548265207548,6.541940548472199,422333.01234922005,8.174519801830776
1930300,6.03958583632574,6.541967946360263,422335.61006404995,8.174557714209536
1930400,6.039623353068386,6.5420109657062335,422338.3582303857,8.174605212259305
1930500,6.039664102498922,6.5420500373192425,422340.9622820785,8.174654686588195
1930600,6.039703862493719,6.542079501698211,422343.2322681356,8.174706778264504
1930700,6.039737785389436,6.542123870754059,422345.6505843515,8.174766223852082
1930800,6.039769315733292,6.542157257006203,422348.0522073772,8.174801407042745
1930900,6.0398068877452324,6.542202437285611,422350.53010525194,8.17484268459352
1931000,6.03984146182923,6.542251777981346,422353.16523997654,8.174902472137832
1931100,6.039873952364998,6.542300561794734,422355.5959545501,8.174952556176482
1931200,6.039907313634967,6.5423301568401335,422358.02667262394,8.17500511071821
1931300,6.03994854627506,6.542381295654794,422360.62534605083,8.175037101911135
1931400,6.039988977375714,6.542413832350289,422362.96755956655,8.175082045377293
1931500,6.040023695723176,6.542442332288474,422365.44050095964,8.175133729212456
1931600,6.040053692262314,6.542472046292881,422368.0807854843,8.175163845186026
1931700,6.040089920728846,6.542515397890094,422370.77979382686,8.175224008103674
1931800,6.040121766783532,6.5425618173075675,422373.102155246,8.175273562580482
1931900,6.040155385422757,6.542594351678933,422375.70235334215,8.175322035787092
1932000,6.040190024409714,6.542633612529751,422378.45927537035,8.175377955953914
1932100,6.040232120935698,6.542662966797038,422381.1207342893,8.175433283423112
1932200,6.040262841429437,6.542710161304123,422383.85497552645,8.175474784266594
1932300,6.040305116107262,6.542751229571776,422386.5144317911,8.175523464388132
1932400,6.040341935384269,6.542788283042405,422389.20813603967,8.175577220214398
1932500,6.040380208844415,6.542829498526517,422391.70696303964,8.175602394526491
1932600,6.040421303242575,6.542866973194456,422394.05688415683,8.175628446549622
1932700,6.040462458302531,6.542907248964811,422396.6820120347,8.175660122584137
1932800,6.040504307015395,6.5429485914823164,422399.0170656393,8.175685624289564
1932900,6.040543418963717,6.542987418365121,422401.56380850956,8.175713969177288
1933000,6.040581513015429,6.54302989310263,422404.1057893354,8.175753802387545
1933100,6.040614561858186,6.543056763522814,422406.52398803853,8.175812818991895
1933200,6.040649052941183,6.543086827304245,422409.3073596591,8.175844954326346
1933300,6.040679814460531,6.54313756914675,422411.82656294445,8.175872167214237
1933400,6.040716915148145,6.5431796468597385,422414.26348081784,8.1759033832745
1933500,6.0407486841389515,6.543206431163262,422417.03343835054,8.175942035973327
1933600,6.040787216261563,6.543236700727027,422419.4319216533,8.175991334826762
1933700,6.040818807740827,6.54326533275045,422422.0625355738,8.176044952805604
1933800,6.040854105424539,6.543294247848417,422424.507697619,8.176073357579163
1933900,6.040891842812707,6.543344749584259,422427.2491980066,8.176111344753775
1934000,6.040930134472089,6.543378645534135,422429.5877533105,8.176142227361069
1934100,6.040964124794004,6.543430487075738,422432.27126516495,8.176176042011104
1934200,6.040993724521649,6.543462012344179,422434.84549478197,8.176209768956577
1934300,6.041024084454678,6.54351252654369,422437.2203786233,8.176269043950237
1934400,6.041062052166628,6.543557365380194,422439.54707833217,8.176319859459575
1934500,6.041100928681659,6.543597551415404,422442.2354629393,8.176366317648679
1934600,6.041135156103827,6.543625891802862,422444.90965264715,8.17641852066611
1934700,6.041176412015502,6.543652500589946,422447.21783250396,8.176475235283537
1934800,6.04120660558238,6.543696569754731,422449.51733211137,8.176535950061416
1934900,6.041245366130099,6.5437430147420965,422452.2262813367,8.17658422665762
1935000,6.041282420895285,6.543769907430238,422454.5136556714,8.176627983653427
1935100,6.04131886558917,6.543801800146692,422457.28393895825,8.176666613888438
1935200,6.0413510698942146,6.543842787722813,422459.74213512434,8.176713523428525
1935300,6.0413809895648845,6.54387894507177,422462.52704979834,8.176759137837795
1935400,6.041416493237772,6.543929643106934,422465.05346210685,8.176815654894558
1935500,6.041458147841756,6.543978266594952,422467.79008318443,8.176848385701605
1935600,6.041498191381033,6.544026820142226,422470.2506839576,8.176884979195917
1935700,6.041533094641078,6.544071288496435,422472.8291355693,8.176939822051132
1935800,6.04156358665273,6.544107025414679,422475.22814647836,8.17698997810325
1935900,6.0416012250915605,6.5441566464268,422477.83628256194,8.17702025412633
1936000,6.0416414526411195,6.544184847697509,422480.1292985946,8.177068163517166
1936100,6.041679022786729,6.544224265060549,422482.6863001637,8.177095284237456
1936200,6.0417111139358965,6.544267273916268,422485.3828556553,8.177148795161003
1936300,6.0417465147547755,6.544306223042247,422488.0326796689,8.177184802449641
1936400,6.041787847665379,6.544334357278788,422490.39897102717,8.177232568779985
1936500,6.041826163542361,6.5443717591396835,422492.9486017659,8.177278140791842
1936600,6.041861482506621,6.544402724941482,422495.69183848595,8.177313360217951
1936700,6.041891144458415,6.54443149980941,422498.06847137655,8.177361744362404
1936800,6.041922079313319,6.5444580987153635,422500.6114447014,8.177413356503823
1936900,6.04196371288679,6.544509203423042,422503.1220788207,8.177454629576847
1937000,6.041997845022752,6.54455687443805,422505.6231526567,8.177485583185984
1937100,6.042038122242189,6.544607349823604,422508.195930915,8.177513854417857
1937200,6.0420700122992335,6.544643449523966,422510.470953928,8.177569912170291
1937300,6.0421031401622045,6.544693787307034,422512.96072508243,8.177623459676784
1937400,6.042137748464141,6.54473850288231,422515.4375257596,8.17767401548934
1937500,6.042172417169809,6.5447702124097615,422517.7718796693,8.177730486799339
1937600,6.042206224494389,6.544817879404073,422520.46783417714,8.177757582796659
1937700,6.0422436213073825,6.544866461605271,422523.2253750947,8.1777943291956
1937800,6.042274571399924,6.544903307317331,422525.7528522989,8.177829170296736
1937900,6.042305804057489,6.544951496052273,422528.0290233949,8.177878136539627
1938000,6.042338004178241,6.544997712053191,422530.45141497283,8.177927234000597
1938100,6.042370146529712,6.5450319628063545,422532.7349842222,8.177985451088151
1938200,6.042407909378242,6.545057869061392,422535.44322520203,8.178038526488926
1938300,6.042443843758499,6.5451038740139715,422538.0351504529,8.178095284855694
1938400,6.0424733911253306,6.545141524325986,422540.7649799448,8.178153712719578
1938500,6.042503112630794,6.545190695872841,422543.2666241948,8.178213917313437
1938600,6.042544564781871,6.545232866098232,422545.79461046954,8.178265513757882
1938700,6.042574988414341,6.545279790232184,422548.0939867428,8.178321845677651
1938800,6.042609337601838,6.545325538506718,422550.6681283472,8.178352700915404
1938900,6.0426401938595715,6.545352969852193,422553.0523843987,8.178395900139291
1939000,6.04267323511187,6.5453801055517475,422555.37764235795,8.178454468329877
1939100,6.042714833584787,6.545409600777936,422557.73086437903,8.17848588102265
1939200,6.042743869373146,6.545446205438764,422560.4259704646,8.178510595887179
1939300,6.042784940624117,6.54548194622523,422562.68386443565,8.178541494112897
1939400,6.042824973492969,6.545531962839746,422565.1511496803,8.17857543606006
1939500,6.042861553557256,6.5455586605620235,422567.3865201356,8.17863452343221
1939600,6.042890625201284,6.545587236603212,422569.6674605131,8.178691138923462
1939700,6.042926009479282,6.5456300587475935,422571.9650056692,8.178717158765533
1939800,6.042963842981989,6.545663045419671,422574.5660877595,8.178745007263712
1939900,6.043004156186621,6.545709664189802,422577.2898553179,8.178779105398629
1940000,6.0430374286439585,6.545739148994845,422579.7119293059,8.17881127896238
1940100,6.043070197519819,6.545787935568525,422582.2413684737,8.178845278982099
1940200,6.043108271556682,6.545827722798227,422584.89109263086,8.178885154942268
1940300,6.0431403026888395,6.545871668248657,422587.5554312944,8.178941434020174
1940400,6.043169845617251,6.54590006627668,422589.81471934286,8.178972466691615
1940500,6.043204326441889,6.545939139589718,422592.22303450154,8.179009216350707
1940600,6.043239717666488,6.5459803108323555,422594.4295206269,8.179046328696487
1940700,6.043268649323492,6.546012252094432,422596.6532667009,8.179080314897082
1940800,6.0432998562412035,6.546054047291666,422599.38551802206,8.179136783638873
1940900,6.043329002053037,6.546102576341352,422601.7378134349,8.179184552058683
1941000,6.043368299214883,6.546139557064854,422604.0145431536,8.179219762235972
1941100,6.043401884623065,6.546175600867081,422606.22699003323,8.17925752820041
1941200,6.043432400936106,6.546206927598565,422608.7903162048,8.179290773772118
1941300,6.043465636257242,6.546244758725351,422611.1763838461,8.179333585331166
1941400,6.043498317861285,6.5462799971480825,422613.8208170196,8.179371602258575
1941500,6.043531727286861,6.546311560487153,422616.05894418544,8.17942440339746
1941600,6.043571427148556,6.5463451878409415,422618.4595466203,8.179480307958626
1941700,6.043600807728496,6.546371427803078,422620.8650834896,8.179524791067028
1941800,6.043633644614682,6.54640557618036,422623.4321628196,8.179560919728484
1941900,6.043671119989382,6.546440725016972,422626.08509209583,8.179615610790433
1942000,6.043709216303611,6.54648449330131,422628.62150869425,8.179654518834854
1942100,6.043739549823015,6.546527504210911,422631.0195922157,8.17969591145494
1942200,6.043775910583269,6.5465722036126754,422633.5408203007,8.179730196504854
1942300,6.043805293014361,6.546609647431907,422636.0865025198,8.179766713289313
1942400,6.043834932686003,6.546658307365293,422638.6118214262,8.179824588262134
1942500,6.0438757700407075,6.546705321061781,422641.00091437384,8.179871826152917
1942600,6.043913866947744,6.546747400475071,422643.480337362,8.179906941454062
1942700,6.0439482444324755,6.546797538606519,422646.0641142688,8.179933785722069
1942800,6.043982707310784,6.546845205558032,422648.68295249867,8.179985077424652
1942900,6.044013392858621,6.5468756031094415,422651.36805726273,8.180033901401002
1943000,6.044048042602006,6.546920250960126,422653.88346565445,8.180071679680962
1943100,6.04407921166344,6.546946525290148,422656.2392678158,8.180112595175345
1943200,6.044110946029535,6.546987478376894,422658.63888165157,8.180156299203944
1943300,6.044140427857094,6.547029049912311,422661.3620850542,8.180187543593332
1943400,6.044171780933979,6.547076604674258,422663.60139559506,8.180221389256458
1943500,6.044209651301578,6.547119752377619,422665.9998375672,8.180251271063877
1943600,6.0442439964046155,6.5471608649033435,422668.7203843462,8.180308764554217
1943700,6.04428124226669,6.547203437095477,422671.2405178166,8.18034493771949
1943800,6.044315272107358,6.547241652249036,422673.54489754164,8.180383940686225
1943900,6.044351679523391,6.547288614282052,422676.1427766721,8.180427638787325
1944000,6.044383098456627,6.547317390760633,422678.475144313,8.180469809694612
1944100,6.044421010883735,6.54735793322237,422680.7695406372,8.180509258711547
1944200,6.044458936326669,6.54740425999576,422683.2298768063,8.180538726994422
1944300,6.044497792521286,6.547442940047252,422685.42656760284,8.180581377914246
1944400,6.044537841558574,6.547493026750085,422688.05997612356,8.180625587189224
1944500,6.044575485742,6.547532573021892,422690.74743157544,8.180651959127559
1944600,6.0446130599582,6.547566614296725,422693.2541774279,8.18069895277471
1944700,6.044651985063597,6.54760515870046,422695.9370835054,8.180741860539419
1944800,6.044682860353165,6.547642456467449,422698.360821391,8.180774255222333
1944900,6.044720494177192,6.5476683142047465,422700.79414761,8.180832164139721
1945000,6.044761405994426,6.547698074027337,422703.38897854585,8.180886404341578
1945100,6.044794797462933,6.547743031457059,422705.7993550694,8.180917527649793
1945200,6.0448291592407575,6.547784973206781,422708.1498657695,8.180976550608872
1945300,6.044866715724035,6.547827465332532,422710.3252039928,8.181031687841699
1945400,6.044904813028578,6.5478697922306415,422712.5379780648,8.181088357260906
1945500,6.044935411692482,6.547903676378699,422715.2074027045,8.181131562652897
1945600,6.044965724014973,6.547933685012822,422717.57102825074,8.181184286074458
1945700,6.045003054029277,6.547965907699288,422719.9689193501,8.181224673041163
1945800,6.045038492740021,6.548015426503753,422722.3591410637,8.181262642634342
1945900,6.0450673736683145,6.548048586167184,422724.9830480655,8.181290347008446
1946000,6.045099616692203,6.548078177827072,422727.3517975593,8.181343650032423
1946100,6.045139631813593,6.548113749657638,422729.6584276901,8.181389735691917
1946200,6.045178153677406,6.548158679926124,422731.85113776743,8.181447019734046
1946300,6.045213900207532,6.548206944898228,422734.1144069277,8.181493553238926
1946400,6.045248706148383,6.548233338512695,422736.59469335945,8.181550787411656
1946500,6.0452818543888185,6.548277907250224,422739.05074143497,8.181592125641309
1946600,6.0453178985972365,6.548307666439099,422741.6079912523,8.181621362739987
1946700,6.04534792750184,6.548354610081073,422743.790042402,8.181659090237211
1946800,6.04538643094756,6.548389818995343,422746.0711629425,8.181685658380484
1946900,6.045415426516722,6.548439056702208,422748.7212188108,8.181734931838141
1947000,6.045452134740257,6.548474211873703,422751.11086919816,8.181780880753752
1947100,6.045487415542188,6.548522984509584,422753.35513730516,8.181809382784932
1947200,6.045519947654592,6.548565294812052,422755.92454666266,8.181837937297768
1947300,6.045556912884346,6.548601367595735,422758.08879119717,8.181866760217758
1947400,6.045595240400784,6.5486505424103125,422760.56318007817,8.181901699232991
1947500,6.045631921977658,6.548692210989745,422763.2314759062,8.181950124680773
1947600,6.045671159141221,6.548723683138718,422765.5924785495,8.18199847318593
1947700,6.045705472227525,6.548771835491623,422767.9729213918,8.182023011014063
1947800,6.045745679224342,6.548798988593899,422770.55396245874,8.18205606392023
1947900,6.045777470597075,6.548836012592295,422773.00358077424,8.18210741613449
1948000,6.045807935439058,6.548864785011315,422775.17907664384,8.182142381127115
1948100,6.045839501093287,6.548912717919456,422777.8200019187,8.182175480848791
1948200,6.045873888829965,6.548947356369554,422780.3338978075,8.182210054342649
1948300,6.0459090998122464,6.54899612853207,422782.56099924026,8.1822370871334
1948400,6.045940513841515,6.549036810491352,422785.0972072861,8.18227925753767
1948500,6.045976912592925,6.549074682108428,422787.29982045916,8.182329360070664
1948600,6.046015451610337,6.549110918323431,422789.5274763762,8.182357776517161
1948700,6.046054378256688,6.5491488278174845,422791.76304039214,8.182396239604754
1948800,6.046083544669865,6.549187761575802,422794.3970387162,8.182442854073393
1948900,6.046122137092393,6.549230382761491,422796.5735933626,8.18246852656638
1949000,6.046152796156517,6.549263941534603,422798.72537130275,8.182522870661186
1949100,6.046181884525375,6.549289589412872,422801.27024386736,8.18257068147984
1949200,6.046214013441059,6.549330362411176,422803.80354327726,8.182616057473952
1949300,6.046250643614996,6.5493711794553215,422806.3205346248,8.182669014683075
1949400,6.0462800668605805,6.549406781891092,422808.8205117549,8.182713051483354
1949500,6.0463174002636,6.549445283229552,422810.96600626514,8.182771332012784
1949600,6.046351799116817,6.549487322610116,422813.41961332917,8.182802023371593
1949700,6.046384853892362,6.549512722747202,422815.7397549378,8.18284361276951
1949800,6.046417501212945,6.549561660115763,422818.03535326215,8.182877675014062
1949900,6.0464543813883145,6.549594450850328,422820.5234270145,8.182908879499236
1950000,6.046493827631802,6.549619974982956,422822.68704515154,8.182935301431327
1950100,6.046523476312975,6.5496454763743435,422824.94255404244,8.18298671228917
1950200,6.046561170814037,6.5496719176231,422827.3894632222,8.183014518416053
1950300,6.046598654771834,6.549698031621417,422829.828921839,8.183042861291927
1950400,6.046628617266159,6.549728834562187,422832.0850140697,8.183079793938077
1950500,6.046668772770704,6.549760801272115,422834.30742089485,8.183115138546318
1950600,6.046698383338308,6.5498066135479025,422836.4518349973,8.183151110364035
1950700,6.046729357865244,6.5498400270188,422838.7222943815,8.18320763723333
1950800,6.046761768629978,6.549881288488043,422840.8957454657,8.183240506216197
1950900,6.046792645756186,6.5499288763575665,422843.1520366657,8.183288219396928
1951000,6.046824273820368,6.549956616644881,422845.66557233204,8.183328028657552
1951100,6.046859912913529,6.5500036856791715,422848.0255364027,8.183374805689402
1951200,6.046893398093127,6.5500436877278165,422850.3597537595,8.183416249583402
1951300,6.046928688137147,6.5500863085340715,422852.78661287506,8.183451202475577
1951400,6.046959605261305,6.550127418283273,422854.9413117719,8.183480621288622
1951500,6.046993727297655,6.550164508663646,422857.32889492274,8.183537957465806
1951600,6.04702838647635,6.550199776227291,422859.7529982202,8.183587861904297
1951700,6.0470614726562015,6.550234039157539,422862.059193394,8.18361217919053
1951800,6.047099118443005,6.550279642435384,422864.3182936588,8.183656763671161
1951900,6.047134033126387,6.550304750228833,422866.7111246038,8.183682161497508
1952000,6.0471661201403055,6.550333063632836,422869.1411813025,8.183727343006774
1952100,6.047198847196684,6.550368598330781,422871.46834970027,8.183768401410916
1952200,6.047227320157373,6.550413137345875,422873.6604965274,8.183809649673513
1952300,6.047255505267725,6.550458872244715,422876.17006261996,8.183855411577612
1952400,6.047291088497831,6.550487539837052,422878.3464333821,8.18389567059718
1952500,6.0473242126860836,6.550529413413118,422880.7062418768,8.18394344465681
1952600,6.0473534803215765,6.5505602741887,422882.9133733872,8.183998543816948
1952700,6.047385905526042,6.550605658709362,422885.3246106371,8.184023070546713
1952800,6.047419537048518,6.550648854700876,422887.9488111442,8.184069548852332
1952900,6.047453335125111,6.550692563440256,422890.1779317855,8.184114415633275
1953000,6.047485068067246,6.55072016795945,422892.82847624057,8.184162382343022
1953100,6.047513551145618,6.550755065088484,422895.3104981843,8.18421834532296
1953200,6.047543168013829,6.550784670339639,422897.7801816957,8.184245487275941
1953300,6.047580733042979,6.550818871322344,422900.20790051454,8.184300018858062
1953400,6.047618691221899,6.550845400114281,422902.74531594577,8.184333511788283
1953500,6.047652875321951,6.550888380772233,422905.0085852097,8.184389518876214
1953600,6.047681443406513,6.550929359565674,422907.1895271428,8.184437046256349
1953700,6.047715804157434,6.550959211892864,422909.34968317416,8.184474286317773
1953800,6.047751684608789,6.55099784220065,422911.68731807184,8.184510719440112
1953900,6.047785246826009,6.551043066507626,422914.25541211595,8.184549169160222
1954000,6.047814954562869,6.55108438958882,422916.6453344238,8.184574062460989
1954100,6.047846927778132,6.551113982497132,422919.0729903463,8.184616559136572
1954200,6.047880585167855,6.551162041150627,422921.29724313115,8.184654746606398
1954300,6.047920049273556,6.551186888931159,422923.6872998344,8.18469557124456
1954400,6.047949472832714,6.551231492797356,422926.0181445184,8.18472970226315
1954500,6.047978955463564,6.551279016999271,422928.29880256805,8.184784507654685
1954600,6.048011330661808,6.551324685392518,422930.44621052913,8.184827960763586
1954700,6.048046726788273,6.55135377674666,422932.98289655894,8.184884335614953
1954800,6.048081025812647,6.551393700798655,422935.30841414264,8.184918766558667
1954900,6.048114509258861,6.551425638011266,422937.74412374274,8.184948014961048
1955000,6.048153365934752,6.551470880050003,422940.04935851425,8.184978655064942
1955100,6.048192513802045,6.551514392486196,422942.51941894507,8.185032066618453
1955200,6.048231987250768,6.551556695637372,422944.7792853978,8.185062141293823
1955300,6.048268901053439,6.551595800782978,422947.0871966486,8.185100155987708
1955400,6.048306033562245,6.551624232661305,422949.35574740556,8.18512683394372
1955500,6.048344100470216,6.55164978170933,422951.61865901697,8.185174465183438
1955600,6.0483811989913265,6.551693111415667,422954.07306479453,8.185202868959323
1955700,6.048413836907843,6.551737191168627,422956.30378951086,8.185250539951145
1955800,6.048450725790693,6.551776402302457,422958.914144416,8.185302576675808
1955900,6.048486431554662,6.551802433153436,422961.45622193447,8.185357576524463
1956000,6.048520208116682,6.551845786174925,422963.6302366657,8.185412428420648
1956100,6.048554265482346,6.551875780308841,422966.227323404,8.185459224121237
1956200,6.048592584475621,6.551912188934523,422968.84965203603,8.185482697073395
1956300,6.048621837538673,6.551957973555188,422971.45826215786,8.18552009280578
1956400,6.048654578641085,6.552000835137583,422973.85430884996,8.185560462815465
1956500,6.048684682644446,6.552027661862637,422976.1542774931,8.185593836242996
1956600,6.048714422671475,6.552060333520821,422978.47851899103,8.185638395110526
1956700,6.048744339644667,6.552086096886024,422980.7297896907,8.185674607972395
1956800,6.048772044055675,6.55211718846078,422983.05004113074,8.185727274141788
1956900,6.048803437891014,6.552146032492463,422985.49070357863,8.185771392703922
1957000,6.048836082840372,6.552191811534212,422987.81960763934,8.18580744666253
1957100,6.048867312621642,6.55222268660531,422990.09464182216,8.185862282339947
1957200,6.048897640602317,6.552259787289994,422992.5878681065,8.185907289512944
1957300,6.048929916036738,6.552290351849378,422994.791716927,8.185944233512279
1957400,6.0489607738563524,6.552336849559992,422997.051551217,8.18598766120951
1957500,6.0489953159963985,6.552376365440034,422999.53958604817,8.18603952311741
1957600,6.049024922831886,6.552419527579918,423002.090519446,8.186072007779776
1957700,6.049058898746746,6.5524638671383615,423004.21078328893,8.186108620713723
1957800,6.049092329486957,6.552501568518326,423006.47934697504,8.186163625187067
1957900,6.049130572767552,6.55254071042652,423009.07449550735,8.186201131976391
1958000,6.049166560593034,6.552581785534544,423011.66189480806,8.186234418221199
1958100,6.049202788312965,6.552608545688775,423013.92692266544,8.186258562552704
1958200,6.049236740115374,6.552642351688499,423016.2285145712,8.18628307971364
1958300,6.049269744974612,6.552667202290527,423018.662981812,8.186314341852615
1958400,6.0492980161567536,6.55270872579358,423020.93293032073,8.186353049996825
1958500,6.049335831483018,6.552734293337653,423023.2889317844,8.186408633223689
1958600,6.049364104312033,6.5527824951316305,423025.42073310696,8.186448112367584
1958700,6.049395593772365,6.552808666767365,423027.85713801184,8.18649507410262
1958800,6.049423155843019,6.5528337364408245,423030.28021703253,8.18652879377055
1958900,6.04945909389494,6.55286317915745,423032.829843443,8.186564015231031
1959000,6.049496851548931,6.552892572894289,423035.1911193893,8.18660005323248
1959100,6.049524926254193,6.552921800408282,423037.4630241924,8.186645053587656
1959200,6.0495577974513495,6.552950278730922,423039.94103911176,8.186678453794517
1959300,6.049587297852408,6.552997373683401,423042.4770219981,8.186732235319532
1959400,6.049624902656683,6.553035852263588,423044.77752367425,8.18677613352828
1959500,6.049657397297504,6.553064532222008,423047.03899108915,8.186820443976151
1959600,6.049688568561436,6.553090770294287,423049.2828567751,8.186853256610473
1959700,6.049724231564846,6.553125823759976,423051.76074533426,8.186893294283383
1959800,6.04976331895278,6.553156523137997,423053.9263324553,8.18692706207138
1959900,6.049795802317043,6.5532013263690505,423056.5173719341,8.18695551310819
1960000,6.049830913846074,6.553231838755988,423058.82690672524,8.18700081279374
1960100,6.049865110148619,6.553275076021522,423061.274628992,8.18705355264396
1960200,6.049894152816949,6.553307719786657,423063.5737601313,8.187092097398967
1960300,6.0499216026661315,6.553333056812328,423065.85331760807,8.187145704684504
1960400,6.049958675161098,6.55336956345587,423068.1646210734,8.187193790071861
1960500,6.049997588940133,6.553409777066807,423070.3065197818,8.187229742685503
1960600,6.05003271548238,6.55343784453737,423072.48041844415,8.187281799726943
1960700,6.050066698824766,6.553478447881244,423074.79069978243,8.187316158154344
1960800,6.050097121818725,6.553521040569093,423077.14676274976,8.187342226410204
1960900,6.050125886008139,6.553563437760599,423079.67445209844,8.187390739491713
1961000,6.050161479285151,6.5535945227519905,423082.12203669356,8.187434398131943
1961100,6.050195851965241,6.553631298046299,423084.5911076289,8.187476697020674
1961200,6.050231504932513,6.553664976075949,423087.1508653552,8.18752394928843
1961300,6.050268114855076,6.553699852016457,423089.5529274068,8.187548653567763
1961400,6.050303206771064,6.5537317806125275,423091.82434549584,8.187604553957723
1961500,6.050338194871189,6.553773862926728,423094.0462341559,8.187627859565275
1961600,6.050368083090995,6.55381119940428,423096.61016698275,8.187681760952465
1961700,6.050406071242321,6.553848799442361,423098.8951851243,8.187734737550265
1961800,6.050438530575337,6.553877252213108,423101.1733920253,8.187763279127315
1961900,6.050469097341467,6.553908941407281,423103.6995457287,8.187809846679114
1962000,6.050498649182777,6.553952006286275,423105.9251701245,8.187840272077626
1962100,6.050531755900058,6.553988498831594,423108.07574540225,8.18787753839511
1962200,6.050568493358428,6.554035157746649,423110.62719488126,8.18793340420734
1962300,6.050603937384501,6.554061329504434,423113.01518896816,8.187978011208276
1962400,6.050632781953214,6.554086835117083,423115.49549078144,8.188023796651034
1962500,6.050669813287288,6.554132433193449,423117.8902302228,8.188069820783152
1962600,6.050701919509119,6.554157245097503,423120.4525494419,8.188105304698379
1962700,6.050731368675099,6.554190069859741,423122.8759612807,8.188137733965467
1962800,6.050763982740566,6.554224265617197,423125.1071223411,8.188162473700675
1962900,6.050798570330174,6.554253466662397,423127.28151275805,8.188212426875797
1963000,6.050836536047611,6.554284326581744,423129.8040145242,8.188238020332312
1963100,6.050866134976449,6.554325628104089,423132.1740460971,8.18827448794533
1963200,6.050902011162999,6.554357732858158,423134.44066287944,8.188315101430115
1963300,6.050937634347886,6.554399571987038,423136.83568821166,8.188370213949904
1963400,6.050968259050417,6.5544246907541766,423139.0142116294,8.188414533331315
1963500,6.051001235262465,6.554462128177509,423141.18891264364,8.188458433438868
1963600,6.051039743039586,6.554495563782758,423143.72706793156,8.188497165877134
1963700,6.05107697263401,6.554524158155727,423145.8108231211,8.188548261894336
1963800,6.051108800588117,6.554570290831273,423147.9220847589,8.188588157158517
1963900,6.051143412934617,6.554602878148295,423150.360119596,8.188621007236637
1964000,6.051172468072238,6.554628697933799,423152.8057299208,8.188668907097853
1964100,6.051209047402141,6.55467509424469,423155.0277826274,8.18871390521406
1964200,6.0512458419644695,6.55471359275607,423157.2687903539,8.188764285775306
1964300,6.0512755700746546,6.554739943184253,423159.54766057484,8.188800458799033
1964400,6.051303507334821,6.5547865518715085,423161.68706044427,8.188843032199282
1964500,6.051337640328532,6.5548124351898815,423164.0599857259,8.18888228801829
1964600,6.051367923133912,6.554849030252815,423166.2470192312,8.18893148998451
1964700,6.051402587312716,6.554885557644169,423168.75503324944,8.188974218522313
1964800,6.051429530990428,6.554931028096965,423171.27228036744,8.18901822313816
1964900,6.0514651659554035,6.5549682934634665,423173.3813672267,8.189069186112896
1965000,6.051495636554729,6.555014616646135,423175.8516939608,8.189119182498706
1965100,6.051528683597173,6.555042952840212,423177.9164356258,8.18916553253591
1965200,6.051561430635477,6.555077195493379,423180.06834252476,8.189211318550301
1965300,6.051590747094879,6.555117478273436,423182.47105851,8.189235136530884
1965400,6.05162517293894,6.555157518756554,423184.6974441848,8.189267105522521
1965500,6.0516565713869355,6.5551965164096435,423187.057264031,8.189315127301903
1965600,6.051686754096978,6.555234131238749,423189.42128273787,8.189354237586342
1965700,6.05172338321092,6.555274441717703,423191.5049930833,8.189396570190524
1965800,6.05175178590561,6.555302441082873,423193.94499422604,8.189448659265354
1965900,6.051780382624894,6.55533219489795,423196.37770328135,8.189498188403112
1966000,6.05180748943084,6.555358227578842,423198.47870419116,8.189539820432772
1966100,6.051836325572069,6.555389318204279,423200.8375362356,8.189592995511271
1966200,6.051872409342622,6.555414956941682,423202.9941749363,8.189647802911272
1966300,6.051908836594727,6.555457898516333,423205.35113229754,8.189696951294382
1966400,6.051943848371603,6.555498984045203,423207.62469686934,8.189737136258056
1966500,6.051972220091172,6.55554147755708,423210.17089030007,8.189779658348927
1966600,6.05200267140789,6.555587782689385,423212.3799697527,8.18980828711549
1966700,6.05203594502781,6.5556244523712595,423214.7384117379,8.189843619063588
1966800,6.052070550654803,6.555651423688315,423217.0476539065,8.189882374044977
1966900,6.052097615646689,6.555679104581601,423219.35844428116,8.189907942047347
1967000,6.052126550450654,6.5557151907191535,423221.5059621219,8.189943776070557
1967100,6.052158860080258,6.555747593530971,423223.56873604044,8.189974232243289
1967200,6.052190084042159,6.5557791362535385,423225.7364714247,8.190012230386147
1967300,6.0522235150126376,6.55580952164427,423228.1176260346,8.190045502824109
1967400,6.052251338712303,6.555836152471307,423230.5927873204,8.190092456608385
1967500,6.052282911085084,6.555875202542901,423233.0706612117,8.19012647477349
1967600,6.05231147857395,6.555910072977295,423235.4733411362,8.190164932923478
1967700,6.052347683537735,6.555954764500257,423237.57504800597,8.19019371984685
1967800,6.052381421234876,6.555998979160452,423239.7874897811,8.19022946228914
1967900,6.052418745520514,6.5560371107019435,423242.08412678976,8.190252316203336
1968000,6.0524521904671955,6.556072897640551,423244.504768659,8.190275525966497
1968100,6.052479863872332,6.556098491357416,423246.6396918926,8.190330364253242
1968200,6.052513735160965,6.556126680595817,423248.83462120744,8.190360360995856
1968300,6.052542397925738,6.556172573163572,423250.9916197735,8.190389187230135
1968400,6.052580567726418,6.556200727785831,423253.3429780763,8.19043346024456
1968500,6.052613512926957,6.556229611032401,423255.43567048886,8.190467763956983
1968600,6.052645724453532,6.556274846739177,423257.66268227145,8.190490521127964
1968700,6.0526810583006805,6.5563149383102495,423260.0761412047,8.190531635862936
1968800,6.052714892035155,6.556339121395502,423262.5194670525,8.190566293917803
1968900,6.052749271538798,6.556368869832937,423264.86036914727,8.190615878611416
1969000,6.052783998008865,6.556400300022323,423267.2073640401,8.19064696002922
1969100,6.052814561621782,6.556433856072771,423269.44579272904,8.190698939599953
1969200,6.052849181130483,6.556471548089931,423271.7887829918,8.190732151323768
1969300,6.05288139268961,6.5565076483095,423274.0743618814,8.190777570799078
1969400,6.05291387618526,6.556533592996073,423276.27106767247,8.190802129705737
1969500,6.052941982256271,6.556565653494698,423278.5267014144,8.190848328330688
1969600,6.052978757943209,6.556607214429337,423281.054774542,8.190882648410778
1969700,6.053008162744865,6.556649301707615,423283.45779748424,8.190921167167353
1969800,6.053035814107053,6.556695745419795,423285.7524968452,8.190948867506888
1969900,6.053072482862009,6.556741725253759,423288.1003626867,8.190999762562996
1970000,6.053100349949167,6.556780286731995,423290.2167255726,8.191037343186505
1970100,6.053127933970828,6.556808495056177,423292.63209870993,8.1910774607136
1970200,6.0531550107702286,6.5568534693743326,423295.03369862214,8.191111150511341
1970300,6.053189690218953,6.556897858757533,423297.35729619826,8.191159953915012
1970400,6.053221163757797,6.556927607901936,423299.8269524081,8.191191863350701
1970500,6.0532570698505825,6.55696761260706,423301.90710080374,8.191241214858083
1970600,6.053292248261115,6.557004956303948,423304.00666839344,8.19127158587439
1970700,6.053329068601928,6.55703440341789,423306.3663563779,8.191302641064365
1970800,6.053367059823856,6.5570767085566475,423308.4606187057,8.191339771476779
1970900,6.053395042088177,6.557122911845838,423310.8870390627,8.191368956101895
1971000,6.053421978315729,6.557168553139083,423312.95870559046,8.191403499870205
1971100,6.053453455282732,6.557200878993569,423315.1660888151,8.191426670747084
1971200,6.053486956541754,6.557241660062658,423317.47122321685,8.19147287609108
1971300,6.053524881142791,6.557287663286456,423319.5901920671,8.191495539438902
1971400,6.053557180048034,6.557331064801617,423321.9859903915,8.191526580495912
1971500,6.053593906064544,6.557360334488646,423324.183360534,8.191551436110029
1971600,6.053631402729301,6.557394700012961,423326.439089778,8.191597721146401
1971700,6.0536674242464565,6.557426936881487,423328.58387730905,8.19162921477954
1971800,6.0537004300254775,6.557454855610381,423330.94741644454,8.191682909941383
1971900,6.053738265357189,6.557482987701593,423333.0818352566,8.19173127270945
1972000,6.053768230009782,6.557507756722559,423335.4137928328,8.191769590653179
1972100,6.0538034437583885,6.557545578498391,423337.4529950619,8.19181714705467
1972200,6.053836562801467,6.557571600291553,423339.60101685725,8.191857798229469
1972300,6.053865452718619,6.557617782037877,423342.0602126393,8.191905450255632
1972400,6.053892276614652,6.55764359548016,423344.5154742989,8.191955145705967
1972500,6.053922589898026,6.557680040388991,423346.85460581945,8.19199994976421
1972600,6.053953654589717,6.5577091326850985,423349.3479751303,8.192027314569076
1972700,6.053990713315491,6.557754602211657,423351.49297288957,8.19207390107522
1972800,6.05402013259918,6.557788102136104,423353.7905331052,8.192107422023858
1972900,6.054048372245077,6.557829477949612,423355.8967876153,8.192159239200008
1973000,6.054077293580453,6.557858578738584,423357.9526822388,8.192210863623608
1973100,6.054111129655221,6.557883243658823,423360.3148082296,8.192236273443932
1973200,6.054138003622973,6.557923491619436,423362.54684402933,8.19227725181196
1973300,6.054169603944673,6.55794807027145,423364.8354943415,8.192329919340505
1973400,6.054200582466671,6.557975214603652,423367.2475759981,8.192365470473897
1973500,6.054228659038609,6.5580083810968866,423369.2982889374,8.192402114195804
1973600,6.054254934395577,6.558044187203615,423371.5745156289,8.192441191753483
1973700,6.054284584650353,6.558067986641617,423373.7445152687,8.192478609496353
1973800,6.054315176775987,6.558107473464021,423376.1323478712,8.192527364355458
1973900,6.054350335637489,6.558138059679725,423378.6032101125,8.192578688089059
1974000,6.054387036293595,6.558178142411162,423380.7987636011,8.192603670930984
1974100,6.054419900571505,6.558214228207605,423382.91091512947,8.192631832523206
1974200,6.0544472788803985,6.558259348375372,423385.1104184757,8.192676604365964
1974300,6.054475545994201,6.558302584617357,423387.4655430215,8.192706975908596
1974400,6.054511788557232,6.5583432341552275,423389.7265165195,8.19275302092324
1974500,6.054548851814368,6.558379410968159,423391.9302716148,8.192776730564313
1974600,6.054581869969732,6.558403471750079,423394.0399276711,8.19281743996962
1974700,6.054618816807937,6.5584449125545845,423396.1714464889,8.192868584598026
1974800,6.054653783322615,6.558487304249095,423398.323560745,8.192892015959409
1974900,6.054684709893646,6.558513652220103,423400.6560511935,8.192925735724755
1975000,6.054721632745437,6.5585386921088435,423402.99153900525,8.192964586862015
1975100,6.05475509502582,6.5585843996506155,423405.1620476838,8.192996718700584
1975200,6.054789116309372,6.558613525750279,423407.46181046346,8.193049656829567
1975300,6.054823999703092,6.5586406198792515,423409.5815876903,8.193079651920076
1975400,6.054855877283129,6.55867586707749,423412.0596045586,8.193112487027031
1975500,6.054883735945672,6.558716738491201,423414.5411810145,8.193137813830715
1975600,6.054916973208526,6.558749995847134,423416.8039925426,8.193181436107432
1975700,6.054947631555082,6.558791926993272,423418.87246876734,8.193217386139654
1975800,6.054977610769058,6.558816826476535,423421.2640798984,8.193270118200365
1975900,6.05500443477042,6.558859533788234,423423.48632098275,8.193294436648568
1976000,6.055037741383802,6.558884256139554,423425.7700900432,8.193325415892463
1976100,6.055070784882031,6.558913223320757,423427.8132867083,8.193376771018427
1976200,6.055106964694817,6.558940837179554,423430.025004559,8.193405645227738
1976300,6.05513778972483,6.558982102791255,423432.16094401287,8.193449169021465
1976400,6.055170953668953,6.559026718744634,423434.3070184331,8.193473364425326
1976500,6.055201329401574,6.559058434757138,423436.56199056853,8.193498750819751
1976600,6.055234276496224,6.559088464546148,423438.6839017614,8.19353626186416
1976700,6.0552672596849115,6.559123284724053,423441.14195092727,8.193568988635885
1976800,6.055294644394506,6.559154233548031,423443.5422040377,8.193607795426015
1976900,6.0553293656710085,6.559179769651241,423445.7896722334,8.193657708039936
1977000,6.055357786368791,6.559223167943028,423447.90753020544,8.193705910229582
1977100,6.055388606559186,6.5592604312841205,423450.12138187845,8.19373167621388
1977200,6.055421116459011,6.559301799401074,423452.56310908956,8.193767396666544
1977300,6.055455563952386,6.559327234131024,423454.7864631882,8.193812887133609
1977400,6.0554910330993375,6.5593509888526755,423457.12875407527,8.193839390097025
1977500,6.055522789580187,6.559375783452628,423459.42754097667,8.193864834375358
1977600,6.055550564358909,6.559414268440057,423461.67127129185,8.193917200213304
1977700,6.0555849072508385,6.559448432562294,423463.9463467401,8.193939515836718
1977800,6.055616818967188,6.559487162053105,423466.0650677447,8.193968584370593
1977900,6.055643704429685,6.5595226338368695,423468.4962601092,8.193991832716698
1978000,6.055680497258385,6.559567153431625,423470.91589672025,8.194015447384029
1978100,6.055707669309597,6.559598636336398,423473.35444804176,8.194058407242085
1978200,6.055742733497495,6.559640504750437,423475.5406852569,8.194082409084363
1978300,6.055769448713763,6.5596742704049795,423477.6888146485,8.194128430839898
1978400,6.055800526031761,6.559719098175517,423479.67770260107,8.194165379968245
1978500,6.055830849111226,6.55976338327867,423481.71341389784,8.194197527173861
1978600,6.055865389963425,6.5597921396576595,423483.8744251339,8.194243142739357
1978700,6.055898199105681,6.559833453909123,423486.25890768925,8.19428100108517
1978800,6.055928052880511,6.559868876247697,423488.56365940167,8.194309721978117
1978900,6.0559621783479685,6.559908541355724,423490.8171343457,8.194343482679928
1979000,6.055989945014423,6.5599368842824575,423492.8924827533,8.194392862841001
1979100,6.0560243851808,6.559965244926168,423495.2125706105,8.194428432051275
1979200,6.056053767306778,6.5600101169153415,423497.21858190343,8.19446742411381
1979300,6.056087406654279,6.56005468916854,423499.58856213983,8.194506882155498
1979400,6.056123890918549,6.560094681004037,423501.6211470074,8.194534468633819
1979500,6.056160924724714,6.560132276528653,423503.8742321343,8.194581566870676
1979600,6.056190187113906,6.560163475433183,423506.1393776868,8.194607646301211
1979700,6.056216379082292,6.560204609716186,423508.3533701243,8.194641529443428
1979800,6.056248668483937,6.560244533854851,423510.5095511239,8.194676002102446
1979900,6.0562767406022076,6.560283495547956,423512.7384696685,8.194707802550662
1980000,6.0563084930023745,6.56032802921148,423514.7367290406,8.194741108265937
1980100,6.0563368405000295,6.560372799461083,423516.71015042375,8.194787441932336
1980200,6.0563721187672925,6.560398565621212,423518.7782425536,8.19483350922259
1980300,6.056408277965714,6.560434750405059,423521.1677699537,8.194882959786046
1980400,6.056436016716749,6.560460697112665,423523.2615679044,8.194918185827229
1980500,6.056471784269124,6.560505476239769,423525.4049015953,8.194953627948681
1980600,6.05650284709699,6.560540459105212,423527.7470016905,8.194980615688033
1980700,6.0565318603659595,6.560584064645325,423529.955079446,8.195031278810822
1980800,6.056563135253217,6.560618798454897,423532.33328565594,8.195056854748223
1980900,6.056589803423481,6.5606559654008665,423534.39823468373,8.19510108946986
1981000,6.056620929132183,6.56068897425146,423536.6239901976,8.195152021575925
1981100,6.056652885938543,6.56072182556168,423538.7987520779,8.195204097140916
1981200,6.056680500448582,6.560755457885809,423541.1621505438,8.195246012693307
1981300,6.056711837902327,6.5607792411117325,423543.18340948195,8.195279360578752
1981400,6.056742390447498,6.560813212528758,423545.2008659892,8.195301306215722
1981500,6.056773179775557,6.560854052462953,423547.5849606248,8.195348295098176
1981600,6.056800678082966,6.560881579060835,423549.6517249571,8.19539872024699
1981700,6.056828787360767,6.56091523846522,423551.6874304743,8.195432114509781
1981800,6.056863151331804,6.560955173818039,423553.6727327757,8.195478048916366
1981900,6.056896011375522,6.560985276869001,423555.72850379,8.195507213750304
1982000,6.056929394031394,6.5610197775344306,423558.0340282206,8.195553668729625
1982100,6.0569570731079265,6.561047355526143,423560.07791709964,8.195590717106596
1982200,6.056991721432291,6.561072821016886,423562.41153297585,8.195631549205252
1982300,6.057027900435702,6.561096603126233,423564.3732177714,8.195669184620252
1982400,6.057060223534472,6.5611272525164965,423566.4639348726,8.195704673241625
1982500,6.057086046268094,6.561171737341626,423568.8768342147,8.19573296704913
1982600,6.057113580352912,6.5612084427187005,423571.2595641501,8.195768013792282
1982700,6.057146964349193,6.56124568422827,423573.3148115215,8.195814203603863
1982800,6.057173985463678,6.5612808811836905,423575.56865997566,8.195857592598365
1982900,6.057201291025808,6.561321960888458,423577.6883039468,8.195892165194218
1983000,6.0572373765459275,6.5613455785852075,423580.10233126464,8.19592585481505
1983100,6.057267381266032,6.5613851007545305,423582.13649210316,8.19596471945112
1983200,6.057296014438107,6.561427974044171,423584.27909421397,8.196007648778245
1983300,6.0573315516818536,6.561451145343027,423586.3443934825,8.196059700878745
1983400,6.057362639713415,6.561486689381984,423588.43149908446,8.19609174081695
1983500,6.0573898511698365,6.5615242481462674,423590.457002956,8.19612680925533
1983600,6.057421725198635,6.561557331960666,423592.656844878,8.196160622252988
1983700,6.057458049393149,6.561591768297708,423594.66846359154,8.196190060915342
1983800,6.057483613516814,6.561616339502496,423596.6512224031,8.196222311202797
1983900,6.057513690852713,6.561660725075817,423598.7343090018,8.196247527644994
1984000,6.057544928658372,6.56168720983251,423600.7212854815,8.196294640789901
1984100,6.057574399011098,6.561712550140505,423602.8557862922,8.196333922480308
1984200,6.057605999667208,6.561747431802503,423604.92129786714,8.196369015991852
1984300,6.057641454192958,6.561771523404322,423607.16427324415,8.196401150139462
1984400,6.057671972595333,6.561797676648782,423609.2457521989,8.196441239299848
1984500,6.057699652223942,6.561840149671731,423611.56321537826,8.196480486966092
1984600,6.0577311283115,6.561881337064052,423613.9344819294,8.19650501663464
1984700,6.057765625238539,6.5619254463481775,423616.0047353945,8.196551597660061
1984800,6.057798060185455,6.561962815001559,423618.14665905753,8.1965848987861
1984900,6.057834469430929,6.561991182775023,423620.1741709113,8.196617140488762
1985000,6.057861807943397,6.562021646991593,423622.2779270931,8.1966644928771
1985100,6.057893817752575,6.562049461105987,423624.34815676854,8.196700925734769
1985200,6.057929351958755,6.562078308234406,423626.32313031587,8.196745326910358
1985300,6.057957939510922,6.562114418613427,423628.3924045665,8.196770309814523
1985400,6.057989379460989,6.562150972495061,423630.58204984025,8.196817485476865
1985500,6.05802471663583,6.562184035021315,423632.5418761427,8.19685971523238
1985600,6.058056449111276,6.562227999618405,423634.7823783776,8.196903179511523
1985700,6.058089023918024,6.562255272481898,423636.9767597885,8.196932436485072
1985800,6.058125086617228,6.562289115732476,423638.9520500314,8.196971408185513
1985900,6.05815349715347,6.562315019869096,423640.91148574156,8.19701357569352
1986000,6.058188270002978,6.562356028227857,423643.0838307144,8.19706336461582
1986100,6.058224261255831,6.562395830517427,423645.4613683184,8.197114303682918
1986200,6.058252492573711,6.56241835399398,423647.7343274535,8.197160919166235
1986300,6.058285758703525,6.5624549243663255,423649.9485490327,8.197193263401141
1986400,6.058318696478089,6.562488845443457,423652.33142943017,8.197219520881658
1986500,6.058351902204215,6.562515155222088,423654.35914320033,8.197244184130254
1986600,6.058377373629485,6.562557419685596,423656.4740950396,8.197276663757208
1986700,6.058410920959557,6.562596400332311,423658.44081735145,8.197309641521157
1986800,6.058447116296256,6.562638037535179,423660.474861056,8.197358347809718
1986900,6.05848042923031,6.56266789424091,423662.8217681181,8.197384828316649
1987000,6.058513814014549,6.562690341685158,423664.8735374009,8.197407813538513
1987100,6.0585439172227815,6.562723782110684,423666.96121913067,8.197441614343424
1987200,6.058570473282946,6.562762958981423,423668.8886101981,8.197472579087089
1987300,6.058597921945648,6.562802112700382,423671.131170209,8.197506981899352
1987400,6.058629176796747,6.562846027610554,423673.28498288774,8.19754490300252
1987500,6.058657814678429,6.562871443485163,423675.465315116,8.19759357826631
1987600,6.058685908142892,6.5629049648580855,423677.4431766121,8.197622815879319
1987700,6.058712582102992,6.562936019367635,423679.6000970708,8.197645551002594
1987800,6.0587438136322795,6.56296478605768,423681.6481677773,8.197669310522542
1987900,6.0587742169117735,6.562996566725602,423683.9680013969,8.197707007566782
1988000,6.05880089619779,6.563020667525319,423686.3264390406,8.197750134129588
1988100,6.058828830720485,6.5630548027209,423688.647551856,8.197791534457538
1988200,6.058862031894066,6.56308466992268,423690.90918577026,8.197843329067362
1988300,6.0588952251428605,6.563121069680864,423692.9891727417,8.197885587471559
1988400,6.058924191726891,6.563149856545869,423695.17185014446,8.197908193752998
1988500,6.058954040750165,6.563182813934535,423697.52504462155,8.19794375835726
1988600,6.058988264402953,6.5632180162277205,423699.5618807766,8.19797581948346
1988700,6.059020082047713,6.5632446764705055,423701.7747846005,8.197997950293182
1988800,6.059045588386298,6.563286518359258,423704.07152119896,8.198041799690358
1988900,6.0590710406491075,6.563320209398562,423706.0806618004,8.198077903563645
1989000,6.059098582313487,6.5633584590816,423708.05586331314,8.198116771397789
1989100,6.059131150743383,6.563396985396701,423710.26409125974,8.19815217427383
1989200,6.059167023944074,6.563437334218766,423712.3982288988,8.198202059000444
1989300,6.059196159371505,6.563477435017129,423714.62490045617,8.1982380360593
1989400,6.0592233306128,6.563507006424049,423716.55347625614,8.198261586616567
1989500,6.059258932673109,6.563532588143744,423718.76522838615,8.198309708177014
1989600,6.059287622671604,6.5635730377468064,423720.73853224557,8.19836034743879
1989700,6.059318994674144,6.563596976170933,423722.9753693279,8.198401834350546
1989800,6.059354311633983,6.563623207905574,423724.95780818886,8.19844627993668
1989900,6.059385583724881,6.563662606418582,423726.984013927,8.198471772373269
1990000,6.059411998895021,6.563701739495971,423729.3254198245,8.198512174576429
1990100,6.059444701921517,6.563738062216649,423731.4919138099,8.198561041280891
1990200,6.059479559766863,6.563778104119154,423733.49162336806,8.198608147184022
1990300,6.059506850709763,6.5638197509381575,423735.41262647015,8.19865876804097
1990400,6.059537072466219,6.563841926259317,423737.69682342437,8.198681034952989
1990500,6.059565791073604,6.563871285105764,423740.0585095033,8.198709875505935
1990600,6.059600368282254,6.563901104374021,423742.33096803963,8.198736458188652
1990700,6.059631409070685,6.5639234159698905,423744.5203523354,8.19877436581272
1990800,6.059658758073498,6.563960357219715,423746.6342334981,8.198817070385202
1990900,6.059684871591019,6.563987822291389,423748.6246998965,8.198843822893156
1991000,6.059715854533434,6.564026674564029,423750.9014674324,8.198871694939019
1991100,6.059744780509636,6.564065957654927,423753.0325241632,8.19890707149928
1991200,6.05978036864727,6.564095652330345,423755.23249712103,8.1989510571443
1991300,6.059805935173274,6.564134333183415,423757.3619198343,8.198998249611089
1991400,6.059832892607308,6.5641639680325365,423759.3084155265,8.199045663159815
1991500,6.059860295948483,6.564193441189602,423761.34239312704,8.199072049029835
1991600,6.0598898315288,6.564217584478332,423763.31502920954,8.199122410626497
1991700,6.059924776835232,6.564241302492119,423765.2811636261,8.199170391625218
1991800,6.059956045182923,6.564272678077269,423767.4810893913,8.199201996988208
1991900,6.059984612532946,6.564294927467327,423769.5593252343,8.19923817650168
1992000,6.0600135878771555,6.564321703622675,423771.6120887173,8.199276363626186
1992100,6.060048148747693,6.56434689175073,423773.6950343754,8.199301439149774
1992200,6.060075030336872,6.56437980667494,423775.9847316777,8.199341437428288
1992300,6.060100146196364,6.56441246079374,423777.9884407675,8.19939236417825
1992400,6.060128479370607,6.564438330496264,423780.0913994784,8.199438914835172
1992500,6.060156022732734,6.564469335624124,423782.2794094685,8.199479094856583
1992600,6.060186516601655,6.564494709930874,423784.23296597344,8.199509578913002
1992700,6.060217496031361,6.564522149611228,423786.5689848242,8.199555047083932
1992800,6.060249583475086,6.564564000430039,423788.7804602375,8.199605074175773
1992900,6.060281011089816,6.5645943255078985,423790.7478847043,8.199627041894157
1993000,6.0603160043836155,6.5646263308566395,423793.10548627976,8.199652230161105
1993100,6.0603493494729825,6.564669452607075,423795.1914995454,8.199688531419026
1993200,6.060375214702866,6.564710761536697,423797.1614782025,8.199722674285866
1993300,6.060400177928805,6.564741401549115,423799.0668138146,8.199765657404054
1993400,6.060432770482063,6.564779033103564,423801.0472858824,8.19979511557884
1993500,6.0604598753645105,6.564803594952562,423803.1115415605,8.199825433656466
1993600,6.060487848717114,6.564831440629871,423805.18736774573,8.19985784441675
1993700,6.060519476271506,6.564873695773629,423807.1618721086,8.199896701430923
1993800,6.060554749591239,6.564909339908953,423809.2388924002,8.199924365488657
1993900,6.060588731324171,6.564945416485715,423811.34201039455,8.199951417777747
1994000,6.060619393462075,6.564984647332651,423813.68229850725,8.199995108874523
1994100,6.060646228964556,6.565015645678337,423815.9047526578,8.200030000996115
1994200,6.060677361377043,6.565051197273562,423818.15069486026,8.200055213814416
1994300,6.060712889875133,6.5650894274263765,423820.4047424622,8.200090444333938
1994400,6.060740001107454,6.565130039675559,423822.36638160085,8.200140827313621
1994500,6.060774276950146,6.565170377962356,423824.6822195978,8.200167978265869
1994600,6.060799667150529,6.565197793369464,423826.5791683312,8.200195644378248
1994700,6.0608275097870985,6.565226918032579,423828.4819172507,8.200236101321662
1994800,6.060856215027041,6.565255435961471,423830.62045310845,8.200285715786059
1994900,6.060888125407997,6.565289071282189,423832.8425348569,8.200323195183614
1995000,6.06091720593049,6.5653128058408665,423834.98756227427,8.200355398519878
1995100,6.060943274987796,6.565349385647995,423837.2612041427,8.200396803767548
1995200,6.0609706674341215,6.5653756177437845,423839.5419915528,8.200431424624185
1995300,6.060998333480483,6.56541426265379,423841.8486903493,8.200477312448797
1995400,6.0610296845051925,6.56544071308386,423843.85137639847,8.200512269370309
1995500,6.061060715911723,6.565467455352845,423846.17217175383,8.200545414530625
1995600,6.0610885635420315,6.565507497915073,423848.47501628497,8.200584680677837
1995700,6.061119513798188,6.565548059116646,423850.70554832614,8.20060720898509
1995800,6.061152443107847,6.565585613996678,423852.7416910305,8.200636657570822
1995900,6.061180787609413,6.565613703993002,423855.0057668152,8.200679305453496
1996000,6.061213141567988,6.565645671748966,423857.1215342603,8.20072853465119
1996100,6.061244017465753,6.565681300710491,423859.19176434114,8.200769141866417
1996200,6.061268599954358,6.565708184655743,423861.5046736243,8.200804313295318
1996300,6.06130122029424,6.565742733966284,423863.60947368236,8.200854427821316
1996400,6.061327151907187,6.565771822024876,423865.7270717012,8.200896425198854
1996500,6.061360121576504,6.56580581780683,423867.86212242563,8.20094410235718
1996600,6.061391559079848,6.565828479798653,423870.1213859159,8.200986728384056
1996700,6.061423763995788,6.565856230990401,423872.149155982,8.201022387594751
1996800,6.061452548980666,6.5658940819313045,423874.4675565913,8.201068852243587
1996900,6.061481083824077,6.56592111723582,423876.62514090206,8.20109974566056
1997000,6.0615066304121195,6.565959513721694,423878.6592981013,8.201143336698646
1997100,6.061534351149918,6.565987493309901,423880.70414266235,8.201181469190429
1997200,6.061559820546492,6.566027598930663,423882.9529209789,8.201214109814435
1997300,6.061594256939564,6.566056701202709,423885.1176376945,8.201262258858792
1997400,6.061628664627979,6.566082681095648,423887.38117440644,8.201311460262268
1997500,6.061656603656654,6.566119699277958,423889.4310575948,8.201344694119946
1997600,6.061685641490078,6.566156356034795,423891.4162936781,8.201387531188379
1997700,6.061716735834672,6.566198453684996,423893.4530264935,8.2014308688183
1997800,6.061743133288259,6.566237546122646,423895.4078547187,8.201474576029435
1997900,6.061775814725265,6.566275065780802,423897.5113039522,8.201520937735863
1998000,6.061806537118871,6.566308974729605,423899.37620906264,8.20154260323449
1998100,6.061839885353518,6.5663493888073825,423901.29313467053,8.201587834533798
1998200,6.06186802300658,6.566382945156121,423903.4450145291,8.201614119739801
1998300,6.061899228078452,6.566406290038039,423905.35074995225,8.20164944984476
1998400,6.061930997287622,6.566441193585929,423907.3974040409,8.201688105552966
1998500,6.061955858788628,6.566480541736807,423909.6973595042,8.201722365267123
1998600,6.061989566305918,6.566514179966709,423911.66223118495,8.201743252206949
1998700,6.062020055685211,6.566551682391647,423913.80986254505,8.201782750018072
1998800,6.062050452345151,6.566582834253099,423915.9440468994,8.201825389387317
1998900,6.062075359535363,6.566609347263541,423917.82844140497,8.201866534883447
1999000,6.062103461022999,6.566649050974518,423919.9442105597,8.201915514460879
1999100,6.062131944833564,6.5666879413854975,423922.1827067944,8.201952812335913
1999200,6.062161260319679,6.566728122926034,423924.04393095017,8.201973629421731
1999300,6.062188122374808,6.566757344990658,423925.9536754464,8.201999413499912
1999400,6.062218393480711,6.566789727080784,423928.02388385596,8.20203677249858
1999500,6.062243855269491,6.5668136047346035,423930.2628022962,8.202071222211133
1999600,6.062271949165199,6.566837901739092,423932.4852991738,8.202119657298633
1999700,6.062302349540956,6.566873509133232,423934.5941768482,8.20216697396803
1999800,6.062333418258797,6.566910643484329,423936.77313466853,8.202201883522301
1999900,6.062363454941002,6.566948070031962,423938.63506227,8.202250887068477
